1.001	0	4	NAN	
2.1	0	4	NAN	
3.2	0.0015	4	NAN	
4.3	-0.0015	4	NAN	
5.4	0.0015	4	NAN	
6.5	0	4	NAN	
7.6	0	4	NAN	
8.7	0	4	NAN	
9.8	-0.03	8.5	NAN	
10.9	-0.0885	23	NAN	
12	-0.1425	38.5	NAN	
13.1	-0.207	60	NAN	
14.2	-0.2895	91.5	NAN	
15.3	-0.342	115	NAN	
16.4	-0.4005	143	NAN	
17.5	-0.456	166	NAN	
18.6	-0.5115	190	NAN	
19.7	-0.558	213	NAN	
20.8	-0.5925	227	NAN	
21.9	-0.648	251.5	NAN	
23	-0.69	270	NAN	
24.1	-0.735	289	NAN	
25.2	-0.765	301.5	NAN	
26.3	-0.834	329.5	NAN	
27.4	-0.8955	355.5	NAN	
28.5	-0.96	380.5	NAN	
29.6	-1.0035	399	NAN	
30.7	-1.0455	415	NAN	
31.8	-1.0815	430.5	NAN	
32.9	-1.119	444.5	NAN	
34	-1.1385	451	NAN	
35.1	-1.1595	460.5	NAN	
36.2	-1.176	467	NAN	
37.3	-1.197	474.5	NAN	
38.4	-1.215	480	NAN	
39.5	-1.233	487.5	NAN	
40.6	-1.254	494	NAN	
41.7	-1.272	500.5	NAN	
42.8	-1.287	506.5	NAN	
43.9	-1.3035	512.5	NAN	
45	-1.3215	518.5	NAN	
46.1	-1.3335	523	NAN	
47.2	-1.3455	526.5	NAN	
48.3	-1.365	533.5	NAN	
49.4	-1.38	538.5	NAN	
50.5	-1.3935	543.5	NAN	
51.6	-1.413	549.5	NAN	
52.7	-1.431	555.5	NAN	
53.8	-1.446	560	NAN	
54.9	-1.467	567	NAN	
56	-1.482	573	NAN	
57.1	-1.503	579.5	NAN	
58.2	-1.521	586	NAN	
59.3	-1.545	593	NAN	
60.4	-1.5615	599	NAN	
61.5	-1.5645	600	NAN	
62.6	-1.5975	609.5	NAN	
63.7	-1.6155	616	NAN	
64.8	-1.629	621	NAN	
65.9	-1.65	627.5	NAN	
67	-1.665	631.5	NAN	
68.1	-1.674	635	NAN	
69.2	-1.689	639.5	NAN	
70.3	-1.704	644	NAN	
71.4	-1.7325	652	NAN	
72.5	-1.7505	658.5	NAN	
73.6	-1.764	662	NAN	
74.7	-1.7685	664	NAN	
75.8	-1.7805	667.5	NAN	
76.9	-1.7895	670	NAN	
78	-1.8015	673.5	NAN	
79.1	-1.818	678.5	NAN	
80.2	-1.845	686.5	NAN	
81.3	-1.8645	692	NAN	
82.4	-1.878	697	NAN	
83.5	-1.8975	702.5	NAN	
84.6	-1.9065	705	NAN	
85.7	-1.932	711.5	NAN	
86.8	-1.9515	718	NAN	
87.9	-1.968	723	NAN	
89	-1.9815	726	NAN	
90.1	-2.0055	732.5	NAN	
91.2	-2.0145	735.5	NAN	
92.3	-2.0175	736.5	NAN	
93.4	-2.0265	739	NAN	
94.5	-2.04	742.5	NAN	
95.6	-2.0415	743.5	NAN	
96.7	-2.0505	745.5	NAN	
97.8	-2.061	747	NAN	
98.9	-2.085	754	NAN	
100	-2.0985	758	NAN	
101.1	-2.115	763	NAN	
102.2	-2.139	769.5	NAN	
103.3	-2.1495	772.5	NAN	
104.4	-2.088	767	NAN	
105.5	-2.0985	767.5	NAN	
106.6	-2.2485	797.5	NAN	
107.7	-2.25	798.5	NAN	
108.8	-2.2515	798.5	NAN	
109.9	-2.265	801.5	NAN	
111	-2.283	806.5	NAN	
112.1	-2.301	810.5	NAN	
113.2	-2.316	814.5	NAN	
114.3	-2.337	819.5	NAN	
115.4	-2.364	826.5	NAN	
116.5	-2.367	827	NAN	
117.6	-2.379	830	NAN	
118.7	-2.388	832.5	NAN	
119.8	-2.397	834	NAN	
120.9	-2.4135	838	NAN	
122	-2.415	839	NAN	
123.1	-2.424	840.5	NAN	
124.2	-2.4345	843	NAN	
125.3	-2.4495	846	NAN	
126.4	-2.4555	848	NAN	
127.5	-2.463	850	NAN	
128.6	-2.469	851	NAN	
129.7	-2.493	855.5	NAN	
130.8	-2.5065	858.5	NAN	
131.9	-2.52	862	NAN	
133	-2.526	864	NAN	
134.1	-2.5305	864.5	NAN	
135.2	-2.538	866	NAN	
136.3	-2.5485	868.5	NAN	
137.4	-2.5695	872.5	NAN	
138.5	-2.583	875.5	NAN	
139.6	-2.589	878	NAN	
140.7	-2.6085	881	NAN	
141.8	-2.628	885.5	NAN	
142.9	-2.643	888	NAN	
144	-2.6595	892	NAN	
145.1	-2.673	894	NAN	
146.2	-2.685	897	NAN	
147.3	-2.703	901	NAN	
148.4	-2.7225	904	NAN	
149.5	-2.7345	906.5	NAN	
150.6	-2.7555	910	NAN	
151.7	-2.763	912	NAN	
152.8	-2.775	914	NAN	
153.9	-2.7855	915.5	NAN	
155	-2.7945	918	NAN	
156.1	-2.805	919.5	NAN	
157.2	-2.811	921	NAN	
158.3	-2.8215	923	NAN	
159.4	-2.826	923.5	NAN	
160.5	-2.829	924.5	NAN	
161.6	-2.847	927	NAN	
162.7	-2.856	929	NAN	
163.81	-2.871	931.5	NAN	
164.9	-2.874	932	NAN	
166	-2.8875	935	NAN	
167.1	-2.895	936	NAN	
168.2	-2.895	936	NAN	
169.3	-2.9085	938	NAN	
170.4	-2.916	939.5	NAN	
171.5	-2.922	940.5	NAN	
172.6	-2.928	941.5	NAN	
173.7	-2.9385	943.5	NAN	
174.8	-2.9475	945	NAN	
175.9	-2.9565	946.5	NAN	
177	-2.9625	947.5	NAN	
178.1	-2.967	948.5	NAN	
179.2	-2.976	949.5	NAN	
180.3	-2.9835	951	NAN	
181.4	-2.991	952	NAN	
182.5	-3	953.5	NAN	
183.6	-3.012	955.5	NAN	
184.7	-3.0225	957	NAN	
185.8	-3.033	959	NAN	
186.9	-3.042	960.5	NAN	
188	-3.0555	962	NAN	
189.1	-3.066	964.5	NAN	
190.2	-3.0675	966	NAN	
191.3	-3.0645	968	NAN	
192.4	-3.066	969	NAN	
193.5	-3.066	972	NAN	
194.6	-3.066	974	NAN	
195.7	-3.0675	977.5	NAN	
196.8	-3.066	980	NAN	
197.9	-3.066	984	NAN	
199	-3.066	986.5	NAN	
200.1	-3.0675	988.5	NAN	
201.2	-3.066	991.5	NAN	
202.3	-3.0675	991.5	NAN	
203.4	-3.066	991.5	NAN	
204.5	-3.0675	990	NAN	
205.6	-3.066	988.5	NAN	
206.7	-3.066	985.5	NAN	
207.8	-3.066	982.5	NAN	
208.9	-3.0675	980	NAN	
210	-3.0645	978.5	NAN	
211.1	-3.042	974	NAN	
212.2	-3.0105	971	NAN	
213.3	-2.9775	968	NAN	
214.4	-2.949	965	NAN	
215.5	-2.9175	961.5	NAN	
216.6	-2.895	959	NAN	
217.7	-2.871	956.5	NAN	
218.8	-2.847	953.5	NAN	
219.9	-2.8125	949.5	NAN	
221	-2.799	947.5	NAN	
222.1	-2.793	947	NAN	
223.2	-2.7735	944.5	NAN	
224.3	-2.763	943.5	NAN	
225.4	-2.7645	943	NAN	
226.5	-2.7645	943	NAN	
227.6	-2.7645	943	NAN	
228.7	-2.7615	943	NAN	
229.8	-2.751	941.5	NAN	
230.9	-2.739	940	NAN	
232	-2.7255	938	NAN	
233.1	-2.712	936.5	NAN	
234.2	-2.6955	934	NAN	
235.3	-2.682	932	NAN	
236.4	-2.6685	930	NAN	
237.5	-2.655	928.5	NAN	
238.6	-2.6355	925	NAN	
239.7	-2.622	923	NAN	
240.8	-2.6025	920	NAN	
241.9	-2.6115	920	NAN	
243	-2.607	920	NAN	
244.1	-2.592	918.5	NAN	
245.2	-2.5695	915	NAN	
246.3	-2.5635	914	NAN	
247.4	-2.5455	911.5	NAN	
248.5	-2.535	909.5	NAN	
249.6	-2.508	905.5	NAN	
250.7	-2.4885	902	NAN	
251.8	-2.475	899.5	NAN	
252.9	-2.442	893.5	NAN	
254	-2.427	891	NAN	
255.1	-2.409	888	NAN	
256.2	-2.3925	884.5	NAN	
257.3	-2.382	883	NAN	
258.4	-2.367	880	NAN	
259.5	-2.367	879.5	NAN	
260.6	-2.3445	876	NAN	
261.7	-2.3445	875.5	NAN	
262.8	-2.3355	874.5	NAN	
263.9	-2.3295	872.5	NAN	
265	-2.3205	870.5	NAN	
266.1	-2.3115	869	NAN	
267.2	-2.3085	868.5	NAN	
268.3	-2.298	866.5	NAN	
269.4	-2.295	866	NAN	
270.5	-2.289	865	NAN	
271.6	-2.28	862.5	NAN	
272.7	-2.2695	860.5	NAN	
273.8	-2.268	860	NAN	
274.9	-2.2575	858.5	NAN	
276	-2.2575	858	NAN	
277.1	-2.253	857.5	NAN	
278.2	-2.2545	857	NAN	
279.3	-2.2545	857	NAN	
280.4	-2.253	857	NAN	
281.5	-2.2545	857.5	NAN	
282.6	-2.2545	857.5	NAN	
283.7	-2.2485	856	NAN	
284.8	-2.235	853.5	NAN	
285.9	-2.217	850	NAN	
287	-2.1945	844.5	NAN	
288.1	-2.175	840.5	NAN	
289.2	-2.157	836.5	NAN	
290.3	-2.1405	832.5	NAN	
291.4	-2.118	828	NAN	
292.5	-2.106	825	NAN	
293.6	-2.1015	824	NAN	
294.7	-2.0865	820.5	NAN	
295.8	-2.082	819	NAN	
296.9	-2.058	813.5	NAN	
298	-2.0415	809.5	NAN	
299.1	-2.019	805	NAN	
300.2	-1.9935	798.5	NAN	
301.3	-1.953	788	NAN	
302.4	-1.926	782	NAN	
303.5	-1.911	777.5	NAN	
304.6	-1.8705	767.5	NAN	
305.7	-1.845	760	NAN	
306.8	-1.812	752	NAN	
307.9	-1.776	742.5	NAN	
309	-1.749	735.5	NAN	
310.1	-1.722	727.5	NAN	
311.2	-1.701	721.5	NAN	
312.3	-1.668	712.5	NAN	
313.4	-1.6365	703.5	NAN	
314.5	-1.626	700	NAN	
315.6	-1.6245	699	NAN	
316.7	-1.6155	697	NAN	
317.8	-1.611	696	NAN	
318.9	-1.6035	693	NAN	
320	-1.584	689	NAN	
321.1	-1.572	683.5	NAN	
322.2	-1.569	682.5	NAN	
323.3	-1.5465	677	NAN	
324.4	-1.5315	672.5	NAN	
325.5	-1.5195	669	NAN	
326.6	-1.5105	666.5	NAN	
327.7	-1.5105	665.5	NAN	
328.8	-1.5	662.5	NAN	
329.9	-1.4925	660	NAN	
331	-1.488	659.5	NAN	
332.1	-1.4805	657.5	NAN	
333.2	-1.47	654	NAN	
334.3	-1.4655	652.5	NAN	
335.4	-1.449	647.5	NAN	
336.5	-1.4475	647	NAN	
337.6	-1.4445	645.5	NAN	
338.7	-1.4265	640.5	NAN	
339.8	-1.4235	639.5	NAN	
340.9	-1.422	639	NAN	
342	-1.407	634.5	NAN	
343.1	-1.401	633.5	NAN	
344.2	-1.392	630.5	NAN	
345.3	-1.3695	624.5	NAN	
346.4	-1.362	621	NAN	
347.5	-1.3605	620.5	NAN	
348.6	-1.3575	619.5	NAN	
349.7	-1.3755	621.5	NAN	
350.8	-1.377	621.5	NAN	
351.9	-1.3755	621.5	NAN	
353	-1.374	621	NAN	
354.1	-1.374	621.5	NAN	
355.2	-1.3665	620.5	NAN	
356.3	-1.3635	620	NAN	
357.4	-1.356	619	NAN	
358.5	-1.3365	613.5	NAN	
359.6	-1.3215	608.5	NAN	
360.7	-1.3095	604.5	NAN	
361.8	-1.29	599	NAN	
362.9	-1.281	596	NAN	
364	-1.251	586	NAN	
365.1	-1.233	580	NAN	
366.2	-1.2075	573	NAN	
367.3	-1.197	569	NAN	
368.4	-1.1895	566	NAN	
369.5	-1.185	565	NAN	
370.6	-1.1895	565	NAN	
371.7	-1.182	564	NAN	
372.8	-1.1805	563.5	NAN	
373.9	-1.1865	564	NAN	
375	-1.2	565.5	NAN	
376.1	-1.212	567	NAN	
377.2	-1.233	570.5	NAN	
378.3	-1.2345	570.5	NAN	
379.4	-1.2195	568.5	NAN	
380.5	-1.2	566.5	NAN	
381.6	-1.179	562.5	NAN	
382.7	-1.1565	555.5	NAN	
383.8	-1.1355	548.5	NAN	
384.9	-1.128	546	NAN	
386	-1.1085	540	NAN	
387.1	-1.0965	535	NAN	
388.2	-1.0845	531	NAN	
389.3	-1.077	528.5	NAN	
390.4	-1.0635	525.5	NAN	
391.5	-1.05	519.5	NAN	
392.6	-1.029	512.5	NAN	
393.7	-1.0095	506	NAN	
394.8	-1.0035	504	NAN	
395.9	-0.9945	500.5	NAN	
397	-0.9795	495.5	NAN	
398.1	-0.96	489.5	NAN	
399.2	-0.945	482	NAN	
400.3	-0.9375	480	NAN	
401.4	-0.93	477.5	NAN	
402.5	-0.9075	470.5	NAN	
403.6	-0.894	465	NAN	
404.7	-0.8865	462	NAN	
405.8	-0.873	457	NAN	
406.9	-0.8535	451	NAN	
408	-0.843	447	NAN	
409.1	-0.831	442	NAN	
410.2	-0.816	437	NAN	
411.3	-0.795	429	NAN	
412.4	-0.78	423	NAN	
413.5	-0.7575	415	NAN	
414.6	-0.7275	403.5	NAN	
415.7	-0.699	393.5	NAN	
416.8	-0.6765	383.5	NAN	
417.9	-0.6315	366.5	NAN	
419	-0.6165	360.5	NAN	
420.1	-0.6135	358.5	NAN	
421.2	-0.597	351.5	NAN	
422.3	-0.582	346.5	NAN	
423.4	-0.57	340.5	NAN	
424.5	-0.5535	333	NAN	
425.6	-0.5385	327	NAN	
426.7	-0.522	320	NAN	
427.8	-0.5205	319.5	NAN	
428.9	-0.507	313.5	NAN	
430	-0.504	311.5	NAN	
431.1	-0.4905	306.5	NAN	
432.2	-0.48	302	NAN	
433.3	-0.4755	300	NAN	
434.4	-0.4635	294	NAN	
435.5	-0.4485	287.5	NAN	
436.6	-0.423	277	NAN	
437.7	-0.4125	270	NAN	
438.8	-0.3915	261.5	NAN	
439.9	-0.378	255.5	NAN	
441	-0.3525	244	NAN	
442.1	-0.33	233.5	NAN	
443.2	-0.3195	227.5	NAN	
444.3	-0.315	226	NAN	
445.4	-0.2895	213.5	NAN	
446.5	-0.27	205.5	NAN	
447.6	-0.255	197.5	NAN	
448.7	-0.234	187	NAN	
449.8	-0.207	174	NAN	
450.9	-0.1845	164	NAN	
452	-0.1605	151	NAN	
453.1	-0.144	145	NAN	
454.2	-0.1335	138	NAN	
455.3	-0.129	137	NAN	
456.4	-0.117	131	NAN	
457.5	-0.1155	130	NAN	
458.6	-0.102	124	NAN	
459.7	-0.0705	108.5	NAN	
460.8	-0.0645	105.5	NAN	
461.9	-0.0555	100.5	NAN	
463	-0.0375	93.5	NAN	
464.1	-0.0195	85	NAN	
465.2	0.0015	74	NAN	
466.3	0	73.5	NAN	
467.4	0.0015	74	NAN	
468.5	-0.0015	74	NAN	
469.6	-0.0015	74	NAN	
470.7	0	73.5	NAN	
471.8	0	73.5	NAN	
472.9	-0.0015	73.5	NAN	
474	0	74	NAN	
475.1	0	73.5	NAN	
476.2	0	73.5	NAN	
477.3	0.0015	73.5	NAN	
478.4	0	73.5	NAN	
479.5	0	73.5	NAN	
480.6	-0.0015	73.5	NAN	
481.7	0	73.5	NAN	
482.8	0.0645	47.5	NAN	
483.9	0.1365	12.5	NAN	
485	0.1905	-15	NAN	
486.1	0.2205	-30.5	NAN	
487.2	0.237	-38.5	NAN	
488.3	0.2625	-51	NAN	
489.4	0.288	-63.5	NAN	
490.5	0.315	-74.5	NAN	
491.6	0.33	-83	NAN	
492.7	0.366	-98	NAN	
493.8	0.3945	-113	NAN	
494.9	0.4155	-122	NAN	
496	0.4395	-134	NAN	
497.1	0.4665	-145	NAN	
498.2	0.4875	-155	NAN	
499.3	0.51	-166	NAN	
500.4	0.543	-179.5	NAN	
501.5	0.573	-194	NAN	
502.6	0.6045	-208	NAN	
503.7	0.6285	-219.5	NAN	
504.8	0.657	-231	NAN	
505.9	0.681	-242	NAN	
507	0.7125	-256	NAN	
508.1	0.7545	-274	NAN	
509.2	0.7575	-277	NAN	
510.3	0.777	-285	NAN	
511.4	0.804	-296.5	NAN	
512.5	0.834	-309	NAN	
513.6	0.861	-321	NAN	
514.7	0.873	-327	NAN	
515.8	0.885	-331.5	NAN	
516.9	0.918	-344	NAN	
518	0.942	-354.5	NAN	
519.1	0.9675	-365.5	NAN	
520.2	1.005	-380.5	NAN	
521.3	1.0575	-400	NAN	
522.4	1.1025	-419.5	NAN	
523.5	1.1325	-431.5	NAN	
524.6	1.185	-448.5	NAN	
525.7	1.2225	-465.5	NAN	
526.8	1.248	-477	NAN	
527.9	1.299	-489.5	NAN	
529	1.317	-501.5	NAN	
530.1	1.3485	-511	NAN	
531.2	1.407	-529	NAN	
532.3	1.428	-542	NAN	
533.4	1.4535	-549.5	NAN	
534.5	1.4715	-553	NAN	
535.6	1.4895	-563.5	NAN	
536.7	1.515	-566	NAN	
537.8	1.5375	-579.5	NAN	
538.9	1.554	-586.5	NAN	
540	1.572	-591	NAN	
541.1	1.6155	-602.5	NAN	
542.2	1.6245	-600.5	NAN	
543.3	1.6365	-606.5	NAN	
544.4	1.641	-610	NAN	
545.5	1.6725	-620	NAN	
546.6	1.6995	-624.5	NAN	
547.7	1.7295	-641.5	NAN	
548.8	1.7325	-639	NAN	
549.9	1.7805	-652.5	NAN	
551	1.806	-657.5	NAN	
552.1	1.818	-667	NAN	
553.2	1.8345	-666	NAN	
554.3	1.8465	-676	NAN	
555.4	1.8465	-678	NAN	
556.5	1.86	-674.5	NAN	
557.6	1.8975	-688	NAN	
558.7	1.9215	-690	NAN	
559.8	1.935	-704	NAN	
560.9	1.9545	-698.5	NAN	
562	1.983	-713.5	NAN	
563.1	1.9875	-718.5	NAN	
564.2	1.9995	-717.5	NAN	
565.3	2.016	-723	NAN	
566.4	2.0205	-718.5	NAN	
567.5	2.037	-723	NAN	
568.6	2.1195	-747	NAN	
569.7	2.1645	-760	NAN	
570.8	2.199	-773	NAN	
571.9	2.2155	-777.5	NAN	
573	2.22	-779	NAN	
574.1	2.2365	-783	NAN	
575.2	2.268	-793	NAN	
576.3	2.2875	-798.5	NAN	
577.4	2.307	-800.5	NAN	
578.5	2.3175	-801	NAN	
579.6	2.3175	-802	NAN	
580.7	2.3385	-809	NAN	
581.8	2.346	-804.5	NAN	
582.9	2.3595	-806.5	NAN	
584	2.3625	-816	NAN	
585.1	2.3745	-818.5	NAN	
586.2	2.379	-813.5	NAN	
587.3	2.385	-816	NAN	
588.4	2.3925	-818	NAN	
589.5	2.394	-821	NAN	
590.6	2.4015	-824.5	NAN	
591.7	2.4075	-824	NAN	
592.8	2.4075	-819	NAN	
593.9	2.4105	-827	NAN	
595	2.4075	-825	NAN	
596.1	2.4075	-818.5	NAN	
597.2	2.427	-825	NAN	
598.3	2.4375	-831	NAN	
599.4	2.448	-830.5	NAN	
600.5	2.454	-830	NAN	
601.6	2.4555	-832.5	NAN	
602.7	2.46	-839.5	NAN	
603.8	2.4585	-831	NAN	
604.9	2.46	-831.5	NAN	
606	2.46	-839	NAN	
607.1	2.478	-839.5	NAN	
608.2	2.4945	-846	NAN	
609.3	2.502	-848	NAN	
610.4	2.511	-850.5	NAN	
611.5	2.5335	-849	NAN	
612.6	2.5395	-854.5	NAN	
613.7	2.55	-851	NAN	
614.8	2.5635	-852.5	NAN	
615.9	2.571	-863.5	NAN	
617	2.577	-854.5	NAN	
618.1	2.5815	-866	NAN	
619.2	2.5815	-857.5	NAN	
620.3	2.586	-857	NAN	
621.4	2.5905	-860	NAN	
622.5	2.592	-864	NAN	
623.6	2.61	-870	NAN	
624.7	2.6145	-866.5	NAN	
625.8	2.6145	-872	NAN	
626.9	2.613	-872.5	NAN	
628	2.6265	-871.5	NAN	
629.1	2.6325	-874	NAN	
630.2	2.643	-871	NAN	
631.3	2.655	-880.5	NAN	
632.4	2.664	-874.5	NAN	
633.5	2.6655	-874	NAN	
634.6	2.676	-882.5	NAN	
635.7	2.688	-886.5	NAN	
636.8	2.691	-878.5	NAN	
637.9	2.715	-893	NAN	
639	2.73	-896	NAN	
640.1	2.7375	-888	NAN	
641.2	2.742	-895	NAN	
642.3	2.7555	-900	NAN	
643.4	2.757	-901	NAN	
644.5	2.757	-901	NAN	
645.6	2.7615	-902	NAN	
646.7	2.7705	-901.5	NAN	
647.8	2.7855	-900	NAN	
648.9	2.793	-901.5	NAN	
650	2.808	-907.5	NAN	
651.1	2.8245	-906	NAN	
652.2	2.8395	-916	NAN	
653.3	2.862	-917	NAN	
654.4	2.8605	-920	NAN	
655.5	2.9025	-921.5	NAN	
656.6	2.9175	-930	NAN	
657.7	2.94	-933.5	NAN	
658.8	2.9475	-927.5	NAN	
659.9	2.955	-933	NAN	
661	2.9625	-929.5	NAN	
662.1	2.97	-936	NAN	
663.2	2.985	-941	NAN	
664.3	2.997	-937.5	NAN	
665.4	3.0015	-934	NAN	
666.5	3.0045	-934	NAN	
667.6	3.003	-934	NAN	
668.7	3.012	-944.5	NAN	
669.8	3.021	-940	NAN	
670.9	3.039	-944.5	NAN	
672	3.057	-948	NAN	
673.1	3.0645	-953	NAN	
674.2	3.0765	-947.5	NAN	
675.3	3.087	-949	NAN	
676.4	3.087	-960.5	NAN	
677.5	3.087	-958.5	NAN	
678.6	3.087	-959.5	NAN	
679.7	3.0885	-959.5	NAN	
680.8	3.087	-965	NAN	
681.9	3.0855	-962	NAN	
683	3.087	-960.5	NAN	
684.1	3.087	-969.5	NAN	
685.2	3.087	-962	NAN	
686.3	3.087	-961.5	NAN	
687.4	3.0855	-958	NAN	
688.5	3.0855	-954.5	NAN	
689.6	3.0705	-962	NAN	
690.7	3.054	-954	NAN	
691.8	3.042	-959.5	NAN	
692.9	3.033	-949.5	NAN	
694	3.0315	-950.5	NAN	
695.1	3.0315	-958.5	NAN	
696.2	3.0315	-958.5	NAN	
697.3	3.0225	-949	NAN	
698.4	3.0015	-955.5	NAN	
699.5	2.997	-952	NAN	
700.6	2.973	-946.5	NAN	
701.7	2.97	-952.5	NAN	
702.8	2.964	-944.5	NAN	
703.9	2.958	-943	NAN	
705	2.94	-949.5	NAN	
706.1	2.9295	-942	NAN	
707.2	2.9295	-946.5	NAN	
708.3	2.9085	-947	NAN	
709.4	2.901	-945	NAN	
710.5	2.895	-938.5	NAN	
711.6	2.8755	-935.5	NAN	
712.7	2.8695	-940	NAN	
713.8	2.853	-940	NAN	
714.9	2.85	-931.5	NAN	
716	2.844	-930.5	NAN	
717.1	2.8395	-929.5	NAN	
718.2	2.835	-937.5	NAN	
719.3	2.8245	-934	NAN	
720.4	2.8185	-929	NAN	
721.5	2.8095	-928.5	NAN	
722.6	2.799	-924.5	NAN	
723.7	2.7825	-928.5	NAN	
724.8	2.775	-922	NAN	
725.9	2.769	-930	NAN	
727	2.763	-930.5	NAN	
728.1	2.7585	-929.5	NAN	
729.2	2.7465	-925	NAN	
730.3	2.739	-924	NAN	
731.4	2.7345	-919	NAN	
732.5	2.733	-922.5	NAN	
733.6	2.7255	-922.5	NAN	
734.7	2.727	-918	NAN	
735.8	2.727	-925	NAN	
736.9	2.7285	-919	NAN	
738	2.7285	-925	NAN	
739.1	2.7315	-920.5	NAN	
740.2	2.73	-925.5	NAN	
741.3	2.709	-920	NAN	
742.4	2.697	-911.5	NAN	
743.5	2.691	-911	NAN	
744.6	2.688	-916.5	NAN	
745.7	2.685	-915.5	NAN	
746.8	2.682	-918.5	NAN	
747.9	2.664	-916	NAN	
749	2.6415	-912.5	NAN	
750.1	2.6175	-900.5	NAN	
751.2	2.6025	-908	NAN	
752.3	2.5905	-903	NAN	
753.4	2.5785	-895	NAN	
754.5	2.5695	-893.5	NAN	
755.6	2.565	-902	NAN	
756.7	2.559	-892	NAN	
757.8	2.5515	-892	NAN	
758.9	2.541	-899	NAN	
760	2.5395	-888.5	NAN	
761.1	2.5365	-895	NAN	
762.2	2.496	-890.5	NAN	
763.3	2.4795	-888.5	NAN	
764.4	2.4705	-883	NAN	
765.5	2.4585	-877	NAN	
766.6	2.457	-875	NAN	
767.7	2.451	-879	NAN	
768.8	2.4345	-874.5	NAN	
769.9	2.43	-873	NAN	
771	2.4285	-873.5	NAN	
772.1	2.424	-870	NAN	
773.2	2.4225	-869	NAN	
774.3	2.4225	-869	NAN	
775.4	2.421	-878	NAN	
776.5	2.4165	-868.5	NAN	
777.6	2.4135	-873.5	NAN	
778.7	2.409	-870	NAN	
779.8	2.406	-867.5	NAN	
780.9	2.403	-875.5	NAN	
782	2.4045	-868.5	NAN	
783.1	2.403	-868	NAN	
784.2	2.4015	-872	NAN	
785.3	2.3925	-870	NAN	
786.4	2.388	-866	NAN	
787.5	2.3895	-872	NAN	
788.6	2.388	-868.5	NAN	
789.7	2.3895	-864	NAN	
790.8	2.385	-870.5	NAN	
791.9	2.382	-870.5	NAN	
793	2.382	-861.5	NAN	
794.1	2.3805	-870	NAN	
795.2	2.3775	-870	NAN	
796.3	2.379	-868.5	NAN	
797.4	2.3685	-859	NAN	
798.5	2.355	-865.5	NAN	
799.6	2.343	-858	NAN	
800.7	2.325	-856	NAN	
801.8	2.3265	-851.5	NAN	
802.9	2.322	-856.5	NAN	
804	2.316	-849	NAN	
805.1	2.304	-849	NAN	
806.2	2.2935	-851	NAN	
807.3	2.292	-845	NAN	
808.4	2.2935	-854	NAN	
809.5	2.2815	-844	NAN	
810.6	2.2725	-841	NAN	
811.7	2.268	-843	NAN	
812.8	2.2605	-847	NAN	
813.9	2.253	-837.5	NAN	
815	2.238	-843.5	NAN	
816.1	2.214	-829	NAN	
817.2	2.211	-838	NAN	
818.3	2.1915	-829	NAN	
819.4	2.175	-830	NAN	
820.5	2.1615	-822.5	NAN	
821.6	2.1855	-825	NAN	
822.7	2.1375	-820.5	NAN	
823.8	2.127	-817.5	NAN	
824.9	2.1105	-811	NAN	
826	2.082	-805	NAN	
827.1	2.061	-799	NAN	
828.2	2.0625	-794	NAN	
829.3	2.0445	-791.5	NAN	
830.4	2.0355	-798	NAN	
831.5	2.0115	-783.5	NAN	
832.6	2.016	-792	NAN	
833.7	1.986	-777	NAN	
834.8	1.9695	-774	NAN	
835.9	1.965	-775.5	NAN	
837	1.9455	-769	NAN	
838.1	1.935	-767	NAN	
839.2	1.9245	-761	NAN	
840.3	1.9215	-767.5	NAN	
841.4	1.905	-758	NAN	
842.5	1.8975	-756	NAN	
843.6	1.893	-762	NAN	
844.7	1.884	-760.5	NAN	
845.8	1.8855	-755.5	NAN	
846.9	1.878	-749.5	NAN	
848	1.878	-751	NAN	
849.1	1.8735	-757	NAN	
850.2	1.8525	-751	NAN	
851.3	1.842	-744	NAN	
852.4	1.8345	-741.5	NAN	
853.5	1.785	-727	NAN	
854.6	1.764	-721	NAN	
855.7	1.749	-715	NAN	
856.8	1.728	-712	NAN	
857.9	1.7235	-716	NAN	
859	1.7025	-710	NAN	
860.1	1.6875	-700	NAN	
861.2	1.68	-702	NAN	
862.3	1.6905	-701.5	NAN	
863.4	1.6815	-701	NAN	
864.5	1.6395	-686	NAN	
865.6	1.626	-680.5	NAN	
866.7	1.62	-681	NAN	
867.8	1.608	-679	NAN	
868.9	1.605	-681	NAN	
870	1.5855	-675	NAN	
871.1	1.5645	-664.5	NAN	
872.2	1.5465	-658	NAN	
873.3	1.488	-642	NAN	
874.4	1.4625	-638	NAN	
875.5	1.4475	-628.5	NAN	
876.6	1.419	-624	NAN	
877.7	1.392	-612.5	NAN	
878.8	1.3935	-615.5	NAN	
879.9	1.3905	-614.5	NAN	
881.003	1.392	-615	NAN	
882.1	1.392	-619.5	NAN	
883.2	1.3905	-614	NAN	
884.3	1.3785	-616	NAN	
885.4	1.356	-608.5	NAN	
886.5	1.347	-597.5	NAN	
887.6	1.3335	-601.5	NAN	
888.7	1.3185	-593.5	NAN	
889.8	1.3095	-586.5	NAN	
890.9	1.308	-593.5	NAN	
892	1.3095	-590	NAN	
893.1	1.308	-591	NAN	
894.2	1.299	-590.5	NAN	
895.3	1.2825	-586	NAN	
896.4	1.248	-574	NAN	
897.5	1.242	-567	NAN	
898.6	1.254	-572.5	NAN	
899.7	1.257	-570.5	NAN	
900.8	1.176	-545	NAN	
901.9	1.167	-548.5	NAN	
903	1.128	-529	NAN	
904.1	1.0875	-515.5	NAN	
905.2	1.059	-510	NAN	
906.3	1.026	-495	NAN	
907.4	1.02	-492	NAN	
908.5	0.972	-480.5	NAN	
909.6	0.951	-473.5	NAN	
910.7	0.9075	-458	NAN	
911.8	0.903	-456	NAN	
912.9	0.87	-444.5	NAN	
914	0.8235	-425	NAN	
915.1	0.819	-422.5	NAN	
916.2	0.8055	-419.5	NAN	
917.3	0.786	-411	NAN	
918.4	0.7725	-406	NAN	
919.5	0.738	-394.5	NAN	
920.6	0.723	-388	NAN	
921.7	0.7035	-380	NAN	
922.8	0.681	-372	NAN	
923.9	0.654	-360	NAN	
925	0.6525	-360	NAN	
926.1	0.6015	-339.5	NAN	
927.2	0.5775	-329.5	NAN	
928.3	0.5685	-325.5	NAN	
929.4	0.5595	-321.5	NAN	
930.5	0.5445	-315	NAN	
931.6	0.5385	-312.5	NAN	
932.7	0.537	-311.5	NAN	
933.8	0.5355	-311	NAN	
934.9	0.504	-298.5	NAN	
936	0.4935	-293.5	NAN	
937.1	0.4935	-293	NAN	
938.2	0.4845	-289.5	NAN	
939.3	0.4695	-281	NAN	
940.4	0.468	-281	NAN	
941.5	0.4665	-281	NAN	
942.6	0.4695	-281	NAN	
943.7	0.4695	-281	NAN	
944.8	0.4665	-281	NAN	
945.9	0.465	-280	NAN	
947	0.429	-265	NAN	
948.1	0.4245	-261.5	NAN	
949.2	0.42	-258.5	NAN	
950.3	0.4215	-259.5	NAN	
951.4	0.4245	-259.5	NAN	
952.5	0.3885	-246	NAN	
953.6	0.375	-239.5	NAN	
954.7	0.39	-240.5	NAN	
955.8	0.342	-225	NAN	
956.9	0.3255	-215	NAN	
958	0.3225	-214.5	NAN	
959.1	0.3135	-211.5	NAN	
960.2	0.282	-196	NAN	
961.3	0.24	-176	NAN	
962.4	0.2025	-158	NAN	
963.5	0.177	-145.5	NAN	
964.6	0.159	-136.5	NAN	
965.7	0.1485	-131	NAN	
966.8	0.1305	-123	NAN	
967.9	0.1035	-110.5	NAN	
969	0.09	-103.5	NAN	
970.1	0.078	-97	NAN	
971.2	0.0705	-94	NAN	
972.3	0.057	-87.5	NAN	
973.4	0.0375	-77.5	NAN	
974.5	0.036	-76.5	NAN	
975.6	0.0375	-76.5	NAN	
976.7	0.018	-68.5	NAN	
977.8	0.0075	-62	NAN	
978.9	0	-59	NAN	
980	0	-59	NAN	
981.1	0.0015	-59	NAN	
982.2	0	-59	NAN	
983.3	0.0015	-59	NAN	
984.4	0	-59	NAN	
985.5	0.0015	-59	NAN	
986.6	0.0015	-59.5	NAN	
987.7	0	-59	NAN	
988.8	0	-59	NAN	
989.9	0	-59	NAN	
991	0.0015	-59	NAN	
992.1	-0.0015	-59.5	NAN	
993.2	0	-59	NAN	
994.3	0	-59	NAN	
995.4	0	-59	NAN	
996.5	-0.0015	-59	NAN	
997.6	0	-59	NAN	
998.7	0	-59	NAN	
999.8	-0.0015	-59	NAN	
1000.9	0	-59	NAN	
1002	0.0015	-59	NAN	
1003.1	0	-59	NAN	
1004.2	-0.039	-42.5	NAN	
1005.3	-0.066	-28	NAN	
1006.4	-0.0705	-25.5	NAN	
1007.5	-0.087	-16	NAN	
1008.6	-0.0885	-16.5	NAN	
1009.7	-0.0885	-16	NAN	
1010.8	-0.1185	-3	NAN	
1011.9	-0.1455	11	NAN	
1013	-0.147	11.5	NAN	
1014.1	-0.1545	14.5	NAN	
1015.2	-0.1725	22.5	NAN	
1016.3	-0.18	26.5	NAN	
1017.4	-0.186	30	NAN	
1018.5	-0.198	36	NAN	
1019.6	-0.219	45	NAN	
1020.7	-0.2325	52	NAN	
1021.8	-0.2685	68	NAN	
1022.9	-0.291	80	NAN	
1024	-0.294	82	NAN	
1025.1	-0.3165	91	NAN	
1026.2	-0.324	93.5	NAN	
1027.3	-0.327	97	NAN	
1028.4	-0.3525	107.5	NAN	
1029.5	-0.375	119.5	NAN	
1030.6	-0.39	125.5	NAN	
1031.7	-0.3945	127.5	NAN	
1032.8	-0.4005	131	NAN	
1033.9	-0.414	137	NAN	
1035	-0.456	154.5	NAN	
1036.1	-0.4935	173	NAN	
1037.2	-0.5145	181.5	NAN	
1038.3	-0.5295	190.5	NAN	
1039.4	-0.5415	195.5	NAN	
1040.5	-0.543	196.5	NAN	
1041.6	-0.546	198	NAN	
1042.7	-0.558	203.5	NAN	
1043.8	-0.567	208	NAN	
1044.9	-0.5835	213.5	NAN	
1046	-0.6135	226.5	NAN	
1047.1	-0.6135	229.5	NAN	
1048.2	-0.6255	233.5	NAN	
1049.3	-0.627	235	NAN	
1050.4	-0.627	235	NAN	
1051.5	-0.6285	235	NAN	
1052.6	-0.6285	235	NAN	
1053.7	-0.63	235.5	NAN	
1054.8	-0.651	243	NAN	
1055.9	-0.6585	248	NAN	
1057	-0.666	251.5	NAN	
1058.1	-0.6795	257.5	NAN	
1059.2	-0.6855	260.5	NAN	
1060.3	-0.7185	272.5	NAN	
1061.4	-0.7455	287	NAN	
1062.5	-0.759	292.5	NAN	
1063.6	-0.762	294	NAN	
1064.7	-0.765	294.5	NAN	
1065.8	-0.768	296.5	NAN	
1066.9	-0.7785	301.5	NAN	
1068	-0.8265	320.5	NAN	
1069.1	-0.8475	330	NAN	
1070.2	-0.8475	332	NAN	
1071.3	-0.8595	334.5	NAN	
1072.4	-0.873	342	NAN	
1073.5	-0.876	342.5	NAN	
1074.6	-0.891	349.5	NAN	
1075.7	-0.8985	352	NAN	
1076.8	-0.897	352.5	NAN	
1077.9	-0.8985	353	NAN	
1079	-0.9015	354.5	NAN	
1080.1	-0.9075	356	NAN	
1081.2	-0.9165	360	NAN	
1082.3	-0.9255	364.5	NAN	
1083.4	-0.9255	365	NAN	
1084.5	-0.9645	379	NAN	
1085.6	-0.978	386	NAN	
1086.7	-1.0005	394	NAN	
1087.8	-1.002	395.5	NAN	
1088.9	-1.0035	396	NAN	
1090	-1.005	396	NAN	
1091.1	-1.017	400.5	NAN	
1092.2	-1.0245	403.5	NAN	
1093.3	-1.0485	411.5	NAN	
1094.4	-1.0695	421	NAN	
1095.5	-1.077	424	NAN	
1096.6	-1.086	428.5	NAN	
1097.7	-1.086	429	NAN	
1098.8	-1.1025	434.5	NAN	
1099.9	-1.1145	439	NAN	
1101	-1.1295	444.5	NAN	
1102.1	-1.137	448.5	NAN	
1103.2	-1.146	451	NAN	
1104.3	-1.1475	452.5	NAN	
1105.4	-1.182	464.5	NAN	
1106.5	-1.1925	469	NAN	
1107.6	-1.197	471	NAN	
1108.7	-1.212	476	NAN	
1109.8	-1.2285	483	NAN	
1110.9	-1.263	495	NAN	
1112	-1.3035	510	NAN	
1113.1	-1.311	513.5	NAN	
1114.2	-1.314	514	NAN	
1115.3	-1.314	514.5	NAN	
1116.4	-1.3155	514	NAN	
1117.5	-1.314	514.5	NAN	
1118.6	-1.314	514.5	NAN	
1119.7	-1.314	514.5	NAN	
1120.8	-1.3185	516.5	NAN	
1121.9	-1.3185	516.5	NAN	
1123	-1.3245	518	NAN	
1124.1	-1.332	520.5	NAN	
1125.2	-1.347	526	NAN	
1126.3	-1.3545	528	NAN	
1127.4	-1.3665	532	NAN	
1128.5	-1.368	534	NAN	
1129.6	-1.38	537.5	NAN	
1130.7	-1.3905	541	NAN	
1131.8	-1.392	542	NAN	
1132.9	-1.4175	551	NAN	
1134	-1.4295	554.5	NAN	
1135.1	-1.4325	556	NAN	
1136.2	-1.4445	560.5	NAN	
1137.3	-1.455	563.5	NAN	
1138.4	-1.473	570	NAN	
1139.5	-1.4805	572	NAN	
1140.6	-1.491	575.5	NAN	
1141.7	-1.5	579	NAN	
1142.8	-1.5165	584.5	NAN	
1143.9	-1.5315	588.5	NAN	
1145	-1.548	595	NAN	
1146.1	-1.569	601.5	NAN	
1147.2	-1.584	607	NAN	
1148.3	-1.6125	616.5	NAN	
1149.4	-1.62	618.5	NAN	
1150.5	-1.632	621.5	NAN	
1151.6	-1.6545	629	NAN	
1152.7	-1.668	633	NAN	
1153.8	-1.668	634	NAN	
1154.9	-1.677	637	NAN	
1156	-1.689	640.5	NAN	
1157.1	-1.704	644.5	NAN	
1158.2	-1.725	651	NAN	
1159.3	-1.7205	651.5	NAN	
1160.4	-1.8105	674	NAN	
1161.5	-1.848	688.5	NAN	
1162.6	-1.8825	698	NAN	
1163.7	-1.896	702	NAN	
1164.8	-1.9035	705	NAN	
1165.9	-1.908	706	NAN	
1167	-1.911	707	NAN	
1168.1	-1.923	710.5	NAN	
1169.2	-1.9305	712.5	NAN	
1170.3	-1.9395	715.5	NAN	
1171.4	-1.9395	716	NAN	
1172.5	-1.944	716.5	NAN	
1173.6	-1.9695	723	NAN	
1174.7	-2.016	736.5	NAN	
1175.8	-2.049	745.5	NAN	
1176.9	-2.055	747.5	NAN	
1178	-2.067	751	NAN	
1179.1	-2.0775	753.5	NAN	
1180.2	-2.094	758	NAN	
1181.3	-2.118	764	NAN	
1182.4	-2.133	769	NAN	
1183.5	-2.136	769.5	NAN	
1184.6	-2.1495	772.5	NAN	
1185.7	-2.166	777	NAN	
1186.8	-2.172	779	NAN	
1187.9	-2.199	785	NAN	
1189	-2.211	788.5	NAN	
1190.1	-2.217	791	NAN	
1191.2	-2.2215	791.5	NAN	
1192.3	-2.238	795.5	NAN	
1193.4	-2.2545	800	NAN	
1194.5	-2.259	801.5	NAN	
1195.6	-2.2665	803	NAN	
1196.7	-2.28	806	NAN	
1197.8	-2.2845	807	NAN	
1198.9	-2.3235	816	NAN	
1200	-2.349	823	NAN	
1201.1	-2.3715	828	NAN	
1202.2	-2.37	828.5	NAN	
1203.3	-2.376	829.5	NAN	
1204.4	-2.3925	833	NAN	
1205.5	-2.4015	835.5	NAN	
1206.6	-2.43	841.5	NAN	
1207.7	-2.433	843	NAN	
1208.8	-2.4345	843	NAN	
1209.9	-2.4375	844	NAN	
1211	-2.4465	846.5	NAN	
1212.1	-2.4495	846.5	NAN	
1213.2	-2.4705	851	NAN	
1214.3	-2.5125	860.5	NAN	
1215.4	-2.535	865.5	NAN	
1216.5	-2.559	870	NAN	
1217.6	-2.565	872.5	NAN	
1218.7	-2.571	873	NAN	
1219.8	-2.5845	876	NAN	
1220.9	-2.589	877.5	NAN	
1222	-2.5935	878	NAN	
1223.1	-2.592	877.5	NAN	
1224.2	-2.628	884.5	NAN	
1225.3	-2.643	888.5	NAN	
1226.4	-2.6625	892	NAN	
1227.5	-2.667	893	NAN	
1228.6	-2.67	893.5	NAN	
1229.7	-2.67	894	NAN	
1230.8	-2.6715	894	NAN	
1231.9	-2.688	897	NAN	
1233	-2.7225	903.5	NAN	
1234.1	-2.7405	907	NAN	
1235.2	-2.742	908	NAN	
1236.3	-2.7495	909.5	NAN	
1237.4	-2.763	911.5	NAN	
1238.5	-2.784	915.5	NAN	
1239.6	-2.7945	917.5	NAN	
1240.7	-2.805	919	NAN	
1241.8	-2.8125	920.5	NAN	
1242.9	-2.814	921	NAN	
1244	-2.82	922	NAN	
1245.1	-2.8245	923	NAN	
1246.2	-2.832	924	NAN	
1247.3	-2.8335	924.5	NAN	
1248.4	-2.8365	925	NAN	
1249.5	-2.8395	925.5	NAN	
1250.6	-2.847	927	NAN	
1251.7	-2.856	928.5	NAN	
1252.8	-2.859	929.5	NAN	
1253.9	-2.8665	930	NAN	
1255	-2.877	931.5	NAN	
1256.1	-2.8845	933.5	NAN	
1257.2	-2.8875	934.5	NAN	
1258.3	-2.8905	934.5	NAN	
1259.4	-2.889	934.5	NAN	
1260.5	-2.892	935	NAN	
1261.6	-2.892	935	NAN	
1262.7	-2.8935	935	NAN	
1263.8	-2.8965	935.5	NAN	
1264.9	-2.8965	935.5	NAN	
1266	-2.895	935.5	NAN	
1267.1	-2.8965	936	NAN	
1268.2	-2.931	941	NAN	
1269.3	-2.9805	949.5	NAN	
1270.4	-2.9865	950.5	NAN	
1271.5	-2.985	950.5	NAN	
1272.6	-2.9925	951.5	NAN	
1273.7	-3.006	953	NAN	
1274.8	-3.024	956.5	NAN	
1275.9	-3.0345	958	NAN	
1277	-3.042	959	NAN	
1278.1	-3.057	961.5	NAN	
1279.2	-3.0585	962	NAN	
1280.3	-3.06	962.5	NAN	
1281.4	-3.066	964.5	NAN	
1282.5	-3.066	965.5	NAN	
1283.6	-3.0675	970	NAN	
1284.7	-3.066	970	NAN	
1285.8	-3.066	969	NAN	
1286.9	-3.066	967	NAN	
1288	-3.03	964	NAN	
1289.1	-3.0165	962.5	NAN	
1290.2	-3.003	961.5	NAN	
1291.3	-3.003	961.5	NAN	
1292.4	-3.0045	961.5	NAN	
1293.5	-2.9895	960	NAN	
1294.6	-2.9655	958	NAN	
1295.7	-2.952	956.5	NAN	
1296.8	-2.931	955	NAN	
1297.9	-2.9115	953	NAN	
1299	-2.898	951.5	NAN	
1300.1	-2.901	951.5	NAN	
1301.2	-2.898	951.5	NAN	
1302.3	-2.8995	951.5	NAN	
1303.4	-2.901	951.5	NAN	
1304.5	-2.889	951	NAN	
1305.6	-2.88	949.5	NAN	
1306.7	-2.8755	949.5	NAN	
1307.8	-2.8455	945.5	NAN	
1308.9	-2.8365	944.5	NAN	
1310	-2.8365	945	NAN	
1311.1	-2.8365	945	NAN	
1312.2	-2.8335	944	NAN	
1313.3	-2.8305	944.5	NAN	
1314.4	-2.8185	943	NAN	
1315.5	-2.8155	942.5	NAN	
1316.6	-2.8155	942.5	NAN	
1317.7	-2.802	940.5	NAN	
1318.8	-2.796	940	NAN	
1319.9	-2.79	939.5	NAN	
1321	-2.7855	938.5	NAN	
1322.1	-2.781	938.5	NAN	
1323.2	-2.769	937.5	NAN	
1324.3	-2.769	937	NAN	
1325.4	-2.763	936.5	NAN	
1326.5	-2.7585	936	NAN	
1327.6	-2.748	934.5	NAN	
1328.7	-2.7405	934	NAN	
1329.8	-2.7405	933.5	NAN	
1330.9	-2.7375	933.5	NAN	
1332	-2.7375	933.5	NAN	
1333.1	-2.736	933	NAN	
1334.2	-2.736	932.5	NAN	
1335.3	-2.7255	931.5	NAN	
1336.4	-2.718	930.5	NAN	
1337.5	-2.7135	930	NAN	
1338.6	-2.691	927	NAN	
1339.7	-2.691	927	NAN	
1340.8	-2.6685	924	NAN	
1341.9	-2.6355	919.5	NAN	
1343	-2.6115	916	NAN	
1344.1	-2.607	915.5	NAN	
1345.2	-2.6025	915	NAN	
1346.3	-2.5995	914.5	NAN	
1347.4	-2.601	914.5	NAN	
1348.5	-2.6025	914.5	NAN	
1349.6	-2.604	914.5	NAN	
1350.7	-2.607	915	NAN	
1351.8	-2.5785	912	NAN	
1352.9	-2.535	905	NAN	
1354	-2.502	900	NAN	
1355.1	-2.493	898	NAN	
1356.2	-2.478	895.5	NAN	
1357.3	-2.469	893.5	NAN	
1358.4	-2.454	892	NAN	
1359.5	-2.4375	889	NAN	
1360.6	-2.4285	887.5	NAN	
1361.7	-2.424	886.5	NAN	
1362.8	-2.391	880.5	NAN	
1363.9	-2.3715	877.5	NAN	
1365	-2.355	874.5	NAN	
1366.1	-2.3415	871	NAN	
1367.2	-2.337	870	NAN	
1368.3	-2.337	870.5	NAN	
1369.4	-2.331	869.5	NAN	
1370.5	-2.3205	867.5	NAN	
1371.6	-2.319	867	NAN	
1372.7	-2.31	865.5	NAN	
1373.8	-2.3055	864.5	NAN	
1374.9	-2.301	863.5	NAN	
1376	-2.2935	862.5	NAN	
1377.1	-2.2845	860	NAN	
1378.2	-2.2695	857.5	NAN	
1379.3	-2.2575	855	NAN	
1380.4	-2.25	853	NAN	
1381.5	-2.2425	852	NAN	
1382.6	-2.244	852	NAN	
1383.7	-2.2305	849.5	NAN	
1384.8	-2.214	846	NAN	
1385.9	-2.2155	845.5	NAN	
1387	-2.238	847.5	NAN	
1388.1	-2.2575	849.5	NAN	
1389.2	-2.214	845.5	NAN	
1390.3	-2.202	843.5	NAN	
1391.4	-2.1855	839.5	NAN	
1392.5	-2.181	839.5	NAN	
1393.6	-2.166	835.5	NAN	
1394.7	-2.157	833.5	NAN	
1395.8	-2.139	830	NAN	
1396.9	-2.139	829.5	NAN	
1398	-2.1345	828.5	NAN	
1399.1	-2.136	828.5	NAN	
1400.2	-2.097	821	NAN	
1401.3	-2.073	814.5	NAN	
1402.4	-2.0355	806.5	NAN	
1403.5	-2.001	798	NAN	
1404.6	-1.98	792.5	NAN	
1405.7	-1.977	792.5	NAN	
1406.8	-1.953	786	NAN	
1407.9	-1.923	778.5	NAN	
1409	-1.905	774	NAN	
1410.1	-1.875	766.5	NAN	
1411.2	-1.836	756.5	NAN	
1412.3	-1.8135	750.5	NAN	
1413.4	-1.8045	748	NAN	
1414.5	-1.779	742	NAN	
1415.6	-1.7775	740	NAN	
1416.7	-1.7625	736.5	NAN	
1417.8	-1.7565	735	NAN	
1418.9	-1.749	732	NAN	
1420	-1.71	724	NAN	
1421.1	-1.659	708.5	NAN	
1422.2	-1.629	699	NAN	
1423.3	-1.6125	694.5	NAN	
1424.4	-1.5915	689	NAN	
1425.5	-1.584	686.5	NAN	
1426.6	-1.5735	683.5	NAN	
1427.7	-1.572	683	NAN	
1428.8	-1.566	681	NAN	
1429.9	-1.5675	681	NAN	
1431	-1.5675	681	NAN	
1432.1	-1.56	679	NAN	
1433.2	-1.56	678.5	NAN	
1434.3	-1.5615	679	NAN	
1435.4	-1.5615	679	NAN	
1436.5	-1.5645	679.5	NAN	
1437.6	-1.56	679	NAN	
1438.7	-1.5615	679	NAN	
1439.8	-1.563	679.5	NAN	
1440.9	-1.5675	679.5	NAN	
1442	-1.569	679.5	NAN	
1443.1	-1.584	681.5	NAN	
1444.2	-1.5855	681.5	NAN	
1445.3	-1.59	682.5	NAN	
1446.4	-1.5795	681	NAN	
1447.5	-1.5585	678.5	NAN	
1448.6	-1.5315	671	NAN	
1449.7	-1.539	671.5	NAN	
1450.8	-1.527	669	NAN	
1451.9	-1.5285	669	NAN	
1453	-1.5255	669	NAN	
1454.1	-1.521	668	NAN	
1455.2	-1.521	667.5	NAN	
1456.3	-1.521	667.5	NAN	
1457.4	-1.4985	662	NAN	
1458.5	-1.4835	657.5	NAN	
1459.6	-1.479	656	NAN	
1460.7	-1.479	655	NAN	
1461.8	-1.47	653	NAN	
1462.9	-1.4715	653	NAN	
1464	-1.4715	653	NAN	
1465.1	-1.4715	653	NAN	
1466.2	-1.473	653	NAN	
1467.3	-1.473	653.5	NAN	
1468.4	-1.4715	653	NAN	
1469.5	-1.47	652.5	NAN	
1470.6	-1.4535	648	NAN	
1471.7	-1.4535	648	NAN	
1472.8	-1.4535	648	NAN	
1473.9	-1.4385	643.5	NAN	
1475	-1.434	642.5	NAN	
1476.1	-1.41	635	NAN	
1477.2	-1.3935	630	NAN	
1478.3	-1.392	629.5	NAN	
1479.4	-1.377	626	NAN	
1480.5	-1.362	620	NAN	
1481.6	-1.344	615.5	NAN	
1482.7	-1.332	610.5	NAN	
1483.8	-1.332	610.5	NAN	
1484.9	-1.3305	610.5	NAN	
1486	-1.3215	607.5	NAN	
1487.1	-1.3215	606.5	NAN	
1488.2	-1.3125	604	NAN	
1489.3	-1.293	598	NAN	
1490.4	-1.2825	595	NAN	
1491.5	-1.272	592	NAN	
1492.6	-1.2915	593	NAN	
1493.7	-1.2645	589.5	NAN	
1494.8	-1.2435	582.5	NAN	
1495.9	-1.215	573.5	NAN	
1497	-1.2165	573.5	NAN	
1498.1	-1.2165	573.5	NAN	
1499.2	-1.212	572	NAN	
1500.3	-1.2255	574	NAN	
1501.4	-1.224	574	NAN	
1502.5	-1.224	574	NAN	
1503.6	-1.2255	573.5	NAN	
1504.7	-1.2255	573.5	NAN	
1505.8	-1.2105	572	NAN	
1506.9	-1.212	572	NAN	
1508	-1.2105	572	NAN	
1509.1	-1.2075	571.5	NAN	
1510.2	-1.2105	571.5	NAN	
1511.3	-1.2075	571.5	NAN	
1512.4	-1.2105	571.5	NAN	
1513.5	-1.2075	571.5	NAN	
1514.6	-1.2	568	NAN	
1515.7	-1.2	568	NAN	
1516.8	-1.2	568.5	NAN	
1517.9	-1.1925	565.5	NAN	
1519	-1.1895	565.5	NAN	
1520.1	-1.1895	565.5	NAN	
1521.2	-1.1925	565.5	NAN	
1522.3	-1.191	566	NAN	
1523.4	-1.2	566.5	NAN	
1524.5	-1.2	566.5	NAN	
1525.6	-1.1805	562.5	NAN	
1526.7	-1.1715	560	NAN	
1527.8	-1.161	556.5	NAN	
1528.9	-1.1445	550	NAN	
1530	-1.143	548.5	NAN	
1531.1	-1.134	547	NAN	
1532.2	-1.137	547	NAN	
1533.3	-1.128	545.5	NAN	
1534.4	-1.1295	545	NAN	
1535.5	-1.1295	545	NAN	
1536.6	-1.1295	545	NAN	
1537.7	-1.1295	545	NAN	
1538.8	-1.1295	545	NAN	
1539.9	-1.1295	545.5	NAN	
1541	-1.1295	545	NAN	
1542.1	-1.128	545	NAN	
1543.2	-1.1295	545.5	NAN	
1544.3	-1.1295	545	NAN	
1545.4	-1.1235	543	NAN	
1546.5	-1.125	543	NAN	
1547.6	-1.1235	543	NAN	
1548.7	-1.1235	543	NAN	
1549.8	-1.122	543	NAN	
1550.9	-1.116	540	NAN	
1552	-1.1055	537.5	NAN	
1553.1	-1.1055	537.5	NAN	
1554.2	-1.0995	535.5	NAN	
1555.3	-1.0935	534	NAN	
1556.4	-1.089	532	NAN	
1557.5	-1.08	528.5	NAN	
1558.6	-1.0635	523.5	NAN	
1559.7	-1.059	521.5	NAN	
1560.8	-1.044	516.5	NAN	
1561.9	-1.0245	511	NAN	
1563	-1.005	504	NAN	
1564.1	-0.9975	501	NAN	
1565.2	-0.984	496	NAN	
1566.3	-0.9705	491.5	NAN	
1567.4	-0.9735	491.5	NAN	
1568.5	-0.96	489	NAN	
1569.6	-0.9285	478	NAN	
1570.7	-0.906	469	NAN	
1571.8	-0.9015	467.5	NAN	
1572.9	-0.8985	465.5	NAN	
1574	-0.8925	462	NAN	
1575.1	-0.891	462	NAN	
1576.2	-0.894	462	NAN	
1577.3	-0.8805	460.5	NAN	
1578.4	-0.8685	455	NAN	
1579.5	-0.834	444	NAN	
1580.6	-0.813	435	NAN	
1581.7	-0.8115	434	NAN	
1582.8	-0.8115	433.5	NAN	
1583.9	-0.795	428	NAN	
1585	-0.759	418	NAN	
1586.1	-0.7155	398.5	NAN	
1587.2	-0.7155	398	NAN	
1588.3	-0.666	380	NAN	
1589.4	-0.654	374	NAN	
1590.5	-0.6225	362	NAN	
1591.6	-0.6225	361.5	NAN	
1592.7	-0.6225	361	NAN	
1593.8	-0.6075	355.5	NAN	
1594.9	-0.5955	349.5	NAN	
1596	-0.5835	345	NAN	
1597.1	-0.576	343	NAN	
1598.2	-0.5745	341.5	NAN	
1599.3	-0.576	341.5	NAN	
1600.4	-0.576	341.5	NAN	
1601.5	-0.5625	337	NAN	
1602.6	-0.552	333.5	NAN	
1603.7	-0.552	332.5	NAN	
1604.8	-0.5415	328	NAN	
1605.9	-0.528	322.5	NAN	
1607	-0.513	316.5	NAN	
1608.1	-0.504	312.5	NAN	
1609.2	-0.492	307	NAN	
1610.3	-0.423	276.5	NAN	
1611.4	-0.3795	257	NAN	
1612.5	-0.363	248.5	NAN	
1613.6	-0.357	245	NAN	
1614.7	-0.348	242	NAN	
1615.8	-0.3435	238	NAN	
1616.9	-0.327	231	NAN	
1618	-0.324	230	NAN	
1619.1	-0.324	229	NAN	
1620.2	-0.324	229	NAN	
1621.3	-0.324	229	NAN	
1622.4	-0.3255	229	NAN	
1623.5	-0.3075	221	NAN	
1624.6	-0.291	214	NAN	
1625.7	-0.285	210.5	NAN	
1626.8	-0.285	210.5	NAN	
1627.9	-0.285	210.5	NAN	
1629	-0.285	210.5	NAN	
1630.1	-0.2685	203.5	NAN	
1631.2	-0.24	190	NAN	
1632.3	-0.225	182	NAN	
1633.4	-0.222	180.5	NAN	
1634.5	-0.222	180.5	NAN	
1635.6	-0.222	180	NAN	
1636.7	-0.201	169.5	NAN	
1637.8	-0.18	161	NAN	
1638.9	-0.168	156	NAN	
1640	-0.1605	151	NAN	
1641.1	-0.1515	146.5	NAN	
1642.2	-0.15	146	NAN	
1643.3	-0.1515	146	NAN	
1644.4	-0.15	146	NAN	
1645.5	-0.138	140.5	NAN	
1646.6	-0.135	138.5	NAN	
1647.7	-0.1305	137.5	NAN	
1648.8	-0.1035	123.5	NAN	
1649.9	-0.0885	116	NAN	
1651	-0.0735	109	NAN	
1652.1	-0.0615	104	NAN	
1653.2	-0.0435	95.5	NAN	
1654.3	-0.045	95	NAN	
1655.4	-0.039	93.5	NAN	
1656.5	-0.015	82	NAN	
1657.6	0	74.5	NAN	
1658.7	0.0015	73.5	NAN	
1659.8	0	73.5	NAN	
1660.9	0.003	73.5	NAN	
1662	0	73.5	NAN	
1663.1	0	73.5	NAN	
1664.201	0.0015	73	NAN	
1665.31	-0.0015	73.5	NAN	
1666.404	0	73.5	NAN	
1667.513	0.0015	73.5	NAN	
1668.607	0	73	NAN	
1669.7	0	73.5	NAN	
1670.81	0.0015	73.5	NAN	
1671.903	-0.0015	73	NAN	
1673.013	0	73	NAN	
1674.106	-0.0015	73.5	NAN	
1675.2	-0.0015	73.5	NAN	
1676.309	0	73	NAN	
1677.403	0	73	NAN	
