0	0
1	0
2	0
3	0
4	0
5	0
6	0
7	0
8	0
9	0
10	0
11	0
12	0
13	0
14	0
15	0
16	0
17	0
18	0
19	0
20	0
21	0
22	0
23	0
24	0
25	0
26	0
27	0
28	0
29	0
30	0
31	1
32	0
33	1
34	0
35	0
36	0
37	1
38	2
39	2
40	2
41	3
42	2
43	2
44	4
45	2
46	1
47	3
48	6
49	3
50	1
51	6
52	6
53	17
54	25
55	34
56	34
57	30
58	40
59	45
60	192
61	1428
62	5312
63	23749
64	62001
65	75848
66	68582
67	59561
68	51999
69	44813
70	38934
71	33524
72	28849
73	24705
74	21242
75	18038
76	15418
77	12867
78	10932
79	9278
80	7829
81	6510
82	5454
83	4612
84	3894
85	3311
86	2780
87	2399
88	1988
89	1732
90	1513
91	1262
92	1085
93	967
94	881
95	739
96	645
97	624
98	531
99	508
100	473
101	468
102	411
103	391
104	373
105	359
106	314
107	339
108	315
109	329
110	308
111	305
112	259
113	244
114	272
115	307
116	266
117	276
118	273
119	239
120	249
121	238
122	282
123	255
124	244
125	234
126	268
127	253
128	254
129	251
130	271
131	233
132	236
133	238
134	238
135	246
136	247
137	236
138	280
139	271
140	244
141	245
142	245
143	251
144	257
145	241
146	242
147	252
148	242
149	228
150	239
151	231
152	247
153	227
154	252
155	231
156	256
157	247
158	231
159	253
160	245
161	255
162	257
163	236
164	258
165	229
166	250
167	266
168	239
169	252
170	247
171	242
172	258
173	262
174	261
175	270
176	239
177	249
178	266
179	248
180	263
181	271
182	234
183	256
184	238
185	243
186	270
187	265
188	222
189	248
190	261
191	249
192	255
193	250
194	249
195	236
196	236
197	236
198	259
199	269
200	241
201	235
202	245
203	228
204	263
205	258
206	232
207	230
208	254
209	255
210	240
211	250
212	245
213	249
214	237
215	266
216	228
217	253
218	268
219	251
220	249
221	267
222	249
223	251
224	240
225	265
226	260
227	240
228	242
229	238
230	270
231	250
232	253
233	232
234	234
235	240
236	268
237	238
238	235
239	285
240	251
241	275
242	234
243	222
244	282
245	265
246	255
247	273
248	232
249	242
250	239
251	252
252	249
253	251
254	235
255	220
256	258
257	263
258	246
259	257
260	272
261	253
262	230
263	297
264	252
265	242
266	250
267	241
268	249
269	259
270	239
271	262
272	240
273	267
274	225
275	253
276	276
277	258
278	256
279	258
280	261
281	269
282	271
283	228
284	269
285	240
286	263
287	254
288	240
289	263
290	232
291	282
292	252
293	275
294	220
295	229
296	264
297	265
298	295
299	259
300	275
301	275
302	233
303	300
304	249
305	291
306	258
307	249
308	258
309	273
310	270
311	276
312	266
313	268
314	245
315	252
316	251
317	266
318	237
319	238
320	245
321	267
322	255
323	232
324	251
325	262
326	262
327	244
328	257
329	252
330	257
331	258
332	250
333	244
334	253
335	278
336	249
337	266
338	255
339	255
340	257
341	241
342	265
343	231
344	267
345	237
346	252
347	280
348	275
349	258
350	284
351	221
352	236
353	279
354	282
355	285
356	271
357	249
358	282
359	243
360	269
361	251
362	259
363	260
364	285
365	250
366	270
367	275
368	236
369	272
370	254
371	257
372	287
373	279
374	266
375	284
376	228
377	258
378	250
379	280
380	250
381	235
382	283
383	272
384	270
385	265
386	297
387	274
388	272
389	257
390	245
391	270
392	271
393	258
394	290
395	241
396	266
397	252
398	254
399	290
400	273
401	276
402	290
403	287
404	272
405	254
406	294
407	271
408	246
409	260
410	254
411	257
412	270
413	268
414	281
415	278
416	266
417	286
418	273
419	250
420	252
421	292
422	241
423	254
424	265
425	271
426	250
427	271
428	273
429	279
430	270
431	268
432	282
433	270
434	291
435	275
436	291
437	285
438	273
439	256
440	275
441	326
442	241
443	247
444	276
445	278
446	260
447	272
448	260
449	273
450	240
451	283
452	276
453	278
454	299
455	267
456	251
457	243
458	285
459	259
460	291
461	237
462	266
463	265
464	317
465	279
466	282
467	255
468	281
469	258
470	252
471	252
472	273
473	262
474	309
475	280
476	311
477	269
478	267
479	260
480	268
481	287
482	254
483	247
484	279
485	300
486	264
487	284
488	250
489	300
490	235
491	278
492	256
493	286
494	259
495	243
496	284
497	263
498	256
499	291
500	288
501	248
502	246
503	290
504	257
505	279
506	259
507	299
508	316
509	268
510	264
511	275
512	276
513	262
514	269
515	239
516	253
517	264
518	283
519	290
520	279
521	272
522	263
523	290
524	286
525	268
526	282
527	246
528	264
529	283
530	285
531	315
532	286
533	282
534	291
535	284
536	263
537	267
538	279
539	267
540	278
541	278
542	285
543	284
544	254
545	280
546	253
547	263
548	282
549	285
550	248
551	266
552	245
553	282
554	280
555	301
556	279
557	283
558	274
559	285
560	247
561	278
562	278
563	287
564	276
565	284
566	277
567	276
568	285
569	284
570	278
571	293
572	264
573	287
574	288
575	250
576	272
577	278
578	285
579	273
580	296
581	259
582	295
583	289
584	299
585	279
586	263
587	280
588	292
589	289
590	287
591	264
592	282
593	272
594	244
595	265
596	294
597	279
598	283
599	288
600	265
601	287
602	278
603	291
604	270
605	247
606	289
607	263
608	265
609	254
610	252
611	278
612	289
613	281
614	301
615	283
616	269
617	279
618	293
619	279
620	282
621	286
622	294
623	288
624	288
625	270
626	286
627	262
628	305
629	274
630	297
631	270
632	294
633	291
634	287
635	294
636	259
637	288
638	239
639	297
640	264
641	294
642	297
643	283
644	305
645	286
646	278
647	258
648	283
649	269
650	296
651	310
652	264
653	255
654	308
655	288
656	278
657	267
658	295
659	286
660	292
661	295
662	271
663	286
664	272
665	278
666	267
667	286
668	280
669	290
670	290
671	291
672	301
673	299
674	283
675	306
676	279
677	285
678	293
679	314
680	276
681	285
682	277
683	300
684	281
685	271
686	291
687	293
688	269
689	289
690	273
691	276
692	270
693	267
694	292
695	285
696	281
697	290
698	263
699	274
700	265
701	274
702	252
703	292
704	283
705	318
706	297
707	258
708	299
709	291
710	302
711	285
712	295
713	290
714	273
715	297
716	247
717	297
718	288
719	299
720	292
721	279
722	313
723	293
724	297
725	290
726	306
727	300
728	312
729	273
730	304
731	289
732	295
733	294
734	295
735	257
736	301
737	322
738	280
739	281
740	276
741	300
742	302
743	302
744	283
745	281
746	313
747	294
748	272
749	301
750	319
751	295
752	293
753	332
754	284
755	292
756	282
757	286
758	259
759	288
760	270
761	282
762	311
763	280
764	260
765	275
766	315
767	283
768	270
769	302
770	287
771	280
772	286
773	280
774	307
775	277
776	319
777	287
778	291
779	281
780	311
781	293
782	291
783	268
784	298
785	302
786	288
787	291
788	317
789	290
790	338
791	307
792	283
793	268
794	298
795	324
796	319
797	297
798	285
799	319
800	288
801	317
802	317
803	312
804	337
805	272
806	282
807	290
808	326
809	305
810	318
811	280
812	359
813	306
814	308
815	317
816	296
817	279
818	313
819	307
820	306
821	311
822	299
823	299
824	308
825	301
826	322
827	295
828	309
829	317
830	323
831	341
832	326
833	331
834	299
835	317
836	309
837	340
838	310
839	296
840	288
841	307
842	291
843	328
844	307
845	303
846	300
847	333
848	315
849	302
850	315
851	285
852	338
853	331
854	337
855	323
856	332
857	324
858	339
859	340
860	333
861	332
862	284
863	292
864	306
865	345
866	354
867	318
868	311
869	339
870	314
871	307
872	312
873	302
874	300
875	321
876	316
877	315
878	327
879	337
880	333
881	368
882	359
883	295
884	332
885	353
886	327
887	337
888	315
889	323
890	305
891	340
892	376
893	316
894	316
895	311
896	345
897	367
898	338
899	359
900	323
901	358
902	323
903	310
904	327
905	342
906	331
907	317
908	311
909	376
910	341
911	360
912	332
913	320
914	350
915	325
916	335
917	321
918	336
919	370
920	332
921	352
922	364
923	331
924	330
925	321
926	321
927	328
928	308
929	349
930	345
931	330
932	325
933	330
934	341
935	355
936	348
937	362
938	312
939	330
940	342
941	360
942	324
943	351
944	322
945	356
946	364
947	371
948	363
949	355
950	359
951	344
952	339
953	319
954	306
955	352
956	372
957	323
958	335
959	350
960	359
961	346
962	347
963	367
964	350
965	333
966	355
967	338
968	352
969	332
970	375
971	363
972	358
973	359
974	358
975	348
976	411
977	334
978	377
979	354
980	328
981	349
982	365
983	369
984	357
985	381
986	346
987	369
988	330
989	366
990	349
991	330
992	336
993	357
994	346
995	364
996	360
997	351
998	356
999	403
1000	380
1001	336
1002	340
1003	403
1004	368
1005	381
1006	366
1007	325
1008	382
1009	346
1010	359
1011	330
1012	374
1013	379
1014	360
1015	398
1016	358
1017	376
1018	356
1019	343
1020	347
1021	343
1022	341
1023	362
1024	388
1025	386
1026	385
1027	343
1028	349
1029	371
1030	363
1031	361
1032	349
1033	386
1034	371
1035	365
1036	321
1037	376
1038	370
1039	353
1040	357
1041	360
1042	376
1043	355
1044	378
1045	390
1046	363
1047	357
1048	360
1049	360
1050	382
1051	374
1052	359
1053	382
1054	367
1055	353
1056	335
1057	404
1058	354
1059	343
1060	353
1061	358
1062	341
1063	339
1064	345
1065	353
1066	366
1067	375
1068	386
1069	332
1070	319
1071	354
1072	338
1073	344
1074	348
1075	376
1076	346
1077	332
1078	363
1079	361
1080	362
1081	351
1082	375
1083	360
1084	360
1085	345
1086	363
1087	397
1088	377
1089	344
1090	352
1091	358
1092	353
1093	361
1094	365
1095	350
1096	341
1097	342
1098	326
1099	333
1100	335
1101	354
1102	353
1103	340
1104	333
1105	356
1106	391
1107	372
1108	354
1109	327
1110	383
1111	350
1112	359
1113	359
1114	329
1115	378
1116	357
1117	333
1118	352
1119	331
1120	365
1121	359
1122	363
1123	334
1124	365
1125	346
1126	333
1127	356
1128	339
1129	342
1130	326
1131	358
1132	324
1133	347
1134	359
1135	349
1136	356
1137	368
1138	322
1139	385
1140	352
1141	332
1142	344
1143	339
1144	301
1145	317
1146	345
1147	333
1148	343
1149	340
1150	351
1151	340
1152	384
1153	368
1154	365
1155	345
1156	333
1157	349
1158	357
1159	346
1160	346
1161	317
1162	341
1163	342
1164	364
1165	348
1166	338
1167	330
1168	339
1169	352
1170	320
1171	327
1172	339
1173	366
1174	328
1175	351
1176	378
1177	332
1178	348
1179	356
1180	352
1181	306
1182	326
1183	340
1184	323
1185	361
1186	335
1187	328
1188	342
1189	350
1190	349
1191	362
1192	329
1193	348
1194	310
1195	331
1196	331
1197	299
1198	325
1199	331
1200	357
1201	373
1202	339
1203	331
1204	337
1205	322
1206	343
1207	322
1208	333
1209	318
1210	318
1211	338
1212	354
1213	329
1214	335
1215	345
1216	346
1217	355
1218	354
1219	357
1220	310
1221	340
1222	319
1223	336
1224	347
1225	339
1226	341
1227	346
1228	333
1229	329
1230	331
1231	310
1232	335
1233	323
1234	325
1235	324
1236	316
1237	320
1238	327
1239	344
1240	315
1241	315
1242	329
1243	307
1244	348
1245	335
1246	348
1247	337
1248	337
1249	322
1250	319
1251	300
1252	287
1253	334
1254	325
1255	332
1256	317
1257	365
1258	332
1259	321
1260	315
1261	306
1262	326
1263	318
1264	310
1265	316
1266	308
1267	332
1268	333
1269	319
1270	301
1271	304
1272	312
1273	311
1274	328
1275	311
1276	329
1277	333
1278	329
1279	314
1280	336
1281	350
1282	322
1283	313
1284	305
1285	305
1286	333
1287	308
1288	332
1289	353
1290	327
1291	326
1292	307
1293	333
1294	322
1295	345
1296	313
1297	320
1298	315
1299	306
1300	308
1301	300
1302	297
1303	296
1304	336
1305	325
1306	314
1307	281
1308	339
1309	340
1310	313
1311	348
1312	333
1313	336
1314	318
1315	288
1316	308
1317	320
1318	328
1319	312
1320	290
1321	286
1322	336
1323	315
1324	280
1325	345
1326	306
1327	301
1328	311
1329	325
1330	326
1331	313
1332	310
1333	302
1334	311
1335	304
1336	318
1337	307
1338	315
1339	314
1340	331
1341	325
1342	297
1343	290
1344	348
1345	320
1346	304
1347	282
1348	339
1349	312
1350	315
1351	330
1352	315
1353	299
1354	321
1355	324
1356	321
1357	306
1358	341
1359	313
1360	304
1361	316
1362	298
1363	336
1364	334
1365	317
1366	303
1367	314
1368	299
1369	298
1370	331
1371	338
1372	303
1373	291
1374	299
1375	315
1376	311
1377	302
1378	308
1379	319
1380	302
1381	288
1382	349
1383	326
1384	363
1385	338
1386	332
1387	299
1388	323
1389	297
1390	330
1391	328
1392	301
1393	319
1394	318
1395	310
1396	328
1397	290
1398	312
1399	321
1400	346
1401	322
1402	327
1403	326
1404	320
1405	309
1406	291
1407	296
1408	326
1409	309
1410	306
1411	313
1412	293
1413	324
1414	275
1415	309
1416	307
1417	327
1418	368
1419	287
1420	335
1421	307
1422	314
1423	337
1424	302
1425	309
1426	315
1427	306
1428	284
1429	318
1430	323
1431	330
1432	291
1433	321
1434	289
1435	309
1436	334
1437	310
1438	345
1439	346
1440	316
1441	333
1442	295
1443	283
1444	299
1445	312
1446	300
1447	317
1448	302
1449	270
1450	332
1451	306
1452	286
1453	320
1454	342
1455	309
1456	270
1457	295
1458	308
1459	297
1460	340
1461	289
1462	302
1463	327
1464	300
1465	296
1466	330
1467	323
1468	311
1469	329
1470	316
1471	303
1472	323
1473	298
1474	298
1475	321
1476	316
1477	314
1478	325
1479	282
1480	306
1481	302
1482	325
1483	316
1484	307
1485	305
1486	297
1487	274
1488	307
1489	300
1490	286
1491	324
1492	287
1493	304
1494	301
1495	332
1496	312
1497	300
1498	315
1499	314
1500	300
1501	311
1502	327
1503	288
1504	279
1505	298
1506	312
1507	314
1508	331
1509	279
1510	317
1511	334
1512	308
1513	292
1514	289
1515	284
1516	304
1517	310
1518	310
1519	328
1520	311
1521	321
1522	313
1523	288
1524	338
1525	302
1526	318
1527	332
1528	289
1529	304
1530	307
1531	313
1532	302
1533	309
1534	321
1535	289
1536	295
1537	331
1538	310
1539	324
1540	309
1541	325
1542	329
1543	348
1544	337
1545	335
1546	305
1547	306
1548	283
1549	337
1550	330
1551	306
1552	294
1553	287
1554	324
1555	304
1556	324
1557	300
1558	328
1559	276
1560	306
1561	300
1562	302
1563	307
1564	293
1565	301
1566	287
1567	319
1568	321
1569	312
1570	327
1571	301
1572	311
1573	286
1574	323
1575	290
1576	310
1577	308
1578	301
1579	308
1580	296
1581	327
1582	330
1583	316
1584	310
1585	286
1586	261
1587	301
1588	318
1589	296
1590	336
1591	298
1592	277
1593	312
1594	320
1595	319
1596	298
1597	296
1598	324
1599	336
1600	319
1601	326
1602	297
1603	316
1604	345
1605	336
1606	280
1607	250
1608	326
1609	278
1610	310
1611	322
1612	319
1613	297
1614	329
1615	293
1616	273
1617	304
1618	301
1619	322
1620	305
1621	299
1622	328
1623	279
1624	301
1625	300
1626	314
1627	308
1628	276
1629	304
1630	308
1631	314
1632	325
1633	320
1634	322
1635	290
1636	303
1637	287
1638	315
1639	321
1640	307
1641	313
1642	284
1643	312
1644	321
1645	313
1646	325
1647	338
1648	328
1649	268
1650	309
1651	308
1652	299
1653	309
1654	323
1655	308
1656	326
1657	317
1658	325
1659	296
1660	318
1661	316
1662	346
1663	335
1664	318
1665	279
1666	335
1667	300
1668	323
1669	319
1670	310
1671	305
1672	302
1673	292
1674	321
1675	292
1676	297
1677	299
1678	328
1679	291
1680	323
1681	305
1682	324
1683	307
1684	277
1685	278
1686	328
1687	317
1688	261
1689	274
1690	313
1691	321
1692	315
1693	292
1694	293
1695	318
1696	292
1697	310
1698	266
1699	322
1700	330
1701	353
1702	292
1703	302
1704	333
1705	331
1706	334
1707	308
1708	323
1709	327
1710	333
1711	311
1712	309
1713	301
1714	300
1715	288
1716	313
1717	269
1718	298
1719	330
1720	304
1721	331
1722	310
1723	377
1724	308
1725	301
1726	327
1727	336
1728	307
1729	310
1730	307
1731	273
1732	319
1733	336
1734	314
1735	325
1736	344
1737	303
1738	341
1739	304
1740	293
1741	337
1742	328
1743	315
1744	329
1745	327
1746	291
1747	315
1748	300
1749	298
1750	315
1751	323
1752	316
1753	323
1754	283
1755	311
1756	335
1757	293
1758	337
1759	296
1760	336
1761	340
1762	280
1763	305
1764	298
1765	294
1766	332
1767	296
1768	326
1769	290
1770	285
1771	284
1772	321
1773	311
1774	286
1775	301
1776	335
1777	273
1778	324
1779	284
1780	324
1781	339
1782	303
1783	297
1784	335
1785	312
1786	342
1787	314
1788	310
1789	322
1790	294
1791	312
1792	298
1793	350
1794	334
1795	322
1796	303
1797	319
1798	311
1799	304
1800	316
1801	326
1802	303
1803	273
1804	367
1805	301
1806	296
1807	305
1808	300
1809	353
1810	308
1811	300
1812	335
1813	314
1814	331
1815	333
1816	315
1817	310
1818	344
1819	296
1820	298
1821	338
1822	323
1823	329
1824	304
1825	305
1826	324
1827	330
1828	321
1829	297
1830	321
1831	293
1832	314
1833	321
1834	332
1835	303
1836	316
1837	337
1838	338
1839	296
1840	323
1841	314
1842	297
1843	326
1844	310
1845	288
1846	323
1847	294
1848	270
1849	334
1850	319
1851	302
1852	327
1853	273
1854	310
1855	333
1856	308
1857	329
1858	327
1859	314
1860	300
1861	315
1862	329
1863	308
1864	319
1865	301
1866	332
1867	314
1868	302
1869	352
1870	315
1871	315
1872	329
1873	316
1874	326
1875	330
1876	317
1877	297
1878	301
1879	306
1880	290
1881	294
1882	331
1883	303
1884	321
1885	340
1886	327
1887	316
1888	346
1889	301
1890	306
1891	316
1892	336
1893	325
1894	324
1895	323
1896	348
1897	321
1898	330
1899	320
1900	345
1901	309
1902	349
1903	310
1904	324
1905	319
1906	309
1907	327
1908	312
1909	316
1910	312
1911	318
1912	325
1913	324
1914	318
1915	335
1916	297
1917	329
1918	346
1919	319
1920	294
1921	325
1922	335
1923	343
1924	330
1925	308
1926	330
1927	340
1928	333
1929	311
1930	293
1931	343
1932	318
1933	303
1934	317
1935	337
1936	315
1937	317
1938	314
1939	335
1940	311
1941	316
1942	327
1943	312
1944	325
1945	308
1946	304
1947	304
1948	322
1949	325
1950	333
1951	310
1952	279
1953	337
1954	345
1955	308
1956	334
1957	315
1958	338
1959	303
1960	323
1961	311
1962	329
1963	303
1964	337
1965	334
1966	334
1967	335
1968	299
1969	293
1970	281
1971	348
1972	309
1973	276
1974	332
1975	334
1976	356
1977	311
1978	303
1979	317
1980	341
1981	310
1982	372
1983	338
1984	326
1985	342
1986	272
1987	329
1988	321
1989	308
1990	311
1991	301
1992	292
1993	299
1994	302
1995	346
1996	337
1997	337
1998	364
1999	313
2000	328
2001	295
2002	297
2003	318
2004	315
2005	323
2006	306
2007	317
2008	339
2009	308
2010	291
2011	324
2012	316
2013	327
2014	311
2015	355
2016	292
2017	314
2018	331
2019	317
2020	311
2021	300
2022	287
2023	341
2024	296
2025	308
2026	332
2027	327
2028	351
2029	312
2030	313
2031	301
2032	352
2033	307
2034	327
2035	308
2036	335
2037	318
2038	338
2039	313
2040	310
2041	345
2042	334
2043	302
2044	281
2045	316
2046	305
2047	338
2048	305
2049	323
2050	352
2051	334
2052	335
2053	340
2054	306
2055	314
2056	326
2057	307
2058	345
2059	297
2060	311
2061	317
2062	291
2063	339
2064	322
2065	316
2066	331
2067	330
2068	308
2069	325
2070	324
2071	336
2072	334
2073	304
2074	317
2075	318
2076	321
2077	304
2078	313
2079	323
2080	323
2081	308
2082	318
2083	329
2084	359
2085	317
2086	335
2087	310
2088	310
2089	279
2090	297
2091	340
2092	326
2093	318
2094	329
2095	306
2096	327
2097	321
2098	333
2099	317
2100	334
2101	298
2102	338
2103	333
2104	303
2105	303
2106	279
2107	317
2108	323
2109	341
2110	310
2111	332
2112	332
2113	303
2114	328
2115	334
2116	342
2117	313
2118	320
2119	269
2120	322
2121	380
2122	315
2123	335
2124	330
2125	369
2126	292
2127	305
2128	301
2129	334
2130	350
2131	286
2132	319
2133	310
2134	294
2135	308
2136	276
2137	329
2138	326
2139	297
2140	310
2141	324
2142	322
2143	317
2144	302
2145	313
2146	326
2147	324
2148	308
2149	300
2150	296
2151	305
2152	283
2153	292
2154	338
2155	318
2156	308
2157	308
2158	298
2159	293
2160	320
2161	282
2162	335
2163	286
2164	298
2165	306
2166	317
2167	319
2168	299
2169	278
2170	323
2171	299
2172	350
2173	286
2174	301
2175	316
2176	293
2177	283
2178	300
2179	320
2180	307
2181	279
2182	311
2183	290
2184	296
2185	272
2186	291
2187	322
2188	301
2189	281
2190	295
2191	282
2192	304
2193	312
2194	343
2195	301
2196	298
2197	291
2198	306
2199	318
2200	281
2201	274
2202	276
2203	318
2204	312
2205	304
2206	315
2207	296
2208	271
2209	283
2210	270
2211	299
2212	320
2213	314
2214	329
2215	310
2216	283
2217	289
2218	296
2219	287
2220	297
2221	302
2222	272
2223	281
2224	296
2225	327
2226	280
2227	299
2228	300
2229	287
2230	264
2231	269
2232	302
2233	283
2234	307
2235	301
2236	305
2237	294
2238	289
2239	306
2240	290
2241	285
2242	279
2243	293
2244	301
2245	285
2246	285
2247	284
2248	276
2249	294
2250	301
2251	305
2252	279
2253	282
2254	246
2255	286
2256	283
2257	302
2258	307
2259	273
2260	280
2261	313
2262	279
2263	283
2264	276
2265	301
2266	280
2267	289
2268	240
2269	250
2270	256
2271	256
2272	269
2273	276
2274	270
2275	270
2276	273
2277	273
2278	259
2279	271
2280	288
2281	296
2282	274
2283	287
2284	275
2285	271
2286	301
2287	244
2288	255
2289	282
2290	279
2291	264
2292	280
2293	285
2294	258
2295	243
2296	249
2297	255
2298	244
2299	279
2300	261
2301	250
2302	260
2303	272
2304	251
2305	236
2306	245
2307	249
2308	283
2309	278
2310	255
2311	241
2312	259
2313	262
2314	295
2315	243
2316	241
2317	265
2318	253
2319	265
2320	252
2321	271
2322	262
2323	234
2324	236
2325	280
2326	269
2327	261
2328	241
2329	252
2330	257
2331	222
2332	212
2333	244
2334	233
2335	230
2336	268
2337	244
2338	264
2339	223
2340	247
2341	256
2342	249
2343	239
2344	218
2345	222
2346	245
2347	257
2348	246
2349	251
2350	240
2351	214
2352	215
2353	231
2354	230
2355	240
2356	234
2357	254
2358	210
2359	210
2360	248
2361	226
2362	232
2363	207
2364	248
2365	214
2366	219
2367	212
2368	237
2369	221
2370	227
2371	233
2372	221
2373	214
2374	202
2375	238
2376	229
2377	218
2378	205
2379	208
2380	197
2381	205
2382	190
2383	210
2384	236
2385	196
2386	218
2387	224
2388	220
2389	217
2390	197
2391	218
2392	220
2393	214
2394	187
2395	190
2396	194
2397	204
2398	191
2399	209
2400	213
2401	205
2402	196
2403	212
2404	223
2405	211
2406	203
2407	196
2408	204
2409	195
2410	230
2411	233
2412	188
2413	203
2414	181
2415	199
2416	209
2417	166
2418	188
2419	203
2420	192
2421	196
2422	183
2423	193
2424	196
2425	182
2426	211
2427	203
2428	170
2429	187
2430	186
2431	190
2432	187
2433	184
2434	186
2435	206
2436	208
2437	184
2438	177
2439	175
2440	174
2441	185
2442	184
2443	186
2444	175
2445	169
2446	179
2447	176
2448	191
2449	188
2450	158
2451	184
2452	164
2453	191
2454	192
2455	176
2456	185
2457	169
2458	189
2459	196
2460	169
2461	162
2462	166
2463	151
2464	156
2465	157
2466	167
2467	168
2468	160
2469	159
2470	182
2471	169
2472	194
2473	141
2474	158
2475	178
2476	161
2477	182
2478	165
2479	194
2480	166
2481	159
2482	177
2483	164
2484	158
2485	153
2486	180
2487	163
2488	153
2489	159
2490	162
2491	151
2492	145
2493	163
2494	153
2495	157
2496	152
2497	153
2498	138
2499	142
2500	151
2501	128
2502	160
2503	152
2504	158
2505	162
2506	148
2507	155
2508	151
2509	142
2510	141
2511	153
2512	126
2513	154
2514	160
2515	147
2516	148
2517	124
2518	120
2519	131
2520	151
2521	132
2522	157
2523	165
2524	150
2525	122
2526	150
2527	140
2528	145
2529	143
2530	112
2531	141
2532	138
2533	155
2534	152
2535	132
2536	147
2537	139
2538	129
2539	144
2540	160
2541	149
2542	132
2543	159
2544	149
2545	143
2546	148
2547	134
2548	150
2549	141
2550	118
2551	128
2552	129
2553	126
2554	133
2555	143
2556	132
2557	141
2558	122
2559	140
2560	138
2561	127
2562	123
2563	125
2564	132
2565	111
2566	146
2567	140
2568	120
2569	112
2570	115
2571	124
2572	118
2573	127
2574	128
2575	117
2576	155
2577	115
2578	108
2579	130
2580	125
2581	106
2582	116
2583	137
2584	123
2585	138
2586	125
2587	122
2588	118
2589	115
2590	128
2591	106
2592	119
2593	99
2594	131
2595	107
2596	118
2597	108
2598	113
2599	97
2600	114
2601	139
2602	112
2603	117
2604	112
2605	121
2606	116
2607	128
2608	109
2609	100
2610	99
2611	93
2612	124
2613	117
2614	110
2615	97
2616	119
2617	111
2618	104
2619	106
2620	109
2621	104
2622	124
2623	119
2624	112
2625	120
2626	99
2627	112
2628	88
2629	106
2630	103
2631	110
2632	110
2633	106
2634	99
2635	113
2636	123
2637	109
2638	119
2639	96
2640	116
2641	111
2642	98
2643	102
2644	113
2645	103
2646	100
2647	107
2648	115
2649	106
2650	128
2651	111
2652	93
2653	100
2654	92
2655	106
2656	94
2657	105
2658	123
2659	100
2660	117
2661	102
2662	98
2663	109
2664	114
2665	127
2666	102
2667	96
2668	102
2669	110
2670	106
2671	103
2672	97
2673	96
2674	106
2675	111
2676	111
2677	99
2678	122
2679	99
2680	95
2681	111
2682	110
2683	113
2684	104
2685	116
2686	108
2687	102
2688	102
2689	110
2690	96
2691	104
2692	90
2693	96
2694	110
2695	105
2696	95
2697	117
2698	97
2699	108
2700	91
2701	107
2702	99
2703	99
2704	101
2705	96
2706	115
2707	97
2708	88
2709	88
2710	77
2711	115
2712	83
2713	87
2714	99
2715	109
2716	96
2717	100
2718	108
2719	74
2720	107
2721	106
2722	106
2723	94
2724	104
2725	104
2726	104
2727	107
2728	112
2729	103
2730	107
2731	102
2732	108
2733	105
2734	120
2735	96
2736	106
2737	115
2738	109
2739	109
2740	95
2741	94
2742	120
2743	109
2744	101
2745	93
2746	134
2747	107
2748	107
2749	96
2750	102
2751	87
2752	103
2753	117
2754	108
2755	126
2756	101
2757	97
2758	88
2759	118
2760	101
2761	90
2762	119
2763	114
2764	101
2765	111
2766	91
2767	108
2768	102
2769	100
2770	103
2771	102
2772	109
2773	94
2774	96
2775	99
2776	112
2777	88
2778	113
2779	101
2780	133
2781	105
2782	118
2783	122
2784	101
2785	119
2786	100
2787	119
2788	131
2789	98
2790	103
2791	117
2792	121
2793	129
2794	133
2795	134
2796	105
2797	106
2798	141
2799	136
2800	108
2801	129
2802	108
2803	104
2804	125
2805	112
2806	141
2807	127
2808	131
2809	121
2810	132
2811	125
2812	115
2813	146
2814	122
2815	142
2816	128
2817	132
2818	112
2819	140
2820	115
2821	115
2822	125
2823	123
2824	149
2825	122
2826	136
2827	135
2828	139
2829	165
2830	124
2831	124
2832	143
2833	133
2834	140
2835	140
2836	158
2837	179
2838	158
2839	159
2840	135
2841	149
2842	137
2843	134
2844	169
2845	152
2846	143
2847	165
2848	138
2849	160
2850	149
2851	185
2852	183
2853	167
2854	159
2855	155
2856	172
2857	149
2858	156
2859	167
2860	166
2861	165
2862	167
2863	153
2864	155
2865	161
2866	164
2867	171
2868	155
2869	178
2870	173
2871	153
2872	174
2873	156
2874	174
2875	189
2876	190
2877	191
2878	172
2879	170
2880	198
2881	184
2882	175
2883	171
2884	193
2885	199
2886	208
2887	204
2888	190
2889	189
2890	174
2891	202
2892	182
2893	172
2894	178
2895	204
2896	190
2897	205
2898	188
2899	171
2900	193
2901	202
2902	194
2903	186
2904	209
2905	214
2906	220
2907	231
2908	227
2909	198
2910	218
2911	219
2912	238
2913	255
2914	225
2915	217
2916	223
2917	247
2918	234
2919	221
2920	259
2921	257
2922	230
2923	243
2924	230
2925	244
2926	247
2927	240
2928	256
2929	234
2930	260
2931	259
2932	256
2933	255
2934	264
2935	263
2936	274
2937	266
2938	249
2939	274
2940	260
2941	250
2942	292
2943	280
2944	299
2945	294
2946	277
2947	311
2948	271
2949	286
2950	298
2951	303
2952	314
2953	286
2954	294
2955	333
2956	297
2957	354
2958	312
2959	299
2960	333
2961	329
2962	323
2963	364
2964	323
2965	337
2966	305
2967	316
2968	335
2969	339
2970	331
2971	327
2972	320
2973	339
2974	361
2975	338
2976	302
2977	361
2978	349
2979	350
2980	420
2981	408
2982	390
2983	375
2984	379
2985	390
2986	387
2987	370
2988	420
2989	389
2990	389
2991	421
2992	387
2993	380
2994	391
2995	387
2996	414
2997	411
2998	408
2999	454
3000	418
3001	388
3002	423
3003	409
3004	421
3005	447
3006	444
3007	430
3008	424
3009	434
3010	466
3011	464
3012	419
3013	501
3014	452
3015	459
3016	451
3017	469
3018	447
3019	498
3020	465
3021	501
3022	498
3023	532
3024	460
3025	531
3026	548
3027	478
3028	502
3029	542
3030	480
3031	547
3032	543
3033	484
3034	578
3035	500
3036	533
3037	549
3038	522
3039	543
3040	547
3041	547
3042	534
3043	544
3044	550
3045	532
3046	567
3047	584
3048	574
3049	548
3050	505
3051	578
3052	585
3053	580
3054	603
3055	640
3056	593
3057	588
3058	588
3059	627
3060	592
3061	592
3062	633
3063	638
3064	649
3065	654
3066	621
3067	691
3068	652
3069	694
3070	660
3071	693
3072	655
3073	668
3074	615
3075	670
3076	702
3077	676
3078	671
3079	675
3080	730
3081	669
3082	668
3083	726
3084	718
3085	642
3086	725
3087	735
3088	693
3089	759
3090	707
3091	749
3092	715
3093	738
3094	743
3095	800
3096	741
3097	739
3098	810
3099	769
3100	816
3101	785
3102	799
3103	771
3104	779
3105	818
3106	781
3107	798
3108	792
3109	852
3110	748
3111	856
3112	859
3113	849
3114	807
3115	858
3116	787
3117	846
3118	814
3119	816
3120	788
3121	895
3122	821
3123	885
3124	883
3125	876
3126	859
3127	856
3128	894
3129	858
3130	870
3131	942
3132	896
3133	903
3134	882
3135	886
3136	919
3137	936
3138	928
3139	871
3140	927
3141	907
3142	978
3143	947
3144	917
3145	906
3146	938
3147	968
3148	910
3149	953
3150	927
3151	918
3152	1032
3153	965
3154	984
3155	995
3156	994
3157	1028
3158	942
3159	1010
3160	992
3161	984
3162	1040
3163	1003
3164	1088
3165	1031
3166	980
3167	1032
3168	1029
3169	1006
3170	1015
3171	1015
3172	1070
3173	1068
3174	1039
3175	1054
3176	1096
3177	1087
3178	1083
3179	1030
3180	1080
3181	1052
3182	1042
3183	1073
3184	1074
3185	1055
3186	1117
3187	1123
3188	1067
3189	1076
3190	1108
3191	1106
3192	1111
3193	1136
3194	1090
3195	1135
3196	1107
3197	1094
3198	1125
3199	1100
3200	1146
3201	1108
3202	1160
3203	1134
3204	1146
3205	1195
3206	1141
3207	1109
3208	1144
3209	1123
3210	1136
3211	1188
3212	1196
3213	1166
3214	1175
3215	1248
3216	1149
3217	1202
3218	1217
3219	1142
3220	1183
3221	1255
3222	1233
3223	1244
3224	1211
3225	1223
3226	1181
3227	1296
3228	1283
3229	1261
3230	1155
3231	1218
3232	1230
3233	1290
3234	1251
3235	1265
3236	1258
3237	1317
3238	1216
3239	1298
3240	1277
3241	1258
3242	1268
3243	1324
3244	1303
3245	1289
3246	1321
3247	1275
3248	1313
3249	1251
3250	1228
3251	1253
3252	1203
3253	1256
3254	1298
3255	1299
3256	1278
3257	1318
3258	1293
3259	1233
3260	1288
3261	1288
3262	1316
3263	1297
3264	1321
3265	1287
3266	1317
3267	1288
3268	1312
3269	1264
3270	1375
3271	1310
3272	1354
3273	1256
3274	1310
3275	1318
3276	1362
3277	1305
3278	1405
3279	1258
3280	1284
3281	1368
3282	1321
3283	1347
3284	1339
3285	1303
3286	1371
3287	1289
3288	1366
3289	1341
3290	1313
3291	1342
3292	1395
3293	1333
3294	1358
3295	1301
3296	1322
3297	1319
3298	1319
3299	1351
3300	1390
3301	1389
3302	1273
3303	1344
3304	1334
3305	1396
3306	1353
3307	1306
3308	1291
3309	1338
3310	1391
3311	1354
3312	1415
3313	1352
3314	1365
3315	1316
3316	1373
3317	1389
3318	1354
3319	1315
3320	1390
3321	1329
3322	1397
3323	1353
3324	1342
3325	1401
3326	1386
3327	1357
3328	1385
3329	1345
3330	1348
3331	1412
3332	1330
3333	1332
3334	1390
3335	1305
3336	1294
3337	1308
3338	1357
3339	1357
3340	1385
3341	1395
3342	1398
3343	1334
3344	1360
3345	1378
3346	1419
3347	1292
3348	1338
3349	1380
3350	1304
3351	1312
3352	1283
3353	1332
3354	1259
3355	1357
3356	1332
3357	1346
3358	1272
3359	1320
3360	1375
3361	1386
3362	1291
3363	1321
3364	1340
3365	1360
3366	1338
3367	1306
3368	1350
3369	1372
3370	1276
3371	1328
3372	1323
3373	1369
3374	1304
3375	1284
3376	1344
3377	1389
3378	1267
3379	1373
3380	1326
3381	1236
3382	1293
3383	1323
3384	1330
3385	1301
3386	1292
3387	1245
3388	1317
3389	1337
3390	1285
3391	1250
3392	1302
3393	1295
3394	1278
3395	1200
3396	1299
3397	1310
3398	1342
3399	1229
3400	1238
3401	1308
3402	1277
3403	1282
3404	1233
3405	1178
3406	1223
3407	1294
3408	1255
3409	1210
3410	1235
3411	1217
3412	1290
3413	1302
3414	1265
3415	1236
3416	1160
3417	1252
3418	1219
3419	1214
3420	1202
3421	1226
3422	1208
3423	1238
3424	1231
3425	1284
3426	1206
3427	1211
3428	1250
3429	1189
3430	1172
3431	1172
3432	1172
3433	1238
3434	1181
3435	1195
3436	1157
3437	1228
3438	1180
3439	1142
3440	1204
3441	1178
3442	1149
3443	1198
3444	1160
3445	1153
3446	1182
3447	1205
3448	1101
3449	1139
3450	1152
3451	1165
3452	1134
3453	1129
3454	1124
3455	1096
3456	1144
3457	1166
3458	1124
3459	1124
3460	1036
3461	1076
3462	1104
3463	1093
3464	1057
3465	1119
3466	1080
3467	1054
3468	1003
3469	1090
3470	1035
3471	1071
3472	1045
3473	1003
3474	1045
3475	1027
3476	1043
3477	1024
3478	1039
3479	1022
3480	1013
3481	1034
3482	1037
3483	1037
3484	977
3485	1003
3486	1042
3487	1032
3488	1002
3489	972
3490	1016
3491	980
3492	1041
3493	985
3494	951
3495	983
3496	920
3497	974
3498	959
3499	916
3500	982
3501	958
3502	942
3503	972
3504	940
3505	896
3506	867
3507	912
3508	965
3509	956
3510	941
3511	896
3512	946
3513	927
3514	941
3515	907
3516	917
3517	925
3518	872
3519	898
3520	870
3521	872
3522	859
3523	833
3524	843
3525	825
3526	914
3527	833
3528	854
3529	811
3530	829
3531	837
3532	839
3533	900
3534	874
3535	858
3536	847
3537	788
3538	827
3539	809
3540	808
3541	827
3542	831
3543	775
3544	807
3545	762
3546	800
3547	842
3548	737
3549	757
3550	782
3551	742
3552	736
3553	757
3554	740
3555	764
3556	767
3557	745
3558	717
3559	742
3560	676
3561	727
3562	713
3563	736
3564	693
3565	684
3566	713
3567	716
3568	671
3569	708
3570	722
3571	712
3572	698
3573	689
3574	677
3575	680
3576	635
3577	649
3578	662
3579	641
3580	606
3581	653
3582	653
3583	669
3584	617
3585	633
3586	643
3587	632
3588	635
3589	651
3590	658
3591	632
3592	611
3593	584
3594	600
3595	655
3596	582
3597	617
3598	583
3599	585
3600	582
3601	568
3602	587
3603	556
3604	536
3605	581
3606	520
3607	567
3608	589
3609	568
3610	552
3611	536
3612	537
3613	506
3614	484
3615	524
3616	519
3617	527
3618	550
3619	543
3620	514
3621	508
3622	524
3623	477
3624	509
3625	496
3626	466
3627	479
3628	476
3629	522
3630	469
3631	467
3632	466
3633	466
3634	460
3635	450
3636	470
3637	451
3638	469
3639	486
3640	429
3641	478
3642	410
3643	448
3644	413
3645	448
3646	436
3647	427
3648	438
3649	395
3650	397
3651	433
3652	415
3653	442
3654	413
3655	430
3656	379
3657	406
3658	370
3659	389
3660	395
3661	398
3662	410
3663	381
3664	405
3665	357
3666	387
3667	361
3668	391
3669	343
3670	360
3671	358
3672	359
3673	382
3674	351
3675	355
3676	375
3677	350
3678	311
3679	335
3680	311
3681	320
3682	325
3683	332
3684	333
3685	322
3686	295
3687	325
3688	304
3689	324
3690	335
3691	312
3692	306
3693	283
3694	284
3695	280
3696	281
3697	301
3698	283
3699	308
3700	287
3701	274
3702	280
3703	271
3704	273
3705	290
3706	263
3707	242
3708	281
3709	259
3710	257
3711	267
3712	281
3713	245
3714	261
3715	234
3716	217
3717	265
3718	234
3719	231
3720	214
3721	237
3722	244
3723	228
3724	242
3725	220
3726	229
3727	230
3728	220
3729	234
3730	217
3731	238
3732	205
3733	199
3734	194
3735	214
3736	210
3737	188
3738	232
3739	200
3740	221
3741	221
3742	210
3743	220
3744	174
3745	197
3746	180
3747	204
3748	182
3749	187
3750	222
3751	161
3752	182
3753	213
3754	161
3755	159
3756	186
3757	181
3758	196
3759	175
3760	163
3761	174
3762	193
3763	158
3764	194
3765	162
3766	164
3767	156
3768	158
3769	146
3770	165
3771	138
3772	149
3773	150
3774	160
3775	146
3776	141
3777	151
3778	133
3779	136
3780	161
3781	145
3782	138
3783	135
3784	156
3785	127
3786	136
3787	124
3788	121
3789	107
3790	161
3791	128
3792	113
3793	96
3794	141
3795	102
3796	135
3797	113
3798	122
3799	106
3800	125
3801	124
3802	120
3803	115
3804	101
3805	112
3806	120
3807	95
3808	125
3809	106
3810	121
3811	95
3812	98
3813	88
3814	111
3815	109
3816	117
3817	104
3818	98
3819	106
3820	102
3821	101
3822	105
3823	93
3824	93
3825	81
3826	86
3827	105
3828	97
3829	102
3830	97
3831	80
3832	66
3833	93
3834	83
3835	90
3836	72
3837	79
3838	75
3839	63
3840	88
3841	82
3842	87
3843	64
3844	65
3845	68
3846	89
3847	91
3848	74
3849	77
3850	83
3851	72
3852	81
3853	64
3854	64
3855	65
3856	73
3857	62
3858	66
3859	75
3860	76
3861	63
3862	70
3863	58
3864	55
3865	56
3866	55
3867	50
3868	63
3869	65
3870	60
3871	57
3872	58
3873	58
3874	57
3875	53
3876	56
3877	52
3878	63
3879	57
3880	54
3881	57
3882	45
3883	43
3884	49
3885	53
3886	31
3887	57
3888	48
3889	45
3890	50
3891	50
3892	40
3893	46
3894	47
3895	38
3896	49
3897	44
3898	45
3899	44
3900	40
3901	34
3902	34
3903	48
3904	43
3905	34
3906	35
3907	37
3908	39
3909	48
3910	34
3911	25
3912	43
3913	30
3914	29
3915	36
3916	40
3917	38
3918	40
3919	26
3920	33
3921	37
3922	33
3923	31
3924	39
3925	29
3926	44
3927	32
3928	25
3929	34
3930	31
3931	28
3932	27
3933	33
3934	32
3935	27
3936	24
3937	29
3938	31
3939	21
3940	20
3941	22
3942	22
3943	37
3944	31
3945	36
3946	30
3947	33
3948	21
3949	26
3950	21
3951	25
3952	24
3953	25
3954	26
3955	35
3956	23
3957	21
3958	16
3959	18
3960	21
3961	17
3962	25
3963	27
3964	22
3965	21
3966	24
3967	29
3968	20
3969	15
3970	24
3971	16
3972	18
3973	17
3974	18
3975	23
3976	24
3977	17
3978	25
3979	22
3980	19
3981	15
3982	16
3983	20
3984	18
3985	27
3986	12
3987	12
3988	12
3989	15
3990	7
3991	14
3992	21
3993	13
3994	20
3995	20
3996	19
3997	16
3998	19
3999	13
4000	15
4001	9
4002	24
4003	16
4004	17
4005	15
4006	10
4007	16
4008	12
4009	17
4010	13
4011	17
4012	19
4013	13
4014	11
4015	14
4016	16
4017	14
4018	9
4019	9
4020	10
4021	15
4022	17
4023	18
4024	8
4025	9
4026	10
4027	14
4028	11
4029	9
4030	11
4031	16
4032	11
4033	12
4034	6
4035	11
4036	4
4037	12
4038	11
4039	6
4040	10
4041	9
4042	12
4043	7
4044	9
4045	10
4046	3
4047	8
4048	5
4049	6
4050	9
4051	5
4052	8
4053	8
4054	7
4055	6
4056	6
4057	13
4058	5
4059	2
4060	11
4061	9
4062	8
4063	2
4064	11
4065	8
4066	2
4067	5
4068	11
4069	9
4070	9
4071	8
4072	9
4073	5
4074	5
4075	10
4076	7
4077	9
4078	5
4079	15
4080	3
4081	7
4082	4
4083	12
4084	6
4085	11
4086	12
4087	10
4088	6
4089	7
4090	5
4091	10
4092	8
4093	3
4094	7
4095	5
