0	0
1	0
2	0
3	0
4	0
5	0
6	0
7	0
8	0
9	0
10	0
11	0
12	0
13	0
14	0
15	0
16	0
17	0
18	0
19	0
20	0
21	0
22	0
23	0
24	0
25	0
26	0
27	0
28	0
29	0
30	0
31	0
32	0
33	0
34	0
35	0
36	0
37	0
38	0
39	1
40	0
41	1
42	3
43	2
44	0
45	1
46	2
47	4
48	3
49	3
50	4
51	1
52	7
53	10
54	5
55	10
56	9
57	9
58	10
59	18
60	90
61	503
62	2312
63	10200
64	21240
65	23347
66	21126
67	18296
68	16026
69	14037
70	12163
71	10614
72	9210
73	7985
74	7012
75	6012
76	5316
77	4440
78	3925
79	3324
80	2902
81	2416
82	2203
83	1699
84	1558
85	1297
86	1149
87	1004
88	920
89	707
90	563
91	559
92	515
93	417
94	406
95	343
96	315
97	309
98	245
99	233
100	228
101	206
102	227
103	195
104	188
105	164
106	169
107	191
108	155
109	153
110	190
111	168
112	169
113	181
114	176
115	169
116	180
117	187
118	201
119	164
120	186
121	169
122	150
123	179
124	170
125	170
126	171
127	171
128	179
129	181
130	186
131	148
132	161
133	154
134	189
135	158
136	176
137	163
138	170
139	173
140	141
141	166
142	177
143	185
144	148
145	151
146	152
147	166
148	154
149	176
150	175
151	165
152	182
153	168
154	175
155	173
156	175
157	171
158	174
159	183
160	179
161	178
162	198
163	162
164	184
165	182
166	136
167	151
168	149
169	171
170	149
171	168
172	159
173	177
174	167
175	152
176	172
177	172
178	159
179	147
180	159
181	172
182	175
183	177
184	167
185	177
186	163
187	183
188	152
189	169
190	156
191	183
192	152
193	179
194	176
195	171
196	175
197	178
198	167
199	151
200	164
201	166
202	181
203	168
204	145
205	170
206	162
207	166
208	172
209	170
210	157
211	173
212	176
213	171
214	129
215	174
216	165
217	180
218	162
219	174
220	157
221	173
222	151
223	166
224	174
225	180
226	169
227	178
228	162
229	183
230	170
231	171
232	180
233	176
234	195
235	174
236	177
237	166
238	179
239	196
240	174
241	181
242	186
243	158
244	177
245	173
246	183
247	175
248	191
249	158
250	163
251	166
252	173
253	174
254	173
255	163
256	162
257	145
258	159
259	180
260	177
261	187
262	176
263	175
264	171
265	169
266	190
267	168
268	168
269	157
270	147
271	150
272	135
273	182
274	143
275	152
276	182
277	166
278	168
279	181
280	150
281	194
282	170
283	182
284	155
285	181
286	152
287	170
288	173
289	204
290	188
291	166
292	172
293	170
294	178
295	180
296	199
297	170
298	180
299	169
300	159
301	185
302	168
303	177
304	158
305	172
306	162
307	145
308	177
309	195
310	175
311	188
312	171
313	196
314	164
315	195
316	162
317	177
318	167
319	171
320	180
321	180
322	189
323	167
324	181
325	169
326	171
327	156
328	157
329	179
330	181
331	171
332	174
333	185
334	169
335	190
336	175
337	169
338	194
339	173
340	176
341	198
342	174
343	178
344	165
345	164
346	177
347	175
348	183
349	191
350	204
351	141
352	170
353	185
354	171
355	188
356	174
357	178
358	162
359	199
360	167
361	188
362	186
363	169
364	161
365	163
366	188
367	161
368	171
369	192
370	180
371	182
372	163
373	189
374	179
375	194
376	210
377	205
378	184
379	178
380	173
381	160
382	184
383	174
384	184
385	161
386	179
387	178
388	169
389	163
390	161
391	209
392	202
393	170
394	176
395	184
396	189
397	200
398	182
399	171
400	178
401	168
402	191
403	202
404	172
405	199
406	189
407	161
408	171
409	188
410	170
411	163
412	177
413	189
414	177
415	192
416	178
417	190
418	186
419	186
420	185
421	188
422	159
423	191
424	193
425	220
426	204
427	202
428	192
429	185
430	170
431	176
432	188
433	190
434	191
435	178
436	173
437	220
438	183
439	176
440	169
441	174
442	174
443	180
444	179
445	180
446	174
447	203
448	183
449	171
450	207
451	192
452	198
453	189
454	196
455	183
456	181
457	177
458	198
459	193
460	197
461	179
462	163
463	192
464	212
465	185
466	176
467	194
468	189
469	184
470	178
471	183
472	207
473	189
474	206
475	193
476	193
477	192
478	182
479	173
480	191
481	174
482	174
483	163
484	183
485	191
486	192
487	185
488	169
489	190
490	155
491	195
492	183
493	194
494	190
495	194
496	174
497	165
498	174
499	170
500	178
501	185
502	179
503	190
504	202
505	174
506	175
507	191
508	204
509	174
510	199
511	180
512	178
513	190
514	173
515	181
516	200
517	193
518	203
519	198
520	193
521	196
522	205
523	183
524	201
525	196
526	169
527	195
528	175
529	184
530	203
531	198
532	184
533	181
534	173
535	188
536	187
537	204
538	188
539	186
540	165
541	195
542	176
543	206
544	189
545	180
546	201
547	208
548	167
549	185
550	181
551	204
552	198
553	180
554	189
555	180
556	173
557	195
558	170
559	193
560	209
561	182
562	198
563	189
564	187
565	167
566	192
567	177
568	188
569	195
570	176
571	189
572	186
573	221
574	176
575	192
576	184
577	189
578	184
579	183
580	194
581	202
582	180
583	184
584	189
585	182
586	158
587	173
588	160
589	190
590	185
591	193
592	195
593	193
594	201
595	188
596	196
597	188
598	172
599	181
600	186
601	189
602	168
603	188
604	181
605	193
606	169
607	167
608	208
609	204
610	205
611	189
612	217
613	192
614	199
615	192
616	191
617	215
618	209
619	202
620	180
621	204
622	195
623	202
624	206
625	209
626	191
627	175
628	202
629	195
630	197
631	231
632	192
633	191
634	200
635	212
636	179
637	197
638	203
639	193
640	223
641	193
642	173
643	206
644	203
645	196
646	189
647	215
648	181
649	184
650	216
651	209
652	192
653	180
654	164
655	195
656	172
657	210
658	205
659	194
660	206
661	207
662	214
663	207
664	194
665	190
666	184
667	188
668	199
669	198
670	215
671	189
672	206
673	193
674	218
675	194
676	211
677	208
678	204
679	196
680	182
681	201
682	218
683	189
684	202
685	176
686	204
687	160
688	172
689	210
690	206
691	173
692	220
693	222
694	199
695	210
696	198
697	184
698	201
699	201
700	202
701	232
702	221
703	216
704	192
705	198
706	199
707	195
708	224
709	188
710	185
711	209
712	185
713	194
714	205
715	192
716	185
717	198
718	172
719	189
720	202
721	209
722	192
723	225
724	189
725	220
726	223
727	176
728	212
729	210
730	226
731	211
732	185
733	227
734	169
735	215
736	179
737	196
738	207
739	209
740	193
741	225
742	199
743	228
744	219
745	178
746	210
747	204
748	196
749	173
750	198
751	205
752	190
753	198
754	206
755	205
756	190
757	224
758	202
759	207
760	199
761	196
762	199
763	163
764	223
765	188
766	203
767	227
768	221
769	191
770	220
771	214
772	199
773	225
774	185
775	218
776	212
777	206
778	226
779	213
780	226
781	233
782	205
783	214
784	209
785	208
786	191
787	226
788	211
789	216
790	206
791	232
792	209
793	244
794	215
795	184
796	216
797	204
798	206
799	205
800	216
801	237
802	227
803	217
804	214
805	199
806	233
807	241
808	208
809	199
810	219
811	195
812	207
813	191
814	240
815	182
816	235
817	239
818	216
819	209
820	198
821	218
822	235
823	258
824	222
825	200
826	223
827	211
828	204
829	241
830	209
831	225
832	212
833	213
834	212
835	221
836	207
837	199
838	235
839	179
840	249
841	209
842	240
843	216
844	224
845	221
846	206
847	217
848	223
849	238
850	198
851	224
852	213
853	217
854	212
855	219
856	213
857	247
858	233
859	226
860	222
861	232
862	202
863	227
864	206
865	237
866	216
867	231
868	212
869	235
870	216
871	225
872	218
873	212
874	219
875	212
876	237
877	225
878	250
879	245
880	220
881	208
882	240
883	212
884	228
885	237
886	215
887	222
888	234
889	233
890	234
891	217
892	251
893	252
894	218
895	225
896	223
897	199
898	211
899	239
900	229
901	226
902	228
903	239
904	235
905	232
906	243
907	225
908	234
909	258
910	230
911	223
912	258
913	231
914	204
915	219
916	228
917	251
918	241
919	243
920	207
921	229
922	217
923	232
924	243
925	211
926	226
927	261
928	227
929	195
930	208
931	234
932	234
933	210
934	246
935	212
936	250
937	218
938	214
939	231
940	237
941	254
942	223
943	231
944	233
945	213
946	241
947	235
948	216
949	230
950	207
951	201
952	211
953	233
954	215
955	265
956	223
957	210
958	264
959	227
960	212
961	253
962	221
963	237
964	237
965	249
966	250
967	235
968	247
969	225
970	196
971	262
972	233
973	256
974	253
975	219
976	213
977	230
978	272
979	231
980	209
981	235
982	248
983	231
984	242
985	247
986	236
987	240
988	223
989	239
990	248
991	261
992	198
993	251
994	227
995	246
996	250
997	251
998	229
999	233
1000	241
1001	231
1002	234
1003	258
1004	235
1005	231
1006	239
1007	220
1008	261
1009	254
1010	236
1011	239
1012	228
1013	268
1014	276
1015	236
1016	223
1017	268
1018	234
1019	234
1020	246
1021	249
1022	237
1023	235
1024	239
1025	244
1026	216
1027	240
1028	247
1029	272
1030	259
1031	253
1032	237
1033	248
1034	262
1035	240
1036	223
1037	239
1038	256
1039	241
1040	253
1041	262
1042	266
1043	226
1044	241
1045	245
1046	245
1047	243
1048	227
1049	243
1050	219
1051	246
1052	243
1053	234
1054	267
1055	217
1056	246
1057	247
1058	220
1059	265
1060	266
1061	232
1062	249
1063	253
1064	259
1065	251
1066	245
1067	226
1068	236
1069	232
1070	245
1071	221
1072	240
1073	229
1074	219
1075	220
1076	212
1077	255
1078	269
1079	243
1080	218
1081	255
1082	252
1083	251
1084	232
1085	240
1086	236
1087	242
1088	245
1089	244
1090	242
1091	230
1092	242
1093	247
1094	216
1095	235
1096	239
1097	240
1098	245
1099	235
1100	237
1101	251
1102	231
1103	211
1104	202
1105	239
1106	229
1107	224
1108	245
1109	243
1110	240
1111	213
1112	227
1113	239
1114	222
1115	242
1116	243
1117	223
1118	232
1119	237
1120	233
1121	246
1122	242
1123	241
1124	264
1125	213
1126	245
1127	248
1128	233
1129	233
1130	227
1131	204
1132	254
1133	216
1134	250
1135	281
1136	258
1137	245
1138	247
1139	236
1140	245
1141	203
1142	254
1143	212
1144	235
1145	243
1146	233
1147	236
1148	246
1149	210
1150	230
1151	241
1152	231
1153	231
1154	223
1155	240
1156	226
1157	250
1158	242
1159	216
1160	218
1161	237
1162	237
1163	228
1164	238
1165	212
1166	250
1167	252
1168	238
1169	214
1170	228
1171	233
1172	221
1173	254
1174	217
1175	250
1176	251
1177	220
1178	244
1179	247
1180	224
1181	225
1182	243
1183	215
1184	222
1185	220
1186	246
1187	225
1188	229
1189	207
1190	200
1191	241
1192	222
1193	208
1194	209
1195	223
1196	215
1197	218
1198	222
1199	214
1200	234
1201	235
1202	265
1203	219
1204	226
1205	229
1206	226
1207	221
1208	192
1209	223
1210	200
1211	230
1212	227
1213	248
1214	221
1215	228
1216	241
1217	220
1218	262
1219	224
1220	219
1221	214
1222	205
1223	232
1224	249
1225	259
1226	223
1227	209
1228	233
1229	241
1230	237
1231	208
1232	206
1233	230
1234	209
1235	227
1236	230
1237	213
1238	195
1239	219
1240	239
1241	236
1242	194
1243	221
1244	218
1245	218
1246	225
1247	245
1248	237
1249	229
1250	228
1251	203
1252	223
1253	229
1254	263
1255	225
1256	247
1257	239
1258	206
1259	225
1260	227
1261	211
1262	235
1263	221
1264	220
1265	229
1266	243
1267	203
1268	219
1269	224
1270	212
1271	225
1272	211
1273	241
1274	215
1275	238
1276	209
1277	202
1278	216
1279	242
1280	223
1281	207
1282	175
1283	197
1284	206
1285	231
1286	207
1287	227
1288	225
1289	190
1290	211
1291	231
1292	214
1293	204
1294	221
1295	232
1296	206
1297	189
1298	219
1299	215
1300	193
1301	232
1302	217
1303	199
1304	233
1305	232
1306	195
1307	203
1308	213
1309	201
1310	221
1311	226
1312	227
1313	215
1314	192
1315	256
1316	213
1317	223
1318	236
1319	194
1320	218
1321	238
1322	221
1323	215
1324	190
1325	202
1326	207
1327	209
1328	210
1329	201
1330	223
1331	208
1332	194
1333	228
1334	205
1335	209
1336	199
1337	238
1338	230
1339	210
1340	246
1341	220
1342	218
1343	224
1344	210
1345	208
1346	224
1347	243
1348	218
1349	219
1350	211
1351	208
1352	223
1353	233
1354	233
1355	206
1356	203
1357	204
1358	200
1359	252
1360	200
1361	203
1362	195
1363	222
1364	198
1365	201
1366	193
1367	207
1368	207
1369	199
1370	195
1371	205
1372	225
1373	195
1374	189
1375	205
1376	217
1377	227
1378	223
1379	226
1380	211
1381	221
1382	242
1383	217
1384	199
1385	221
1386	210
1387	234
1388	176
1389	190
1390	207
1391	220
1392	243
1393	231
1394	227
1395	232
1396	229
1397	217
1398	236
1399	206
1400	227
1401	202
1402	208
1403	205
1404	217
1405	205
1406	215
1407	184
1408	199
1409	200
1410	222
1411	211
1412	251
1413	194
1414	190
1415	213
1416	206
1417	206
1418	205
1419	197
1420	209
1421	229
1422	203
1423	214
1424	198
1425	208
1426	220
1427	206
1428	200
1429	216
1430	205
1431	221
1432	207
1433	194
1434	212
1435	198
1436	204
1437	216
1438	217
1439	216
1440	215
1441	231
1442	188
1443	218
1444	220
1445	241
1446	191
1447	217
1448	200
1449	206
1450	200
1451	233
1452	234
1453	193
1454	224
1455	221
1456	219
1457	197
1458	221
1459	219
1460	210
1461	179
1462	234
1463	193
1464	209
1465	198
1466	208
1467	201
1468	207
1469	215
1470	212
1471	216
1472	207
1473	219
1474	203
1475	222
1476	193
1477	211
1478	210
1479	226
1480	241
1481	230
1482	215
1483	231
1484	195
1485	217
1486	205
1487	206
1488	221
1489	204
1490	230
1491	233
1492	194
1493	202
1494	229
1495	227
1496	197
1497	219
1498	204
1499	207
1500	206
1501	228
1502	239
1503	225
1504	173
1505	197
1506	231
1507	223
1508	205
1509	207
1510	209
1511	216
1512	181
1513	211
1514	219
1515	210
1516	242
1517	200
1518	203
1519	190
1520	205
1521	230
1522	215
1523	221
1524	196
1525	180
1526	206
1527	212
1528	190
1529	229
1530	212
1531	213
1532	201
1533	208
1534	207
1535	220
1536	228
1537	209
1538	210
1539	230
1540	220
1541	194
1542	202
1543	237
1544	223
1545	183
1546	186
1547	186
1548	202
1549	222
1550	218
1551	221
1552	204
1553	220
1554	226
1555	215
1556	205
1557	192
1558	224
1559	198
1560	222
1561	243
1562	212
1563	211
1564	224
1565	230
1566	198
1567	205
1568	201
1569	207
1570	180
1571	191
1572	187
1573	216
1574	203
1575	202
1576	206
1577	213
1578	238
1579	217
1580	202
1581	213
1582	198
1583	215
1584	247
1585	201
1586	228
1587	185
1588	197
1589	208
1590	191
1591	208
1592	206
1593	238
1594	254
1595	200
1596	218
1597	232
1598	216
1599	196
1600	209
1601	195
1602	212
1603	211
1604	195
1605	213
1606	198
1607	240
1608	204
1609	201
1610	213
1611	240
1612	206
1613	217
1614	245
1615	213
1616	219
1617	221
1618	191
1619	226
1620	200
1621	235
1622	212
1623	214
1624	203
1625	167
1626	204
1627	192
1628	209
1629	194
1630	180
1631	225
1632	200
1633	213
1634	216
1635	187
1636	217
1637	217
1638	201
1639	211
1640	221
1641	214
1642	211
1643	229
1644	203
1645	224
1646	218
1647	219
1648	219
1649	209
1650	213
1651	238
1652	192
1653	212
1654	215
1655	189
1656	228
1657	197
1658	189
1659	236
1660	207
1661	200
1662	226
1663	226
1664	210
1665	228
1666	219
1667	209
1668	214
1669	220
1670	193
1671	237
1672	197
1673	209
1674	207
1675	205
1676	239
1677	200
1678	222
1679	209
1680	207
1681	212
1682	207
1683	201
1684	210
1685	222
1686	199
1687	238
1688	204
1689	202
1690	215
1691	224
1692	232
1693	198
1694	202
1695	215
1696	236
1697	201
1698	228
1699	204
1700	182
1701	221
1702	229
1703	217
1704	218
1705	217
1706	220
1707	237
1708	191
1709	225
1710	213
1711	209
1712	220
1713	203
1714	209
1715	242
1716	223
1717	207
1718	228
1719	212
1720	235
1721	178
1722	210
1723	229
1724	200
1725	218
1726	188
1727	198
1728	203
1729	187
1730	222
1731	208
1732	199
1733	244
1734	210
1735	204
1736	207
1737	222
1738	212
1739	212
1740	221
1741	223
1742	228
1743	199
1744	220
1745	233
1746	237
1747	215
1748	194
1749	241
1750	230
1751	206
1752	198
1753	214
1754	226
1755	193
1756	199
1757	184
1758	208
1759	230
1760	200
1761	218
1762	203
1763	202
1764	240
1765	206
1766	225
1767	230
1768	215
1769	241
1770	177
1771	200
1772	221
1773	228
1774	192
1775	222
1776	206
1777	230
1778	209
1779	227
1780	186
1781	215
1782	205
1783	239
1784	189
1785	212
1786	212
1787	211
1788	210
1789	212
1790	231
1791	203
1792	206
1793	217
1794	225
1795	222
1796	210
1797	205
1798	184
1799	206
1800	232
1801	211
1802	224
1803	219
1804	206
1805	199
1806	203
1807	220
1808	206
1809	222
1810	234
1811	218
1812	208
1813	218
1814	208
1815	218
1816	201
1817	202
1818	204
1819	198
1820	203
1821	234
1822	215
1823	210
1824	206
1825	200
1826	205
1827	197
1828	220
1829	241
1830	202
1831	202
1832	232
1833	218
1834	197
1835	216
1836	200
1837	212
1838	234
1839	215
1840	213
1841	231
1842	199
1843	219
1844	216
1845	200
1846	197
1847	233
1848	200
1849	209
1850	232
1851	231
1852	206
1853	202
1854	214
1855	244
1856	199
1857	230
1858	210
1859	224
1860	234
1861	224
1862	211
1863	211
1864	210
1865	185
1866	220
1867	248
1868	236
1869	214
1870	174
1871	199
1872	223
1873	217
1874	211
1875	201
1876	210
1877	210
1878	210
1879	212
1880	225
1881	222
1882	214
1883	225
1884	212
1885	216
1886	212
1887	211
1888	223
1889	234
1890	225
1891	208
1892	213
1893	217
1894	205
1895	190
1896	194
1897	206
1898	224
1899	251
1900	212
1901	208
1902	192
1903	209
1904	211
1905	226
1906	235
1907	235
1908	213
1909	212
1910	227
1911	226
1912	209
1913	222
1914	228
1915	227
1916	187
1917	196
1918	203
1919	223
1920	212
1921	207
1922	222
1923	235
1924	205
1925	218
1926	194
1927	217
1928	239
1929	229
1930	209
1931	230
1932	230
1933	200
1934	219
1935	227
1936	228
1937	211
1938	212
1939	226
1940	212
1941	227
1942	187
1943	235
1944	234
1945	221
1946	220
1947	232
1948	244
1949	216
1950	210
1951	211
1952	214
1953	228
1954	205
1955	231
1956	198
1957	236
1958	210
1959	204
1960	221
1961	227
1962	211
1963	214
1964	257
1965	192
1966	221
1967	216
1968	238
1969	197
1970	173
1971	241
1972	222
1973	208
1974	226
1975	213
1976	216
1977	236
1978	221
1979	222
1980	189
1981	234
1982	229
1983	231
1984	210
1985	209
1986	239
1987	234
1988	195
1989	230
1990	216
1991	211
1992	225
1993	192
1994	245
1995	210
1996	212
1997	212
1998	209
1999	227
2000	222
2001	232
2002	223
2003	202
2004	214
2005	232
2006	212
2007	223
2008	220
2009	212
2010	223
2011	239
2012	194
2013	213
2014	204
2015	224
2016	234
2017	214
2018	213
2019	214
2020	235
2021	211
2022	214
2023	225
2024	210
2025	222
2026	210
2027	222
2028	236
2029	213
2030	215
2031	202
2032	233
2033	214
2034	220
2035	228
2036	207
2037	203
2038	246
2039	241
2040	224
2041	225
2042	212
2043	208
2044	220
2045	241
2046	206
2047	233
2048	212
2049	210
2050	221
2051	201
2052	197
2053	220
2054	214
2055	210
2056	229
2057	222
2058	221
2059	249
2060	227
2061	216
2062	211
2063	185
2064	217
2065	235
2066	225
2067	224
2068	254
2069	228
2070	201
2071	216
2072	233
2073	223
2074	195
2075	221
2076	230
2077	193
2078	211
2079	210
2080	214
2081	224
2082	239
2083	244
2084	207
2085	227
2086	209
2087	221
2088	226
2089	210
2090	219
2091	209
2092	222
2093	239
2094	227
2095	235
2096	232
2097	209
2098	187
2099	216
2100	201
2101	219
2102	226
2103	197
2104	229
2105	218
2106	200
2107	224
2108	210
2109	210
2110	231
2111	192
2112	238
2113	254
2114	225
2115	223
2116	222
2117	204
2118	230
2119	211
2120	205
2121	240
2122	206
2123	195
2124	247
2125	227
2126	203
2127	220
2128	235
2129	213
2130	218
2131	193
2132	228
2133	193
2134	184
2135	231
2136	223
2137	233
2138	220
2139	222
2140	209
2141	211
2142	208
2143	218
2144	213
2145	210
2146	242
2147	202
2148	236
2149	222
2150	184
2151	234
2152	213
2153	196
2154	244
2155	194
2156	225
2157	215
2158	180
2159	228
2160	206
2161	214
2162	226
2163	219
2164	217
2165	202
2166	207
2167	187
2168	187
2169	206
2170	188
2171	202
2172	208
2173	222
2174	179
2175	230
2176	206
2177	211
2178	208
2179	234
2180	199
2181	242
2182	200
2183	215
2184	192
2185	228
2186	204
2187	193
2188	214
2189	191
2190	185
2191	194
2192	178
2193	213
2194	190
2195	183
2196	186
2197	221
2198	195
2199	186
2200	197
2201	229
2202	203
2203	198
2204	219
2205	215
2206	221
2207	213
2208	193
2209	185
2210	214
2211	189
2212	186
2213	200
2214	220
2215	193
2216	222
2217	193
2218	183
2219	198
2220	214
2221	185
2222	204
2223	197
2224	167
2225	193
2226	201
2227	201
2228	222
2229	204
2230	199
2231	199
2232	181
2233	199
2234	196
2235	181
2236	220
2237	198
2238	187
2239	183
2240	200
2241	184
2242	180
2243	183
2244	192
2245	182
2246	209
2247	178
2248	214
2249	190
2250	165
2251	196
2252	209
2253	201
2254	200
2255	190
2256	194
2257	178
2258	168
2259	197
2260	183
2261	194
2262	171
2263	165
2264	178
2265	186
2266	197
2267	166
2268	187
2269	215
2270	178
2271	157
2272	181
2273	204
2274	209
2275	182
2276	192
2277	180
2278	195
2279	199
2280	192
2281	200
2282	172
2283	176
2284	157
2285	191
2286	169
2287	169
2288	172
2289	190
2290	198
2291	174
2292	180
2293	176
2294	186
2295	167
2296	200
2297	157
2298	181
2299	166
2300	172
2301	186
2302	180
2303	176
2304	174
2305	150
2306	171
2307	172
2308	166
2309	169
2310	178
2311	170
2312	158
2313	169
2314	151
2315	146
2316	179
2317	175
2318	145
2319	156
2320	173
2321	160
2322	165
2323	159
2324	164
2325	154
2326	199
2327	185
2328	160
2329	173
2330	141
2331	158
2332	161
2333	161
2334	162
2335	146
2336	162
2337	163
2338	167
2339	176
2340	159
2341	153
2342	158
2343	164
2344	165
2345	146
2346	161
2347	146
2348	166
2349	152
2350	140
2351	170
2352	188
2353	153
2354	143
2355	155
2356	174
2357	180
2358	147
2359	169
2360	154
2361	147
2362	152
2363	150
2364	164
2365	159
2366	148
2367	143
2368	132
2369	135
2370	162
2371	150
2372	142
2373	162
2374	147
2375	148
2376	156
2377	135
2378	170
2379	155
2380	131
2381	155
2382	137
2383	145
2384	142
2385	147
2386	130
2387	156
2388	138
2389	162
2390	115
2391	147
2392	131
2393	147
2394	135
2395	140
2396	126
2397	125
2398	128
2399	145
2400	136
2401	127
2402	127
2403	126
2404	146
2405	152
2406	125
2407	122
2408	121
2409	145
2410	142
2411	142
2412	121
2413	123
2414	126
2415	140
2416	145
2417	155
2418	132
2419	104
2420	132
2421	119
2422	114
2423	124
2424	134
2425	124
2426	140
2427	125
2428	142
2429	130
2430	133
2431	129
2432	123
2433	123
2434	114
2435	141
2436	118
2437	94
2438	123
2439	116
2440	118
2441	117
2442	137
2443	139
2444	120
2445	131
2446	135
2447	114
2448	111
2449	127
2450	114
2451	119
2452	118
2453	118
2454	105
2455	128
2456	111
2457	106
2458	118
2459	123
2460	112
2461	126
2462	99
2463	115
2464	106
2465	101
2466	116
2467	105
2468	103
2469	122
2470	109
2471	120
2472	113
2473	111
2474	109
2475	118
2476	80
2477	122
2478	112
2479	111
2480	89
2481	125
2482	105
2483	99
2484	111
2485	122
2486	95
2487	135
2488	90
2489	115
2490	103
2491	121
2492	108
2493	124
2494	99
2495	102
2496	112
2497	98
2498	108
2499	92
2500	103
2501	96
2502	88
2503	89
2504	125
2505	88
2506	107
2507	92
2508	79
2509	97
2510	101
2511	77
2512	94
2513	98
2514	90
2515	96
2516	95
2517	104
2518	88
2519	88
2520	105
2521	87
2522	86
2523	80
2524	91
2525	90
2526	86
2527	101
2528	98
2529	84
2530	104
2531	94
2532	89
2533	92
2534	85
2535	96
2536	78
2537	87
2538	92
2539	101
2540	85
2541	93
2542	100
2543	97
2544	90
2545	83
2546	87
2547	105
2548	104
2549	86
2550	98
2551	86
2552	78
2553	83
2554	87
2555	89
2556	106
2557	94
2558	91
2559	91
2560	89
2561	77
2562	90
2563	89
2564	93
2565	87
2566	89
2567	93
2568	79
2569	85
2570	79
2571	91
2572	74
2573	71
2574	87
2575	84
2576	68
2577	83
2578	94
2579	89
2580	69
2581	77
2582	72
2583	94
2584	78
2585	90
2586	82
2587	80
2588	82
2589	65
2590	76
2591	77
2592	88
2593	76
2594	95
2595	83
2596	82
2597	77
2598	83
2599	70
2600	71
2601	88
2602	65
2603	85
2604	64
2605	76
2606	95
2607	64
2608	70
2609	77
2610	78
2611	91
2612	75
2613	79
2614	70
2615	67
2616	65
2617	85
2618	84
2619	65
2620	64
2621	86
2622	77
2623	78
2624	66
2625	63
2626	88
2627	64
2628	76
2629	63
2630	75
2631	89
2632	66
2633	77
2634	65
2635	70
2636	84
2637	68
2638	64
2639	73
2640	78
2641	81
2642	74
2643	76
2644	68
2645	60
2646	74
2647	69
2648	74
2649	74
2650	79
2651	53
2652	77
2653	75
2654	71
2655	65
2656	69
2657	82
2658	53
2659	62
2660	80
2661	72
2662	78
2663	84
2664	70
2665	75
2666	60
2667	65
2668	76
2669	75
2670	62
2671	53
2672	74
2673	70
2674	78
2675	68
2676	81
2677	85
2678	67
2679	73
2680	78
2681	81
2682	58
2683	71
2684	73
2685	58
2686	77
2687	82
2688	68
2689	77
2690	71
2691	70
2692	74
2693	59
2694	57
2695	85
2696	66
2697	53
2698	61
2699	73
2700	72
2701	62
2702	66
2703	68
2704	61
2705	63
2706	73
2707	60
2708	61
2709	64
2710	72
2711	72
2712	61
2713	73
2714	66
2715	64
2716	80
2717	76
2718	66
2719	66
2720	58
2721	69
2722	56
2723	72
2724	62
2725	77
2726	69
2727	70
2728	74
2729	64
2730	80
2731	62
2732	68
2733	61
2734	67
2735	58
2736	78
2737	67
2738	88
2739	62
2740	70
2741	76
2742	62
2743	81
2744	78
2745	76
2746	78
2747	73
2748	62
2749	71
2750	76
2751	79
2752	83
2753	82
2754	63
2755	74
2756	73
2757	68
2758	82
2759	64
2760	73
2761	74
2762	71
2763	59
2764	69
2765	81
2766	91
2767	89
2768	82
2769	77
2770	65
2771	66
2772	71
2773	91
2774	62
2775	94
2776	71
2777	83
2778	91
2779	77
2780	65
2781	77
2782	77
2783	77
2784	86
2785	94
2786	75
2787	84
2788	73
2789	98
2790	76
2791	96
2792	105
2793	76
2794	80
2795	86
2796	70
2797	76
2798	78
2799	82
2800	85
2801	79
2802	70
2803	83
2804	81
2805	103
2806	86
2807	82
2808	86
2809	98
2810	85
2811	101
2812	74
2813	106
2814	82
2815	80
2816	83
2817	85
2818	75
2819	101
2820	95
2821	96
2822	95
2823	93
2824	97
2825	100
2826	91
2827	97
2828	84
2829	79
2830	101
2831	118
2832	106
2833	104
2834	109
2835	98
2836	104
2837	116
2838	97
2839	85
2840	101
2841	105
2842	112
2843	94
2844	109
2845	109
2846	104
2847	105
2848	128
2849	118
2850	104
2851	114
2852	116
2853	121
2854	108
2855	121
2856	117
2857	112
2858	116
2859	115
2860	126
2861	118
2862	139
2863	121
2864	134
2865	120
2866	131
2867	145
2868	137
2869	117
2870	130
2871	144
2872	131
2873	118
2874	132
2875	131
2876	130
2877	120
2878	137
2879	134
2880	132
2881	141
2882	123
2883	137
2884	134
2885	149
2886	125
2887	137
2888	133
2889	136
2890	169
2891	141
2892	135
2893	153
2894	138
2895	156
2896	146
2897	135
2898	142
2899	158
2900	138
2901	181
2902	145
2903	149
2904	152
2905	161
2906	163
2907	177
2908	175
2909	177
2910	152
2911	169
2912	186
2913	173
2914	164
2915	189
2916	171
2917	170
2918	186
2919	200
2920	174
2921	159
2922	177
2923	184
2924	190
2925	180
2926	188
2927	158
2928	173
2929	196
2930	192
2931	219
2932	163
2933	190
2934	216
2935	206
2936	188
2937	203
2938	191
2939	210
2940	234
2941	231
2942	212
2943	222
2944	229
2945	209
2946	211
2947	206
2948	216
2949	213
2950	238
2951	231
2952	244
2953	233
2954	228
2955	219
2956	248
2957	239
2958	279
2959	237
2960	216
2961	208
2962	243
2963	216
2964	264
2965	241
2966	282
2967	291
2968	216
2969	264
2970	251
2971	244
2972	276
2973	273
2974	246
2975	266
2976	266
2977	303
2978	279
2979	267
2980	279
2981	285
2982	277
2983	290
2984	300
2985	299
2986	280
2987	290
2988	300
2989	312
2990	314
2991	284
2992	299
2993	300
2994	304
2995	300
2996	314
2997	324
2998	306
2999	294
3000	317
3001	342
3002	350
3003	343
3004	314
3005	343
3006	317
3007	306
3008	324
3009	347
3010	356
3011	334
3012	358
3013	331
3014	372
3015	328
3016	366
3017	331
3018	346
3019	348
3020	326
3021	373
3022	366
3023	354
3024	384
3025	403
3026	396
3027	388
3028	408
3029	374
3030	365
3031	376
3032	397
3033	428
3034	430
3035	398
3036	367
3037	430
3038	420
3039	389
3040	413
3041	384
3042	425
3043	416
3044	403
3045	411
3046	445
3047	403
3048	399
3049	412
3050	421
3051	410
3052	450
3053	440
3054	447
3055	442
3056	460
3057	451
3058	416
3059	504
3060	445
3061	466
3062	426
3063	466
3064	488
3065	483
3066	473
3067	466
3068	427
3069	469
3070	512
3071	515
3072	499
3073	477
3074	493
3075	502
3076	486
3077	484
3078	501
3079	504
3080	507
3081	518
3082	509
3083	545
3084	530
3085	553
3086	567
3087	525
3088	508
3089	540
3090	563
3091	560
3092	537
3093	541
3094	544
3095	578
3096	520
3097	563
3098	597
3099	536
3100	612
3101	590
3102	525
3103	600
3104	597
3105	616
3106	533
3107	569
3108	565
3109	603
3110	598
3111	633
3112	602
3113	609
3114	639
3115	620
3116	612
3117	594
3118	591
3119	641
3120	657
3121	641
3122	634
3123	626
3124	598
3125	567
3126	626
3127	656
3128	646
3129	636
3130	649
3131	665
3132	635
3133	654
3134	713
3135	717
3136	695
3137	660
3138	648
3139	729
3140	690
3141	666
3142	678
3143	677
3144	641
3145	685
3146	717
3147	635
3148	633
3149	691
3150	662
3151	708
3152	694
3153	688
3154	707
3155	684
3156	679
3157	701
3158	715
3159	713
3160	691
3161	748
3162	704
3163	728
3164	721
3165	732
3166	752
3167	741
3168	683
3169	701
3170	725
3171	729
3172	713
3173	749
3174	762
3175	685
3176	815
3177	793
3178	757
3179	793
3180	725
3181	773
3182	788
3183	744
3184	774
3185	745
3186	831
3187	782
3188	783
3189	786
3190	789
3191	794
3192	800
3193	810
3194	790
3195	792
3196	771
3197	799
3198	774
3199	804
3200	825
3201	853
3202	794
3203	877
3204	758
3205	825
3206	854
3207	872
3208	834
3209	851
3210	913
3211	830
3212	898
3213	893
3214	825
3215	830
3216	790
3217	832
3218	875
3219	790
3220	856
3221	794
3222	898
3223	846
3224	899
3225	910
3226	880
3227	906
3228	836
3229	870
3230	862
3231	867
3232	868
3233	901
3234	849
3235	856
3236	921
3237	896
3238	884
3239	876
3240	922
3241	952
3242	881
3243	909
3244	911
3245	873
3246	906
3247	876
3248	909
3249	909
3250	920
3251	898
3252	940
3253	900
3254	941
3255	929
3256	905
3257	872
3258	890
3259	900
3260	863
3261	918
3262	898
3263	886
3264	935
3265	911
3266	915
3267	956
3268	890
3269	927
3270	959
3271	931
3272	924
3273	899
3274	933
3275	961
3276	925
3277	925
3278	928
3279	954
3280	976
3281	959
3282	959
3283	961
3284	945
3285	968
3286	921
3287	919
3288	978
3289	923
3290	1001
3291	935
3292	969
3293	919
3294	924
3295	928
3296	889
3297	928
3298	935
3299	946
3300	926
3301	924
3302	935
3303	956
3304	917
3305	932
3306	918
3307	942
3308	955
3309	977
3310	916
3311	912
3312	904
3313	993
3314	905
3315	948
3316	903
3317	934
3318	960
3319	923
3320	945
3321	925
3322	924
3323	897
3324	922
3325	909
3326	979
3327	960
3328	911
3329	919
3330	948
3331	947
3332	954
3333	885
3334	918
3335	905
3336	955
3337	939
3338	952
3339	914
3340	937
3341	935
3342	952
3343	886
3344	901
3345	942
3346	921
3347	894
3348	911
3349	936
3350	959
3351	933
3352	891
3353	941
3354	884
3355	922
3356	888
3357	931
3358	898
3359	916
3360	879
3361	916
3362	945
3363	914
3364	889
3365	922
3366	930
3367	840
3368	963
3369	921
3370	895
3371	949
3372	877
3373	909
3374	853
3375	902
3376	911
3377	828
3378	951
3379	895
3380	906
3381	826
3382	919
3383	884
3384	908
3385	908
3386	889
3387	929
3388	913
3389	912
3390	857
3391	839
3392	901
3393	875
3394	894
3395	861
3396	883
3397	887
3398	800
3399	852
3400	845
3401	864
3402	917
3403	859
3404	839
3405	832
3406	890
3407	843
3408	834
3409	801
3410	807
3411	839
3412	757
3413	871
3414	804
3415	828
3416	877
3417	820
3418	838
3419	810
3420	834
3421	791
3422	821
3423	795
3424	810
3425	790
3426	731
3427	740
3428	789
3429	787
3430	765
3431	799
3432	792
3433	828
3434	787
3435	775
3436	774
3437	786
3438	716
3439	758
3440	754
3441	714
3442	775
3443	753
3444	779
3445	760
3446	748
3447	765
3448	746
3449	746
3450	770
3451	803
3452	742
3453	703
3454	738
3455	735
3456	760
3457	724
3458	760
3459	742
3460	695
3461	688
3462	728
3463	677
3464	695
3465	730
3466	705
3467	703
3468	726
3469	699
3470	689
3471	661
3472	686
3473	630
3474	690
3475	708
3476	703
3477	691
3478	664
3479	663
3480	646
3481	686
3482	679
3483	669
3484	700
3485	658
3486	633
3487	671
3488	615
3489	671
3490	652
3491	621
3492	627
3493	600
3494	627
3495	622
3496	618
3497	662
3498	628
3499	656
3500	606
3501	596
3502	641
3503	658
3504	611
3505	616
3506	606
3507	569
3508	641
3509	584
3510	584
3511	551
3512	643
3513	555
3514	552
3515	551
3516	606
3517	604
3518	548
3519	593
3520	546
3521	535
3522	576
3523	570
3524	580
3525	538
3526	532
3527	482
3528	545
3529	500
3530	520
3531	521
3532	491
3533	511
3534	572
3535	501
3536	509
3537	533
3538	528
3539	485
3540	519
3541	491
3542	465
3543	524
3544	485
3545	494
3546	477
3547	501
3548	517
3549	506
3550	478
3551	469
3552	455
3553	413
3554	428
3555	463
3556	496
3557	476
3558	459
3559	456
3560	449
3561	439
3562	499
3563	467
3564	454
3565	451
3566	462
3567	466
3568	440
3569	440
3570	456
3571	447
3572	413
3573	404
3574	423
3575	418
3576	443
3577	443
3578	389
3579	464
3580	414
3581	405
3582	399
3583	399
3584	410
3585	374
3586	406
3587	367
3588	406
3589	383
3590	391
3591	390
3592	420
3593	382
3594	364
3595	349
3596	373
3597	381
3598	353
3599	349
3600	371
3601	335
3602	395
3603	318
3604	342
3605	348
3606	350
3607	327
3608	340
3609	328
3610	362
3611	339
3612	339
3613	374
3614	328
3615	309
3616	328
3617	337
3618	343
3619	326
3620	320
3621	322
3622	321
3623	306
3624	290
3625	325
3626	284
3627	290
3628	315
3629	276
3630	319
3631	298
3632	298
3633	301
3634	309
3635	293
3636	246
3637	292
3638	310
3639	293
3640	223
3641	287
3642	275
3643	256
3644	248
3645	241
3646	287
3647	265
3648	284
3649	254
3650	265
3651	250
3652	238
3653	249
3654	242
3655	223
3656	229
3657	253
3658	251
3659	245
3660	259
3661	264
3662	248
3663	232
3664	224
3665	187
3666	234
3667	243
3668	187
3669	210
3670	228
3671	200
3672	208
3673	203
3674	229
3675	181
3676	205
3677	218
3678	193
3679	188
3680	206
3681	192
3682	201
3683	214
3684	178
3685	208
3686	194
3687	184
3688	196
3689	190
3690	192
3691	187
3692	191
3693	173
3694	187
3695	201
3696	173
3697	169
3698	202
3699	166
3700	162
3701	199
3702	168
3703	159
3704	186
3705	164
3706	182
3707	143
3708	153
3709	155
3710	165
3711	160
3712	168
3713	143
3714	164
3715	155
3716	153
3717	157
3718	149
3719	171
3720	137
3721	113
3722	180
3723	149
3724	143
3725	137
3726	141
3727	127
3728	134
3729	117
3730	135
3731	122
3732	135
3733	142
3734	117
3735	138
3736	137
3737	122
3738	103
3739	114
3740	120
3741	127
3742	112
3743	121
3744	113
3745	126
3746	103
3747	110
3748	110
3749	102
3750	132
3751	99
3752	132
3753	118
3754	103
3755	120
3756	106
3757	116
3758	89
3759	98
3760	121
3761	107
3762	97
3763	101
3764	101
3765	98
3766	91
3767	94
3768	100
3769	110
3770	87
3771	92
3772	86
3773	73
3774	88
3775	89
3776	72
3777	100
3778	94
3779	69
3780	79
3781	86
3782	92
3783	65
3784	73
3785	67
3786	90
3787	77
3788	88
3789	88
3790	94
3791	78
3792	80
3793	70
3794	69
3795	73
3796	68
3797	63
3798	65
3799	66
3800	67
3801	64
3802	73
3803	68
3804	70
3805	60
3806	62
3807	69
3808	69
3809	67
3810	52
3811	67
3812	68
3813	47
3814	56
3815	63
3816	55
3817	61
3818	61
3819	57
3820	49
3821	63
3822	40
3823	50
3824	46
3825	53
3826	54
3827	40
3828	51
3829	48
3830	51
3831	55
3832	44
3833	44
3834	44
3835	49
3836	50
3837	38
3838	71
3839	40
3840	63
3841	54
3842	43
3843	52
3844	63
3845	41
3846	39
3847	49
3848	44
3849	36
3850	45
3851	51
3852	28
3853	38
3854	48
3855	42
3856	41
3857	42
3858	48
3859	33
3860	35
3861	35
3862	45
3863	43
3864	38
3865	43
3866	29
3867	45
3868	41
3869	33
3870	32
3871	28
3872	41
3873	28
3874	40
3875	30
3876	36
3877	32
3878	32
3879	24
3880	37
3881	24
3882	43
3883	34
3884	31
3885	33
3886	24
3887	39
3888	29
3889	32
3890	35
3891	34
3892	28
3893	23
3894	21
3895	31
3896	28
3897	23
3898	22
3899	22
3900	20
3901	17
3902	24
3903	20
3904	22
3905	18
3906	29
3907	22
3908	23
3909	23
3910	21
3911	18
3912	23
3913	20
3914	24
3915	19
3916	26
3917	11
3918	21
3919	16
3920	22
3921	11
3922	18
3923	17
3924	21
3925	23
3926	16
3927	10
3928	23
3929	11
3930	12
3931	12
3932	13
3933	13
3934	16
3935	19
3936	14
3937	18
3938	15
3939	15
3940	19
3941	19
3942	16
3943	14
3944	10
3945	11
3946	21
3947	11
3948	13
3949	17
3950	11
3951	16
3952	13
3953	16
3954	9
3955	17
3956	12
3957	12
3958	8
3959	13
3960	20
3961	12
3962	9
3963	11
3964	16
3965	13
3966	17
3967	8
3968	22
3969	13
3970	16
3971	10
3972	15
3973	9
3974	15
3975	11
3976	12
3977	12
3978	8
3979	9
3980	8
3981	11
3982	8
3983	14
3984	5
3985	10
3986	14
3987	9
3988	13
3989	11
3990	8
3991	14
3992	10
3993	5
3994	7
3995	9
3996	9
3997	6
3998	8
3999	11
4000	10
4001	8
4002	6
4003	9
4004	9
4005	4
4006	5
4007	8
4008	6
4009	6
4010	5
4011	6
4012	10
4013	6
4014	9
4015	9
4016	4
4017	8
4018	7
4019	3
4020	3
4021	7
4022	9
4023	7
4024	10
4025	5
4026	8
4027	9
4028	4
4029	6
4030	5
4031	11
4032	2
4033	3
4034	6
4035	11
4036	7
4037	7
4038	2
4039	4
4040	6
4041	9
4042	3
4043	4
4044	8
4045	5
4046	7
4047	5
4048	3
4049	5
4050	5
4051	6
4052	7
4053	6
4054	9
4055	7
4056	6
4057	6
4058	1
4059	7
4060	3
4061	5
4062	2
4063	7
4064	5
4065	6
4066	4
4067	2
4068	7
4069	3
4070	4
4071	4
4072	3
4073	5
4074	2
4075	4
4076	6
4077	4
4078	5
4079	7
4080	1
4081	3
4082	4
4083	8
4084	6
4085	2
4086	4
4087	3
4088	0
4089	4
4090	3
4091	2
4092	3
4093	8
4094	5
4095	1
