0	0
1	0
2	0
3	0
4	0
5	0
6	0
7	0
8	0
9	0
10	0
11	0
12	0
13	0
14	0
15	0
16	0
17	0
18	0
19	0
20	0
21	0
22	0
23	0
24	0
25	0
26	0
27	0
28	0
29	1
30	0
31	0
32	0
33	1
34	0
35	1
36	1
37	2
38	0
39	2
40	0
41	2
42	3
43	2
44	3
45	4
46	10
47	4
48	2
49	5
50	5
51	8
52	2
53	4
54	7
55	11
56	11
57	11
58	5
59	9
60	36
61	204
62	850
63	3545
64	7333
65	7862
66	6790
67	6072
68	5327
69	4520
70	3975
71	3474
72	2893
73	2520
74	2137
75	1916
76	1682
77	1438
78	1204
79	1058
80	952
81	750
82	663
83	569
84	544
85	431
86	420
87	371
88	333
89	298
90	257
91	256
92	208
93	194
94	209
95	188
96	174
97	152
98	165
99	167
100	155
101	158
102	148
103	157
104	170
105	145
106	134
107	139
108	152
109	141
110	134
111	146
112	136
113	132
114	147
115	130
116	131
117	140
118	129
119	137
120	132
121	144
122	124
123	161
124	157
125	131
126	151
127	130
128	135
129	155
130	139
131	138
132	149
133	163
134	128
135	152
136	146
137	142
138	137
139	130
140	140
141	146
142	134
143	146
144	123
145	150
146	164
147	155
148	155
149	110
150	184
151	149
152	153
153	131
154	137
155	139
156	160
157	127
158	149
159	161
160	155
161	163
162	149
163	126
164	146
165	163
166	162
167	139
168	139
169	126
170	153
171	149
172	154
173	138
174	123
175	151
176	151
177	169
178	141
179	136
180	153
181	137
182	103
183	150
184	120
185	160
186	138
187	150
188	149
189	153
190	159
191	149
192	147
193	151
194	135
195	133
196	110
197	143
198	109
199	118
200	129
201	128
202	134
203	151
204	157
205	145
206	162
207	145
208	144
209	127
210	170
211	148
212	142
213	132
214	153
215	145
216	158
217	151
218	142
219	142
220	138
221	109
222	155
223	147
224	141
225	155
226	142
227	151
228	143
229	159
230	143
231	139
232	134
233	144
234	106
235	131
236	165
237	165
238	145
239	134
240	147
241	147
242	158
243	144
244	150
245	135
246	142
247	129
248	135
249	153
250	153
251	143
252	149
253	119
254	143
255	156
256	140
257	144
258	133
259	143
260	145
261	146
262	154
263	153
264	150
265	151
266	147
267	149
268	146
269	149
270	144
271	137
272	132
273	171
274	142
275	154
276	144
277	140
278	152
279	140
280	145
281	138
282	153
283	153
284	167
285	158
286	151
287	162
288	176
289	137
290	134
291	128
292	128
293	135
294	141
295	143
296	144
297	150
298	145
299	165
300	154
301	145
302	127
303	156
304	157
305	145
306	143
307	174
308	152
309	162
310	147
311	157
312	146
313	138
314	126
315	130
316	143
317	149
318	132
319	137
320	176
321	149
322	144
323	151
324	152
325	166
326	166
327	146
328	154
329	143
330	132
331	169
332	135
333	150
334	146
335	157
336	164
337	173
338	163
339	146
340	162
341	167
342	156
343	164
344	152
345	146
346	154
347	145
348	121
349	159
350	173
351	164
352	132
353	137
354	139
355	124
356	142
357	138
358	130
359	151
360	138
361	149
362	158
363	135
364	154
365	141
366	153
367	134
368	148
369	160
370	158
371	163
372	163
373	153
374	146
375	168
376	152
377	145
378	150
379	162
380	157
381	161
382	157
383	164
384	159
385	153
386	138
387	167
388	153
389	157
390	150
391	150
392	136
393	144
394	137
395	150
396	178
397	154
398	139
399	159
400	142
401	131
402	145
403	147
404	159
405	153
406	147
407	146
408	133
409	170
410	158
411	147
412	139
413	154
414	143
415	161
416	147
417	145
418	153
419	139
420	125
421	140
422	155
423	155
424	163
425	124
426	147
427	161
428	158
429	165
430	135
431	157
432	180
433	151
434	160
435	146
436	144
437	149
438	131
439	180
440	150
441	153
442	156
443	142
444	173
445	138
446	178
447	157
448	146
449	151
450	137
451	150
452	163
453	150
454	166
455	154
456	150
457	165
458	170
459	136
460	147
461	137
462	172
463	134
464	160
465	154
466	149
467	138
468	158
469	174
470	153
471	148
472	165
473	167
474	169
475	151
476	171
477	155
478	160
479	149
480	172
481	163
482	136
483	170
484	142
485	135
486	154
487	157
488	148
489	167
490	157
491	146
492	178
493	165
494	146
495	150
496	150
497	154
498	153
499	136
500	162
501	166
502	158
503	166
504	152
505	174
506	139
507	141
508	151
509	160
510	166
511	155
512	166
513	153
514	134
515	181
516	160
517	181
518	172
519	149
520	136
521	165
522	160
523	152
524	146
525	148
526	160
527	176
528	144
529	157
530	150
531	153
532	146
533	171
534	172
535	162
536	160
537	184
538	164
539	157
540	177
541	145
542	171
543	175
544	175
545	166
546	162
547	165
548	155
549	150
550	154
551	133
552	159
553	188
554	159
555	152
556	168
557	138
558	162
559	161
560	141
561	136
562	157
563	151
564	158
565	168
566	138
567	168
568	157
569	166
570	167
571	176
572	152
573	181
574	169
575	167
576	142
577	142
578	174
579	140
580	162
581	164
582	167
583	149
584	144
585	161
586	196
587	163
588	178
589	160
590	154
591	161
592	165
593	157
594	159
595	144
596	152
597	175
598	155
599	140
600	158
601	160
602	153
603	150
604	143
605	146
606	153
607	173
608	187
609	160
610	165
611	165
612	150
613	176
614	142
615	172
616	171
617	149
618	158
619	161
620	147
621	179
622	145
623	165
624	151
625	171
626	156
627	175
628	155
629	140
630	168
631	170
632	143
633	166
634	179
635	149
636	169
637	187
638	159
639	150
640	191
641	161
642	178
643	170
644	177
645	184
646	142
647	151
648	166
649	164
650	169
651	152
652	161
653	184
654	151
655	165
656	128
657	161
658	176
659	146
660	150
661	143
662	176
663	156
664	176
665	157
666	178
667	173
668	169
669	189
670	166
671	180
672	175
673	170
674	169
675	170
676	136
677	177
678	174
679	156
680	150
681	145
682	154
683	193
684	170
685	153
686	156
687	170
688	170
689	181
690	176
691	144
692	168
693	156
694	161
695	154
696	150
697	144
698	189
699	171
700	164
701	193
702	155
703	178
704	181
705	191
706	172
707	148
708	171
709	196
710	174
711	154
712	186
713	155
714	166
715	160
716	189
717	149
718	168
719	164
720	159
721	159
722	177
723	176
724	167
725	167
726	176
727	154
728	186
729	161
730	175
731	165
732	173
733	168
734	165
735	164
736	175
737	154
738	168
739	173
740	170
741	164
742	194
743	166
744	163
745	155
746	167
747	178
748	172
749	173
750	155
751	189
752	162
753	182
754	164
755	165
756	159
757	181
758	184
759	187
760	144
761	151
762	189
763	192
764	162
765	181
766	170
767	169
768	171
769	170
770	168
771	166
772	177
773	169
774	184
775	188
776	181
777	164
778	179
779	168
780	201
781	184
782	165
783	169
784	164
785	164
786	188
787	187
788	166
789	166
790	163
791	192
792	185
793	179
794	165
795	198
796	164
797	182
798	186
799	186
800	168
801	162
802	169
803	190
804	164
805	192
806	184
807	173
808	179
809	173
810	191
811	168
812	176
813	172
814	193
815	210
816	185
817	166
818	176
819	180
820	161
821	197
822	175
823	165
824	181
825	193
826	186
827	172
828	197
829	168
830	161
831	202
832	195
833	184
834	180
835	180
836	191
837	194
838	198
839	172
840	197
841	181
842	184
843	195
844	178
845	197
846	189
847	184
848	155
849	208
850	192
851	200
852	181
853	188
854	174
855	177
856	169
857	179
858	168
859	163
860	177
861	210
862	201
863	178
864	166
865	184
866	171
867	176
868	185
869	184
870	174
871	175
872	186
873	167
874	184
875	192
876	197
877	191
878	184
879	187
880	174
881	156
882	184
883	173
884	161
885	192
886	178
887	189
888	185
889	190
890	193
891	202
892	179
893	206
894	212
895	189
896	190
897	177
898	186
899	184
900	184
901	203
902	187
903	183
904	216
905	190
906	189
907	169
908	202
909	193
910	187
911	192
912	192
913	169
914	191
915	179
916	184
917	179
918	179
919	207
920	225
921	169
922	193
923	189
924	219
925	201
926	213
927	189
928	207
929	218
930	209
931	206
932	191
933	196
934	188
935	201
936	185
937	189
938	203
939	202
940	201
941	187
942	189
943	201
944	169
945	210
946	181
947	187
948	204
949	187
950	185
951	193
952	191
953	193
954	168
955	200
956	212
957	209
958	182
959	184
960	203
961	207
962	194
963	200
964	211
965	217
966	218
967	201
968	171
969	208
970	188
971	171
972	181
973	182
974	194
975	187
976	205
977	159
978	192
979	182
980	199
981	205
982	181
983	207
984	224
985	195
986	205
987	237
988	197
989	204
990	220
991	208
992	203
993	206
994	190
995	186
996	181
997	209
998	223
999	193
1000	190
1001	215
1002	210
1003	212
1004	206
1005	178
1006	193
1007	197
1008	200
1009	209
1010	194
1011	215
1012	184
1013	196
1014	198
1015	187
1016	198
1017	193
1018	209
1019	206
1020	195
1021	208
1022	186
1023	222
1024	212
1025	201
1026	208
1027	194
1028	202
1029	196
1030	186
1031	225
1032	198
1033	172
1034	204
1035	193
1036	201
1037	204
1038	199
1039	196
1040	187
1041	222
1042	195
1043	188
1044	204
1045	232
1046	191
1047	197
1048	194
1049	231
1050	199
1051	222
1052	187
1053	200
1054	205
1055	202
1056	238
1057	197
1058	214
1059	183
1060	195
1061	206
1062	186
1063	216
1064	198
1065	182
1066	190
1067	181
1068	215
1069	201
1070	189
1071	211
1072	192
1073	230
1074	190
1075	201
1076	186
1077	170
1078	199
1079	190
1080	184
1081	194
1082	217
1083	197
1084	210
1085	225
1086	203
1087	183
1088	196
1089	229
1090	205
1091	202
1092	188
1093	192
1094	209
1095	189
1096	218
1097	194
1098	203
1099	182
1100	204
1101	192
1102	201
1103	206
1104	167
1105	206
1106	203
1107	184
1108	208
1109	194
1110	206
1111	140
1112	222
1113	205
1114	175
1115	192
1116	193
1117	211
1118	210
1119	186
1120	184
1121	182
1122	199
1123	177
1124	204
1125	201
1126	195
1127	165
1128	190
1129	193
1130	206
1131	192
1132	185
1133	203
1134	180
1135	228
1136	209
1137	158
1138	194
1139	160
1140	187
1141	187
1142	207
1143	191
1144	198
1145	191
1146	186
1147	172
1148	217
1149	198
1150	207
1151	207
1152	200
1153	227
1154	189
1155	176
1156	184
1157	193
1158	177
1159	183
1160	198
1161	193
1162	171
1163	219
1164	199
1165	182
1166	200
1167	220
1168	204
1169	163
1170	212
1171	187
1172	201
1173	192
1174	179
1175	178
1176	166
1177	198
1178	179
1179	191
1180	187
1181	187
1182	187
1183	183
1184	183
1185	173
1186	182
1187	195
1188	179
1189	181
1190	182
1191	206
1192	194
1193	190
1194	164
1195	194
1196	163
1197	202
1198	185
1199	181
1200	189
1201	187
1202	173
1203	184
1204	184
1205	184
1206	198
1207	195
1208	195
1209	199
1210	158
1211	206
1212	163
1213	195
1214	185
1215	160
1216	185
1217	194
1218	181
1219	206
1220	226
1221	178
1222	219
1223	191
1224	200
1225	173
1226	196
1227	176
1228	177
1229	188
1230	195
1231	167
1232	180
1233	191
1234	202
1235	172
1236	190
1237	190
1238	164
1239	193
1240	186
1241	189
1242	175
1243	196
1244	180
1245	176
1246	208
1247	205
1248	189
1249	197
1250	187
1251	170
1252	212
1253	160
1254	159
1255	189
1256	188
1257	191
1258	176
1259	183
1260	183
1261	204
1262	184
1263	181
1264	153
1265	159
1266	179
1267	178
1268	177
1269	197
1270	195
1271	179
1272	167
1273	196
1274	189
1275	181
1276	173
1277	188
1278	164
1279	212
1280	163
1281	166
1282	163
1283	181
1284	179
1285	199
1286	197
1287	183
1288	175
1289	178
1290	200
1291	175
1292	185
1293	198
1294	172
1295	182
1296	187
1297	184
1298	160
1299	170
1300	205
1301	177
1302	200
1303	206
1304	175
1305	166
1306	195
1307	187
1308	171
1309	185
1310	188
1311	166
1312	168
1313	178
1314	194
1315	204
1316	182
1317	177
1318	194
1319	192
1320	188
1321	214
1322	183
1323	178
1324	195
1325	183
1326	165
1327	165
1328	194
1329	185
1330	175
1331	197
1332	167
1333	188
1334	182
1335	185
1336	170
1337	194
1338	183
1339	183
1340	177
1341	160
1342	191
1343	174
1344	181
1345	176
1346	157
1347	188
1348	166
1349	195
1350	173
1351	185
1352	167
1353	206
1354	178
1355	177
1356	181
1357	191
1358	177
1359	166
1360	165
1361	181
1362	174
1363	184
1364	158
1365	162
1366	176
1367	180
1368	174
1369	173
1370	173
1371	184
1372	178
1373	174
1374	170
1375	184
1376	189
1377	179
1378	211
1379	190
1380	178
1381	173
1382	200
1383	166
1384	169
1385	170
1386	161
1387	168
1388	179
1389	160
1390	183
1391	175
1392	195
1393	188
1394	170
1395	165
1396	184
1397	180
1398	183
1399	188
1400	197
1401	181
1402	165
1403	199
1404	157
1405	175
1406	167
1407	158
1408	204
1409	174
1410	178
1411	156
1412	178
1413	181
1414	154
1415	183
1416	182
1417	178
1418	158
1419	182
1420	162
1421	160
1422	168
1423	162
1424	194
1425	163
1426	158
1427	161
1428	176
1429	161
1430	177
1431	163
1432	178
1433	187
1434	186
1435	148
1436	184
1437	185
1438	178
1439	165
1440	195
1441	175
1442	183
1443	169
1444	205
1445	164
1446	181
1447	178
1448	172
1449	180
1450	162
1451	174
1452	172
1453	174
1454	173
1455	182
1456	186
1457	182
1458	199
1459	164
1460	174
1461	171
1462	186
1463	187
1464	167
1465	194
1466	183
1467	169
1468	173
1469	162
1470	185
1471	177
1472	185
1473	170
1474	159
1475	166
1476	186
1477	180
1478	185
1479	169
1480	173
1481	172
1482	173
1483	211
1484	172
1485	190
1486	165
1487	183
1488	163
1489	177
1490	189
1491	186
1492	162
1493	193
1494	199
1495	175
1496	193
1497	174
1498	180
1499	184
1500	172
1501	185
1502	191
1503	171
1504	175
1505	199
1506	180
1507	161
1508	180
1509	201
1510	157
1511	172
1512	165
1513	180
1514	178
1515	186
1516	155
1517	154
1518	175
1519	159
1520	164
1521	178
1522	188
1523	187
1524	179
1525	167
1526	146
1527	197
1528	179
1529	198
1530	186
1531	177
1532	200
1533	167
1534	185
1535	197
1536	146
1537	153
1538	184
1539	188
1540	183
1541	174
1542	185
1543	177
1544	153
1545	167
1546	178
1547	176
1548	181
1549	175
1550	153
1551	171
1552	164
1553	163
1554	177
1555	157
1556	185
1557	192
1558	177
1559	175
1560	184
1561	172
1562	194
1563	176
1564	169
1565	184
1566	172
1567	187
1568	168
1569	178
1570	165
1571	159
1572	181
1573	177
1574	181
1575	159
1576	190
1577	171
1578	171
1579	172
1580	176
1581	165
1582	154
1583	173
1584	168
1585	174
1586	171
1587	185
1588	181
1589	160
1590	163
1591	176
1592	188
1593	200
1594	186
1595	199
1596	178
1597	186
1598	171
1599	160
1600	161
1601	186
1602	177
1603	170
1604	159
1605	183
1606	184
1607	185
1608	175
1609	194
1610	167
1611	174
1612	171
1613	169
1614	166
1615	185
1616	163
1617	199
1618	187
1619	188
1620	184
1621	176
1622	173
1623	178
1624	173
1625	187
1626	184
1627	153
1628	181
1629	154
1630	167
1631	188
1632	174
1633	169
1634	173
1635	191
1636	162
1637	203
1638	188
1639	150
1640	175
1641	188
1642	187
1643	172
1644	192
1645	180
1646	181
1647	149
1648	207
1649	180
1650	162
1651	174
1652	163
1653	189
1654	179
1655	189
1656	174
1657	163
1658	206
1659	167
1660	194
1661	165
1662	178
1663	175
1664	175
1665	176
1666	169
1667	155
1668	179
1669	184
1670	181
1671	158
1672	156
1673	176
1674	166
1675	172
1676	190
1677	174
1678	196
1679	172
1680	192
1681	191
1682	174
1683	169
1684	185
1685	165
1686	204
1687	173
1688	160
1689	169
1690	177
1691	161
1692	194
1693	186
1694	184
1695	172
1696	180
1697	184
1698	181
1699	187
1700	176
1701	177
1702	178
1703	178
1704	188
1705	174
1706	169
1707	166
1708	187
1709	191
1710	177
1711	179
1712	175
1713	162
1714	195
1715	195
1716	196
1717	204
1718	180
1719	168
1720	168
1721	173
1722	158
1723	191
1724	183
1725	194
1726	196
1727	163
1728	175
1729	162
1730	183
1731	182
1732	185
1733	162
1734	175
1735	185
1736	186
1737	178
1738	166
1739	175
1740	195
1741	185
1742	175
1743	177
1744	173
1745	184
1746	187
1747	179
1748	172
1749	152
1750	201
1751	142
1752	183
1753	164
1754	182
1755	183
1756	164
1757	173
1758	182
1759	184
1760	172
1761	189
1762	187
1763	180
1764	196
1765	185
1766	188
1767	155
1768	172
1769	183
1770	174
1771	172
1772	169
1773	158
1774	183
1775	172
1776	173
1777	169
1778	214
1779	158
1780	188
1781	184
1782	173
1783	185
1784	174
1785	185
1786	164
1787	185
1788	222
1789	181
1790	157
1791	178
1792	182
1793	178
1794	184
1795	167
1796	154
1797	174
1798	178
1799	198
1800	175
1801	174
1802	175
1803	196
1804	182
1805	184
1806	195
1807	176
1808	178
1809	195
1810	174
1811	189
1812	178
1813	190
1814	176
1815	171
1816	167
1817	192
1818	188
1819	189
1820	170
1821	216
1822	155
1823	177
1824	193
1825	199
1826	193
1827	168
1828	185
1829	170
1830	203
1831	162
1832	198
1833	188
1834	183
1835	153
1836	160
1837	167
1838	182
1839	183
1840	196
1841	183
1842	179
1843	171
1844	177
1845	190
1846	194
1847	168
1848	183
1849	163
1850	191
1851	188
1852	202
1853	176
1854	173
1855	172
1856	187
1857	190
1858	202
1859	192
1860	171
1861	165
1862	190
1863	176
1864	181
1865	171
1866	147
1867	181
1868	169
1869	212
1870	207
1871	180
1872	217
1873	173
1874	173
1875	158
1876	189
1877	167
1878	209
1879	178
1880	177
1881	206
1882	204
1883	186
1884	178
1885	186
1886	190
1887	189
1888	185
1889	202
1890	188
1891	195
1892	171
1893	161
1894	191
1895	165
1896	197
1897	211
1898	186
1899	189
1900	185
1901	183
1902	190
1903	199
1904	170
1905	188
1906	172
1907	176
1908	180
1909	160
1910	174
1911	196
1912	179
1913	187
1914	179
1915	202
1916	166
1917	186
1918	169
1919	189
1920	210
1921	175
1922	206
1923	190
1924	183
1925	177
1926	170
1927	169
1928	208
1929	191
1930	173
1931	171
1932	200
1933	171
1934	203
1935	164
1936	192
1937	182
1938	180
1939	188
1940	168
1941	172
1942	178
1943	170
1944	207
1945	226
1946	183
1947	182
1948	186
1949	177
1950	178
1951	178
1952	203
1953	216
1954	176
1955	161
1956	193
1957	162
1958	174
1959	205
1960	156
1961	185
1962	176
1963	178
1964	170
1965	201
1966	192
1967	180
1968	187
1969	172
1970	148
1971	184
1972	194
1973	185
1974	200
1975	189
1976	182
1977	172
1978	210
1979	179
1980	179
1981	181
1982	174
1983	176
1984	198
1985	176
1986	184
1987	167
1988	205
1989	181
1990	171
1991	190
1992	196
1993	168
1994	187
1995	184
1996	204
1997	182
1998	197
1999	198
2000	184
2001	176
2002	168
2003	190
2004	188
2005	174
2006	179
2007	182
2008	202
2009	208
2010	177
2011	183
2012	196
2013	192
2014	193
2015	208
2016	177
2017	172
2018	162
2019	168
2020	194
2021	183
2022	188
2023	185
2024	170
2025	187
2026	186
2027	174
2028	171
2029	196
2030	185
2031	179
2032	178
2033	192
2034	174
2035	185
2036	160
2037	176
2038	197
2039	196
2040	213
2041	200
2042	202
2043	207
2044	176
2045	179
2046	156
2047	183
2048	187
2049	200
2050	207
2051	182
2052	172
2053	171
2054	169
2055	164
2056	179
2057	169
2058	183
2059	196
2060	176
2061	181
2062	175
2063	180
2064	207
2065	151
2066	187
2067	165
2068	176
2069	195
2070	181
2071	192
2072	184
2073	169
2074	171
2075	164
2076	179
2077	167
2078	159
2079	186
2080	187
2081	174
2082	204
2083	183
2084	189
2085	178
2086	188
2087	190
2088	176
2089	187
2090	180
2091	190
2092	170
2093	180
2094	194
2095	164
2096	181
2097	184
2098	173
2099	162
2100	189
2101	167
2102	185
2103	173
2104	197
2105	179
2106	193
2107	182
2108	199
2109	175
2110	186
2111	184
2112	180
2113	171
2114	188
2115	193
2116	173
2117	191
2118	162
2119	176
2120	161
2121	179
2122	203
2123	199
2124	184
2125	166
2126	178
2127	178
2128	170
2129	151
2130	194
2131	186
2132	184
2133	171
2134	177
2135	166
2136	186
2137	163
2138	173
2139	206
2140	163
2141	195
2142	193
2143	174
2144	174
2145	165
2146	178
2147	183
2148	185
2149	182
2150	172
2151	153
2152	161
2153	170
2154	183
2155	203
2156	226
2157	184
2158	164
2159	176
2160	170
2161	166
2162	187
2163	191
2164	179
2165	161
2166	172
2167	177
2168	179
2169	190
2170	195
2171	163
2172	203
2173	155
2174	177
2175	146
2176	182
2177	164
2178	169
2179	184
2180	165
2181	159
2182	157
2183	164
2184	153
2185	173
2186	167
2187	194
2188	171
2189	174
2190	162
2191	158
2192	188
2193	159
2194	183
2195	205
2196	161
2197	171
2198	156
2199	161
2200	146
2201	178
2202	166
2203	155
2204	173
2205	172
2206	172
2207	155
2208	145
2209	150
2210	146
2211	171
2212	187
2213	154
2214	168
2215	170
2216	172
2217	144
2218	171
2219	163
2220	151
2221	168
2222	175
2223	194
2224	183
2225	176
2226	167
2227	156
2228	163
2229	170
2230	145
2231	172
2232	187
2233	164
2234	172
2235	159
2236	163
2237	156
2238	187
2239	183
2240	152
2241	166
2242	145
2243	165
2244	177
2245	173
2246	172
2247	161
2248	155
2249	167
2250	175
2251	183
2252	161
2253	161
2254	153
2255	140
2256	141
2257	141
2258	170
2259	175
2260	155
2261	179
2262	130
2263	154
2264	157
2265	135
2266	148
2267	167
2268	151
2269	172
2270	145
2271	156
2272	160
2273	157
2274	149
2275	153
2276	163
2277	136
2278	162
2279	169
2280	134
2281	162
2282	152
2283	154
2284	146
2285	149
2286	153
2287	140
2288	155
2289	125
2290	147
2291	171
2292	136
2293	154
2294	138
2295	142
2296	144
2297	158
2298	165
2299	167
2300	131
2301	138
2302	139
2303	143
2304	137
2305	138
2306	143
2307	143
2308	129
2309	122
2310	130
2311	141
2312	148
2313	116
2314	134
2315	123
2316	124
2317	126
2318	145
2319	142
2320	143
2321	127
2322	150
2323	145
2324	164
2325	167
2326	129
2327	134
2328	111
2329	135
2330	142
2331	135
2332	137
2333	152
2334	146
2335	133
2336	146
2337	146
2338	125
2339	136
2340	113
2341	130
2342	142
2343	139
2344	146
2345	122
2346	140
2347	146
2348	136
2349	153
2350	136
2351	142
2352	137
2353	130
2354	128
2355	125
2356	119
2357	124
2358	125
2359	140
2360	131
2361	115
2362	125
2363	131
2364	143
2365	145
2366	122
2367	130
2368	123
2369	131
2370	116
2371	135
2372	111
2373	143
2374	124
2375	133
2376	133
2377	118
2378	143
2379	106
2380	126
2381	119
2382	112
2383	140
2384	123
2385	120
2386	119
2387	124
2388	110
2389	124
2390	100
2391	150
2392	125
2393	121
2394	112
2395	108
2396	126
2397	126
2398	119
2399	120
2400	115
2401	98
2402	112
2403	128
2404	101
2405	114
2406	109
2407	117
2408	99
2409	102
2410	125
2411	99
2412	115
2413	112
2414	106
2415	112
2416	102
2417	124
2418	93
2419	119
2420	117
2421	107
2422	115
2423	106
2424	110
2425	96
2426	119
2427	123
2428	111
2429	116
2430	95
2431	105
2432	97
2433	97
2434	110
2435	119
2436	102
2437	120
2438	103
2439	106
2440	93
2441	119
2442	102
2443	93
2444	105
2445	100
2446	114
2447	93
2448	103
2449	100
2450	97
2451	91
2452	103
2453	100
2454	107
2455	85
2456	82
2457	95
2458	103
2459	118
2460	95
2461	86
2462	101
2463	79
2464	106
2465	82
2466	98
2467	97
2468	93
2469	98
2470	93
2471	87
2472	94
2473	89
2474	85
2475	94
2476	87
2477	76
2478	85
2479	98
2480	87
2481	103
2482	99
2483	99
2484	87
2485	85
2486	100
2487	73
2488	93
2489	81
2490	96
2491	72
2492	84
2493	81
2494	82
2495	84
2496	100
2497	72
2498	86
2499	82
2500	79
2501	65
2502	89
2503	95
2504	75
2505	81
2506	84
2507	80
2508	87
2509	83
2510	79
2511	93
2512	82
2513	76
2514	100
2515	79
2516	86
2517	89
2518	98
2519	70
2520	79
2521	85
2522	83
2523	90
2524	83
2525	64
2526	67
2527	88
2528	83
2529	71
2530	82
2531	76
2532	82
2533	80
2534	87
2535	78
2536	87
2537	70
2538	71
2539	84
2540	91
2541	75
2542	64
2543	77
2544	91
2545	67
2546	84
2547	82
2548	80
2549	60
2550	71
2551	73
2552	71
2553	68
2554	74
2555	74
2556	64
2557	56
2558	76
2559	71
2560	79
2561	72
2562	82
2563	73
2564	70
2565	68
2566	71
2567	66
2568	74
2569	66
2570	61
2571	65
2572	69
2573	82
2574	59
2575	63
2576	78
2577	85
2578	64
2579	72
2580	60
2581	70
2582	73
2583	73
2584	82
2585	70
2586	68
2587	63
2588	76
2589	58
2590	61
2591	55
2592	57
2593	63
2594	66
2595	82
2596	70
2597	67
2598	62
2599	64
2600	73
2601	64
2602	60
2603	57
2604	72
2605	62
2606	77
2607	52
2608	59
2609	78
2610	62
2611	69
2612	57
2613	73
2614	67
2615	55
2616	57
2617	58
2618	63
2619	63
2620	65
2621	54
2622	62
2623	65
2624	38
2625	74
2626	54
2627	55
2628	65
2629	55
2630	67
2631	57
2632	62
2633	64
2634	63
2635	81
2636	62
2637	52
2638	63
2639	54
2640	69
2641	58
2642	52
2643	62
2644	50
2645	50
2646	63
2647	62
2648	76
2649	62
2650	57
2651	60
2652	62
2653	58
2654	61
2655	61
2656	62
2657	68
2658	63
2659	66
2660	67
2661	41
2662	58
2663	42
2664	66
2665	56
2666	57
2667	55
2668	57
2669	51
2670	47
2671	47
2672	49
2673	69
2674	66
2675	56
2676	53
2677	77
2678	45
2679	68
2680	54
2681	53
2682	48
2683	50
2684	47
2685	57
2686	54
2687	69
2688	59
2689	49
2690	43
2691	61
2692	61
2693	69
2694	59
2695	62
2696	43
2697	57
2698	58
2699	49
2700	58
2701	61
2702	57
2703	51
2704	57
2705	55
2706	41
2707	55
2708	69
2709	61
2710	52
2711	61
2712	52
2713	51
2714	60
2715	54
2716	60
2717	61
2718	60
2719	48
2720	70
2721	55
2722	46
2723	49
2724	71
2725	40
2726	48
2727	61
2728	52
2729	65
2730	60
2731	60
2732	60
2733	65
2734	52
2735	61
2736	61
2737	54
2738	71
2739	70
2740	52
2741	70
2742	54
2743	58
2744	59
2745	45
2746	63
2747	53
2748	59
2749	53
2750	53
2751	58
2752	54
2753	46
2754	64
2755	56
2756	58
2757	66
2758	51
2759	68
2760	68
2761	64
2762	57
2763	55
2764	62
2765	63
2766	54
2767	47
2768	43
2769	70
2770	79
2771	55
2772	51
2773	73
2774	44
2775	77
2776	65
2777	68
2778	58
2779	70
2780	76
2781	61
2782	63
2783	60
2784	61
2785	72
2786	48
2787	58
2788	66
2789	61
2790	50
2791	76
2792	72
2793	62
2794	67
2795	76
2796	65
2797	63
2798	62
2799	79
2800	70
2801	68
2802	54
2803	58
2804	77
2805	77
2806	72
2807	71
2808	71
2809	68
2810	65
2811	70
2812	65
2813	78
2814	78
2815	76
2816	69
2817	78
2818	60
2819	74
2820	73
2821	68
2822	64
2823	78
2824	64
2825	73
2826	82
2827	57
2828	89
2829	82
2830	80
2831	65
2832	73
2833	90
2834	72
2835	66
2836	77
2837	79
2838	95
2839	83
2840	81
2841	75
2842	72
2843	92
2844	95
2845	90
2846	98
2847	94
2848	79
2849	81
2850	76
2851	101
2852	94
2853	84
2854	90
2855	102
2856	92
2857	95
2858	92
2859	90
2860	105
2861	91
2862	107
2863	87
2864	91
2865	114
2866	90
2867	96
2868	87
2869	90
2870	96
2871	84
2872	91
2873	103
2874	95
2875	89
2876	102
2877	98
2878	104
2879	100
2880	93
2881	123
2882	119
2883	116
2884	110
2885	103
2886	105
2887	110
2888	109
2889	125
2890	113
2891	122
2892	124
2893	118
2894	133
2895	115
2896	110
2897	129
2898	123
2899	117
2900	121
2901	134
2902	123
2903	137
2904	119
2905	136
2906	144
2907	122
2908	124
2909	142
2910	142
2911	132
2912	134
2913	124
2914	120
2915	113
2916	150
2917	127
2918	171
2919	131
2920	150
2921	148
2922	125
2923	160
2924	147
2925	134
2926	131
2927	151
2928	161
2929	133
2930	169
2931	137
2932	157
2933	161
2934	147
2935	141
2936	166
2937	143
2938	162
2939	175
2940	193
2941	173
2942	151
2943	150
2944	162
2945	162
2946	165
2947	165
2948	161
2949	156
2950	182
2951	175
2952	190
2953	162
2954	183
2955	172
2956	161
2957	170
2958	177
2959	174
2960	208
2961	196
2962	177
2963	194
2964	197
2965	202
2966	194
2967	192
2968	188
2969	189
2970	173
2971	214
2972	208
2973	219
2974	212
2975	184
2976	176
2977	240
2978	237
2979	198
2980	233
2981	212
2982	220
2983	225
2984	230
2985	237
2986	209
2987	243
2988	248
2989	241
2990	210
2991	213
2992	237
2993	232
2994	241
2995	229
2996	256
2997	252
2998	254
2999	266
3000	260
3001	229
3002	275
3003	291
3004	276
3005	277
3006	262
3007	264
3008	282
3009	278
3010	260
3011	265
3012	267
3013	240
3014	267
3015	299
3016	290
3017	250
3018	287
3019	289
3020	278
3021	300
3022	279
3023	282
3024	302
3025	250
3026	285
3027	283
3028	326
3029	281
3030	323
3031	294
3032	315
3033	294
3034	309
3035	324
3036	321
3037	357
3038	321
3039	314
3040	318
3041	348
3042	341
3043	332
3044	320
3045	342
3046	343
3047	315
3048	328
3049	322
3050	326
3051	330
3052	387
3053	317
3054	389
3055	363
3056	342
3057	362
3058	367
3059	364
3060	372
3061	371
3062	367
3063	377
3064	374
3065	366
3066	373
3067	389
3068	358
3069	414
3070	359
3071	376
3072	372
3073	400
3074	386
3075	391
3076	395
3077	411
3078	378
3079	404
3080	422
3081	415
3082	429
3083	418
3084	428
3085	429
3086	393
3087	416
3088	455
3089	452
3090	443
3091	428
3092	448
3093	426
3094	417
3095	436
3096	468
3097	488
3098	409
3099	418
3100	422
3101	418
3102	454
3103	486
3104	486
3105	469
3106	480
3107	462
3108	487
3109	452
3110	464
3111	432
3112	495
3113	506
3114	455
3115	492
3116	476
3117	481
3118	523
3119	469
3120	481
3121	502
3122	485
3123	530
3124	511
3125	518
3126	485
3127	519
3128	545
3129	540
3130	525
3131	473
3132	542
3133	508
3134	488
3135	499
3136	509
3137	536
3138	547
3139	548
3140	556
3141	532
3142	547
3143	542
3144	532
3145	517
3146	563
3147	542
3148	565
3149	512
3150	554
3151	553
3152	571
3153	560
3154	590
3155	536
3156	576
3157	646
3158	541
3159	608
3160	596
3161	579
3162	570
3163	583
3164	629
3165	622
3166	593
3167	590
3168	617
3169	603
3170	612
3171	632
3172	663
3173	590
3174	598
3175	622
3176	653
3177	644
3178	636
3179	611
3180	633
3181	634
3182	671
3183	588
3184	688
3185	680
3186	613
3187	604
3188	672
3189	650
3190	642
3191	632
3192	652
3193	646
3194	654
3195	710
3196	675
3197	657
3198	594
3199	677
3200	659
3201	689
3202	688
3203	685
3204	678
3205	690
3206	645
3207	663
3208	644
3209	653
3210	725
3211	711
3212	677
3213	709
3214	691
3215	707
3216	713
3217	659
3218	749
3219	652
3220	707
3221	700
3222	682
3223	689
3224	672
3225	712
3226	671
3227	716
3228	718
3229	750
3230	719
3231	756
3232	729
3233	700
3234	709
3235	734
3236	716
3237	764
3238	739
3239	690
3240	678
3241	724
3242	698
3243	699
3244	744
3245	730
3246	749
3247	724
3248	740
3249	751
3250	727
3251	754
3252	766
3253	763
3254	722
3255	720
3256	734
3257	709
3258	691
3259	741
3260	771
3261	767
3262	748
3263	762
3264	787
3265	788
3266	774
3267	761
3268	731
3269	755
3270	813
3271	739
3272	727
3273	792
3274	778
3275	770
3276	749
3277	799
3278	759
3279	759
3280	762
3281	777
3282	809
3283	735
3284	761
3285	770
3286	776
3287	754
3288	755
3289	799
3290	770
3291	739
3292	703
3293	749
3294	811
3295	772
3296	764
3297	831
3298	786
3299	750
3300	781
3301	786
3302	810
3303	758
3304	728
3305	772
3306	777
3307	782
3308	790
3309	749
3310	823
3311	792
3312	761
3313	794
3314	807
3315	780
3316	793
3317	806
3318	758
3319	771
3320	802
3321	831
3322	790
3323	753
3324	777
3325	780
3326	793
3327	789
3328	782
3329	792
3330	742
3331	791
3332	775
3333	799
3334	743
3335	796
3336	796
3337	736
3338	791
3339	827
3340	796
3341	813
3342	766
3343	828
3344	777
3345	775
3346	791
3347	761
3348	762
3349	765
3350	812
3351	795
3352	782
3353	769
3354	791
3355	824
3356	779
3357	802
3358	743
3359	728
3360	847
3361	825
3362	743
3363	782
3364	735
3365	799
3366	747
3367	787
3368	739
3369	742
3370	728
3371	777
3372	806
3373	784
3374	741
3375	768
3376	773
3377	736
3378	751
3379	754
3380	784
3381	723
3382	762
3383	725
3384	758
3385	729
3386	750
3387	766
3388	697
3389	782
3390	716
3391	733
3392	777
3393	729
3394	727
3395	716
3396	681
3397	711
3398	729
3399	717
3400	686
3401	658
3402	712
3403	667
3404	706
3405	776
3406	718
3407	718
3408	757
3409	698
3410	740
3411	721
3412	718
3413	695
3414	731
3415	693
3416	710
3417	677
3418	707
3419	694
3420	713
3421	681
3422	649
3423	741
3424	709
3425	709
3426	723
3427	733
3428	712
3429	719
3430	684
3431	728
3432	665
3433	664
3434	677
3435	628
3436	650
3437	701
3438	654
3439	632
3440	597
3441	610
3442	656
3443	690
3444	661
3445	698
3446	609
3447	631
3448	659
3449	647
3450	630
3451	655
3452	662
3453	650
3454	648
3455	687
3456	630
3457	702
3458	627
3459	646
3460	661
3461	612
3462	615
3463	628
3464	642
3465	601
3466	597
3467	625
3468	624
3469	616
3470	636
3471	594
3472	603
3473	622
3474	577
3475	610
3476	585
3477	658
3478	542
3479	566
3480	608
3481	623
3482	532
3483	578
3484	563
3485	629
3486	583
3487	572
3488	590
3489	549
3490	555
3491	592
3492	573
3493	536
3494	561
3495	582
3496	560
3497	642
3498	561
3499	511
3500	552
3501	564
3502	587
3503	561
3504	563
3505	552
3506	544
3507	505
3508	519
3509	528
3510	516
3511	518
3512	512
3513	528
3514	499
3515	497
3516	459
3517	525
3518	455
3519	482
3520	510
3521	509
3522	478
3523	504
3524	450
3525	489
3526	484
3527	474
3528	458
3529	490
3530	471
3531	463
3532	462
3533	481
3534	474
3535	433
3536	467
3537	475
3538	463
3539	439
3540	442
3541	435
3542	446
3543	488
3544	449
3545	423
3546	444
3547	419
3548	439
3549	434
3550	402
3551	420
3552	454
3553	438
3554	436
3555	445
3556	416
3557	382
3558	398
3559	395
3560	404
3561	411
3562	421
3563	414
3564	387
3565	375
3566	374
3567	373
3568	388
3569	392
3570	377
3571	376
3572	336
3573	365
3574	398
3575	367
3576	427
3577	341
3578	348
3579	374
3580	325
3581	400
3582	372
3583	350
3584	353
3585	330
3586	387
3587	383
3588	352
3589	351
3590	327
3591	352
3592	348
3593	372
3594	343
3595	345
3596	326
3597	326
3598	323
3599	350
3600	317
3601	298
3602	342
3603	303
3604	351
3605	287
3606	318
3607	303
3608	301
3609	285
3610	280
3611	311
3612	309
3613	269
3614	296
3615	297
3616	322
3617	308
3618	279
3619	285
3620	325
3621	268
3622	277
3623	265
3624	273
3625	291
3626	299
3627	268
3628	282
3629	286
3630	285
3631	255
3632	249
3633	268
3634	249
3635	227
3636	272
3637	261
3638	241
3639	245
3640	254
3641	242
3642	246
3643	230
3644	244
3645	244
3646	250
3647	232
3648	212
3649	241
3650	215
3651	246
3652	225
3653	224
3654	252
3655	232
3656	235
3657	227
3658	217
3659	217
3660	218
3661	225
3662	227
3663	215
3664	194
3665	199
3666	182
3667	221
3668	230
3669	208
3670	170
3671	210
3672	217
3673	208
3674	206
3675	199
3676	188
3677	199
3678	160
3679	194
3680	179
3681	185
3682	191
3683	169
3684	171
3685	191
3686	169
3687	148
3688	171
3689	168
3690	202
3691	178
3692	161
3693	167
3694	171
3695	154
3696	174
3697	137
3698	162
3699	178
3700	173
3701	164
3702	159
3703	161
3704	155
3705	159
3706	156
3707	150
3708	138
3709	153
3710	163
3711	157
3712	131
3713	137
3714	152
3715	159
3716	127
3717	139
3718	117
3719	144
3720	149
3721	123
3722	144
3723	128
3724	128
3725	124
3726	138
3727	120
3728	127
3729	110
3730	143
3731	119
3732	130
3733	117
3734	120
3735	124
3736	128
3737	141
3738	125
3739	106
3740	110
3741	102
3742	114
3743	105
3744	125
3745	96
3746	121
3747	113
3748	120
3749	103
3750	98
3751	104
3752	110
3753	102
3754	117
3755	94
3756	94
3757	105
3758	99
3759	115
3760	92
3761	95
3762	102
3763	77
3764	77
3765	88
3766	95
3767	84
3768	89
3769	92
3770	82
3771	89
3772	72
3773	79
3774	77
3775	80
3776	78
3777	74
3778	87
3779	81
3780	81
3781	93
3782	64
3783	71
3784	90
3785	79
3786	70
3787	81
3788	68
3789	82
3790	87
3791	75
3792	79
3793	67
3794	66
3795	70
3796	53
3797	67
3798	72
3799	70
3800	58
3801	63
3802	80
3803	42
3804	41
3805	56
3806	43
3807	64
3808	63
3809	72
3810	63
3811	60
3812	61
3813	58
3814	52
3815	54
3816	62
3817	52
3818	53
3819	49
3820	61
3821	48
3822	60
3823	61
3824	53
3825	41
3826	53
3827	47
3828	56
3829	57
3830	50
3831	50
3832	56
3833	53
3834	49
3835	43
3836	46
3837	44
3838	54
3839	45
3840	42
3841	41
3842	40
3843	42
3844	51
3845	51
3846	38
3847	48
3848	25
3849	39
3850	26
3851	42
3852	37
3853	40
3854	39
3855	40
3856	39
3857	42
3858	38
3859	40
3860	45
3861	25
3862	39
3863	37
3864	45
3865	31
3866	36
3867	25
3868	39
3869	27
3870	40
3871	32
3872	23
3873	25
3874	32
3875	34
3876	48
3877	28
3878	25
3879	32
3880	30
3881	23
3882	30
3883	26
3884	23
3885	30
3886	28
3887	32
3888	17
3889	23
3890	21
3891	25
3892	23
3893	27
3894	25
3895	18
3896	31
3897	20
3898	31
3899	24
3900	31
3901	22
3902	18
3903	25
3904	32
3905	23
3906	26
3907	23
3908	16
3909	16
3910	17
3911	26
3912	16
3913	23
3914	19
3915	27
3916	15
3917	17
3918	19
3919	18
3920	19
3921	19
3922	17
3923	16
3924	14
3925	19
3926	16
3927	16
3928	16
3929	19
3930	17
3931	20
3932	12
3933	21
3934	25
3935	14
3936	23
3937	16
3938	19
3939	23
3940	12
3941	13
3942	16
3943	13
3944	14
3945	9
3946	14
3947	12
3948	14
3949	12
3950	17
3951	15
3952	13
3953	14
3954	15
3955	12
3956	8
3957	13
3958	10
3959	11
3960	18
3961	11
3962	11
3963	11
3964	9
3965	12
3966	6
3967	13
3968	10
3969	11
3970	11
3971	15
3972	5
3973	13
3974	19
3975	15
3976	7
3977	7
3978	5
3979	13
3980	7
3981	13
3982	11
3983	6
3984	11
3985	9
3986	14
3987	5
3988	10
3989	6
3990	10
3991	10
3992	11
3993	6
3994	8
3995	9
3996	16
3997	4
3998	3
3999	3
4000	11
4001	8
4002	8
4003	6
4004	2
4005	14
4006	1
4007	6
4008	8
4009	7
4010	3
4011	5
4012	5
4013	9
4014	10
4015	11
4016	11
4017	7
4018	9
4019	3
4020	9
4021	11
4022	5
4023	5
4024	7
4025	7
4026	6
4027	6
4028	6
4029	6
4030	6
4031	8
4032	7
4033	6
4034	6
4035	6
4036	6
4037	6
4038	1
4039	2
4040	5
4041	3
4042	5
4043	6
4044	2
4045	4
4046	7
4047	4
4048	5
4049	5
4050	8
4051	5
4052	7
4053	2
4054	5
4055	4
4056	6
4057	1
4058	4
4059	5
4060	7
4061	5
4062	6
4063	3
4064	5
4065	2
4066	7
4067	6
4068	3
4069	6
4070	2
4071	4
4072	3
4073	2
4074	4
4075	3
4076	3
4077	5
4078	3
4079	1
4080	3
4081	2
4082	2
4083	4
4084	5
4085	5
4086	6
4087	4
4088	2
4089	3
4090	3
4091	5
4092	2
4093	3
4094	4
4095	3
