0	0
1	0
2	0
3	0
4	0
5	0
6	0
7	0
8	0
9	0
10	0
11	0
12	0
13	0
14	0
15	0
16	0
17	0
18	0
19	0
20	0
21	0
22	0
23	0
24	1
25	0
26	0
27	0
28	0
29	0
30	0
31	1
32	0
33	0
34	1
35	0
36	1
37	0
38	0
39	0
40	1
41	1
42	0
43	2
44	5
45	4
46	6
47	3
48	4
49	6
50	2
51	6
52	2
53	13
54	18
55	18
56	18
57	20
58	26
59	31
60	174
61	1361
62	5900
63	25566
64	59480
65	68786
66	63105
67	56318
68	49887
69	43658
70	39268
71	35079
72	31127
73	27159
74	24047
75	21175
76	18304
77	16002
78	14014
79	12087
80	10652
81	9143
82	8029
83	6853
84	6037
85	5115
86	4392
87	3876
88	3157
89	2787
90	2411
91	2025
92	1675
93	1434
94	1242
95	1077
96	928
97	829
98	753
99	618
100	555
101	469
102	403
103	437
104	346
105	366
106	363
107	310
108	307
109	260
110	295
111	294
112	246
113	244
114	246
115	246
116	242
117	261
118	238
119	234
120	226
121	242
122	285
123	240
124	233
125	230
126	246
127	238
128	219
129	247
130	229
131	229
132	221
133	218
134	207
135	214
136	212
137	244
138	217
139	214
140	237
141	230
142	257
143	235
144	204
145	241
146	223
147	244
148	215
149	244
150	219
151	230
152	209
153	187
154	225
155	212
156	231
157	229
158	215
159	226
160	249
161	237
162	226
163	225
164	239
165	235
166	239
167	236
168	241
169	252
170	222
171	211
172	230
173	204
174	254
175	202
176	213
177	236
178	222
179	227
180	199
181	212
182	267
183	236
184	222
185	218
186	228
187	221
188	248
189	251
190	223
191	241
192	217
193	213
194	223
195	226
196	236
197	220
198	237
199	279
200	234
201	243
202	246
203	207
204	207
205	225
206	230
207	220
208	231
209	262
210	211
211	221
212	231
213	262
214	220
215	242
216	208
217	246
218	231
219	223
220	237
221	237
222	203
223	224
224	235
225	237
226	221
227	240
228	215
229	220
230	257
231	254
232	221
233	228
234	243
235	241
236	223
237	197
238	262
239	255
240	214
241	216
242	259
243	229
244	257
245	223
246	236
247	211
248	266
249	242
250	201
251	213
252	244
253	238
254	197
255	247
256	252
257	250
258	242
259	224
260	226
261	230
262	224
263	241
264	238
265	251
266	249
267	221
268	257
269	228
270	254
271	253
272	264
273	242
274	221
275	247
276	230
277	228
278	226
279	219
280	236
281	234
282	237
283	227
284	230
285	226
286	231
287	197
288	248
289	225
290	247
291	244
292	228
293	239
294	219
295	242
296	236
297	245
298	236
299	228
300	234
301	217
302	237
303	242
304	247
305	217
306	242
307	231
308	224
309	244
310	225
311	258
312	202
313	260
314	221
315	214
316	234
317	243
318	246
319	262
320	251
321	234
322	234
323	217
324	233
325	238
326	258
327	243
328	258
329	249
330	227
331	220
332	241
333	237
334	268
335	257
336	232
337	241
338	262
339	252
340	228
341	240
342	236
343	254
344	239
345	272
346	261
347	227
348	236
349	229
350	215
351	245
352	244
353	244
354	265
355	218
356	206
357	258
358	239
359	236
360	250
361	260
362	223
363	269
364	255
365	244
366	244
367	256
368	232
369	244
370	245
371	244
372	220
373	219
374	279
375	253
376	250
377	241
378	243
379	270
380	233
381	259
382	232
383	272
384	231
385	278
386	259
387	230
388	241
389	240
390	267
391	230
392	246
393	215
394	229
395	240
396	267
397	250
398	233
399	237
400	266
401	239
402	255
403	253
404	266
405	229
406	265
407	270
408	245
409	244
410	226
411	257
412	226
413	240
414	232
415	238
416	247
417	238
418	281
419	232
420	277
421	252
422	249
423	242
424	270
425	263
426	246
427	244
428	252
429	259
430	251
431	234
432	224
433	257
434	256
435	229
436	254
437	259
438	275
439	243
440	273
441	244
442	262
443	284
444	265
445	227
446	228
447	239
448	297
449	231
450	280
451	245
452	272
453	247
454	251
455	255
456	257
457	224
458	262
459	220
460	229
461	257
462	238
463	263
464	239
465	246
466	234
467	247
468	255
469	280
470	241
471	245
472	248
473	275
474	267
475	225
476	240
477	235
478	246
479	255
480	260
481	251
482	268
483	232
484	249
485	247
486	242
487	267
488	256
489	265
490	228
491	251
492	250
493	237
494	273
495	261
496	240
497	231
498	253
499	249
500	258
501	238
502	252
503	250
504	242
505	216
506	264
507	287
508	236
509	262
510	259
511	270
512	249
513	265
514	255
515	218
516	254
517	262
518	255
519	283
520	238
521	282
522	245
523	253
524	257
525	250
526	227
527	265
528	263
529	245
530	274
531	281
532	258
533	258
534	251
535	268
536	289
537	285
538	236
539	271
540	260
541	256
542	228
543	246
544	281
545	248
546	253
547	246
548	260
549	258
550	250
551	257
552	254
553	249
554	300
555	264
556	237
557	259
558	294
559	251
560	245
561	253
562	258
563	280
564	270
565	271
566	255
567	254
568	275
569	246
570	267
571	252
572	272
573	245
574	263
575	252
576	266
577	274
578	261
579	276
580	261
581	253
582	244
583	265
584	242
585	251
586	263
587	262
588	250
589	277
590	282
591	273
592	269
593	275
594	265
595	253
596	281
597	256
598	228
599	268
600	259
601	244
602	272
603	252
604	246
605	242
606	284
607	247
608	287
609	237
610	258
611	263
612	242
613	258
614	254
615	259
616	253
617	262
618	235
619	244
620	218
621	270
622	263
623	253
624	242
625	246
626	297
627	288
628	221
629	257
630	237
631	236
632	255
633	270
634	257
635	250
636	254
637	247
638	256
639	277
640	307
641	245
642	275
643	228
644	283
645	254
646	288
647	231
648	271
649	268
650	275
651	262
652	247
653	251
654	254
655	292
656	255
657	262
658	256
659	237
660	282
661	280
662	274
663	294
664	267
665	260
666	261
667	287
668	259
669	261
670	274
671	253
672	273
673	291
674	269
675	280
676	270
677	266
678	283
679	257
680	252
681	265
682	254
683	291
684	271
685	256
686	264
687	262
688	281
689	265
690	255
691	242
692	285
693	254
694	255
695	284
696	267
697	294
698	256
699	267
700	231
701	257
702	290
703	279
704	252
705	287
706	254
707	247
708	263
709	264
710	273
711	289
712	249
713	260
714	285
715	261
716	287
717	280
718	249
719	294
720	267
721	245
722	245
723	264
724	288
725	263
726	256
727	287
728	265
729	262
730	273
731	285
732	267
733	281
734	270
735	303
736	268
737	294
738	252
739	270
740	262
741	272
742	272
743	273
744	281
745	314
746	265
747	278
748	282
749	269
750	273
751	259
752	253
753	267
754	284
755	249
756	253
757	287
758	262
759	275
760	296
761	252
762	291
763	301
764	250
765	273
766	324
767	288
768	263
769	266
770	286
771	265
772	293
773	256
774	277
775	275
776	264
777	268
778	288
779	290
780	315
781	293
782	279
783	263
784	283
785	267
786	274
787	294
788	299
789	249
790	325
791	309
792	281
793	284
794	282
795	308
796	262
797	283
798	282
799	263
800	276
801	294
802	276
803	326
804	298
805	291
806	276
807	297
808	297
809	320
810	280
811	299
812	287
813	277
814	267
815	282
816	296
817	304
818	283
819	281
820	259
821	292
822	299
823	289
824	298
825	292
826	304
827	317
828	294
829	303
830	283
831	271
832	313
833	291
834	287
835	279
836	295
837	297
838	275
839	315
840	252
841	315
842	288
843	315
844	279
845	274
846	312
847	303
848	281
849	300
850	309
851	312
852	284
853	325
854	257
855	316
856	284
857	288
858	283
859	311
860	288
861	308
862	332
863	295
864	296
865	269
866	310
867	308
868	307
869	324
870	282
871	298
872	290
873	311
874	268
875	321
876	334
877	312
878	298
879	307
880	308
881	320
882	287
883	312
884	290
885	313
886	288
887	305
888	272
889	311
890	290
891	303
892	318
893	301
894	304
895	303
896	268
897	317
898	334
899	314
900	301
901	323
902	266
903	290
904	339
905	332
906	312
907	319
908	324
909	343
910	316
911	323
912	317
913	348
914	315
915	306
916	305
917	298
918	306
919	338
920	317
921	320
922	298
923	331
924	324
925	314
926	313
927	304
928	320
929	328
930	287
931	307
932	314
933	340
934	276
935	341
936	349
937	265
938	319
939	334
940	323
941	325
942	298
943	327
944	301
945	302
946	339
947	333
948	341
949	311
950	331
951	329
952	318
953	301
954	300
955	318
956	282
957	319
958	320
959	317
960	319
961	338
962	361
963	329
964	316
965	330
966	319
967	345
968	334
969	337
970	316
971	305
972	338
973	320
974	325
975	288
976	354
977	304
978	324
979	288
980	324
981	330
982	361
983	323
984	333
985	362
986	365
987	328
988	340
989	333
990	334
991	371
992	322
993	320
994	343
995	344
996	313
997	312
998	333
999	318
1000	354
1001	364
1002	350
1003	333
1004	340
1005	316
1006	340
1007	321
1008	333
1009	343
1010	322
1011	325
1012	328
1013	339
1014	332
1015	311
1016	327
1017	374
1018	341
1019	367
1020	320
1021	372
1022	327
1023	362
1024	299
1025	316
1026	304
1027	310
1028	370
1029	378
1030	327
1031	323
1032	330
1033	306
1034	342
1035	329
1036	324
1037	338
1038	320
1039	307
1040	346
1041	322
1042	320
1043	335
1044	315
1045	332
1046	347
1047	336
1048	315
1049	311
1050	324
1051	328
1052	337
1053	323
1054	310
1055	344
1056	349
1057	335
1058	353
1059	318
1060	352
1061	336
1062	335
1063	346
1064	320
1065	325
1066	294
1067	329
1068	352
1069	376
1070	317
1071	329
1072	317
1073	341
1074	340
1075	350
1076	350
1077	330
1078	330
1079	334
1080	324
1081	314
1082	322
1083	336
1084	316
1085	350
1086	303
1087	326
1088	325
1089	311
1090	302
1091	359
1092	331
1093	322
1094	307
1095	342
1096	350
1097	349
1098	307
1099	320
1100	307
1101	287
1102	337
1103	326
1104	340
1105	363
1106	334
1107	311
1108	303
1109	278
1110	302
1111	316
1112	303
1113	330
1114	312
1115	308
1116	311
1117	353
1118	344
1119	274
1120	329
1121	298
1122	337
1123	326
1124	308
1125	315
1126	304
1127	346
1128	350
1129	312
1130	326
1131	321
1132	318
1133	318
1134	328
1135	335
1136	328
1137	310
1138	326
1139	340
1140	297
1141	303
1142	335
1143	316
1144	318
1145	320
1146	305
1147	300
1148	344
1149	331
1150	315
1151	329
1152	310
1153	333
1154	294
1155	300
1156	318
1157	322
1158	311
1159	292
1160	313
1161	339
1162	312
1163	308
1164	319
1165	299
1166	331
1167	300
1168	303
1169	288
1170	296
1171	320
1172	311
1173	337
1174	308
1175	345
1176	306
1177	327
1178	306
1179	292
1180	288
1181	277
1182	369
1183	303
1184	300
1185	322
1186	325
1187	327
1188	327
1189	325
1190	322
1191	325
1192	317
1193	287
1194	336
1195	299
1196	303
1197	339
1198	283
1199	298
1200	284
1201	323
1202	320
1203	279
1204	334
1205	315
1206	325
1207	322
1208	340
1209	307
1210	306
1211	313
1212	307
1213	329
1214	318
1215	316
1216	308
1217	306
1218	311
1219	282
1220	290
1221	316
1222	326
1223	306
1224	306
1225	306
1226	334
1227	276
1228	301
1229	307
1230	292
1231	324
1232	295
1233	346
1234	323
1235	322
1236	329
1237	262
1238	307
1239	337
1240	297
1241	310
1242	310
1243	301
1244	296
1245	334
1246	300
1247	300
1248	311
1249	311
1250	313
1251	289
1252	302
1253	319
1254	310
1255	282
1256	288
1257	291
1258	320
1259	275
1260	296
1261	280
1262	278
1263	318
1264	306
1265	301
1266	327
1267	282
1268	296
1269	280
1270	316
1271	289
1272	277
1273	287
1274	274
1275	277
1276	317
1277	291
1278	299
1279	297
1280	267
1281	311
1282	320
1283	303
1284	289
1285	297
1286	307
1287	278
1288	321
1289	311
1290	294
1291	295
1292	308
1293	281
1294	328
1295	253
1296	289
1297	310
1298	285
1299	298
1300	292
1301	267
1302	318
1303	280
1304	273
1305	291
1306	265
1307	331
1308	286
1309	315
1310	333
1311	322
1312	304
1313	297
1314	315
1315	322
1316	314
1317	267
1318	308
1319	289
1320	268
1321	314
1322	277
1323	309
1324	264
1325	300
1326	322
1327	251
1328	313
1329	272
1330	289
1331	278
1332	288
1333	325
1334	282
1335	282
1336	275
1337	300
1338	305
1339	289
1340	294
1341	318
1342	300
1343	301
1344	331
1345	313
1346	270
1347	288
1348	298
1349	293
1350	265
1351	307
1352	304
1353	259
1354	333
1355	308
1356	298
1357	279
1358	278
1359	283
1360	278
1361	298
1362	268
1363	290
1364	299
1365	282
1366	315
1367	272
1368	303
1369	303
1370	309
1371	336
1372	315
1373	290
1374	300
1375	302
1376	304
1377	304
1378	303
1379	278
1380	284
1381	282
1382	269
1383	298
1384	270
1385	295
1386	276
1387	305
1388	309
1389	304
1390	330
1391	298
1392	283
1393	292
1394	302
1395	294
1396	279
1397	291
1398	302
1399	289
1400	263
1401	292
1402	292
1403	300
1404	298
1405	274
1406	291
1407	282
1408	269
1409	288
1410	308
1411	334
1412	324
1413	277
1414	270
1415	292
1416	322
1417	312
1418	295
1419	314
1420	269
1421	300
1422	296
1423	288
1424	305
1425	270
1426	281
1427	320
1428	293
1429	265
1430	304
1431	283
1432	273
1433	338
1434	273
1435	272
1436	250
1437	259
1438	257
1439	294
1440	264
1441	295
1442	310
1443	290
1444	280
1445	311
1446	274
1447	281
1448	302
1449	302
1450	299
1451	271
1452	299
1453	331
1454	298
1455	297
1456	275
1457	298
1458	263
1459	310
1460	287
1461	257
1462	270
1463	288
1464	245
1465	292
1466	308
1467	290
1468	303
1469	291
1470	306
1471	307
1472	332
1473	315
1474	279
1475	288
1476	282
1477	288
1478	291
1479	286
1480	317
1481	290
1482	279
1483	282
1484	267
1485	269
1486	300
1487	280
1488	322
1489	255
1490	257
1491	304
1492	259
1493	277
1494	283
1495	309
1496	278
1497	273
1498	266
1499	313
1500	310
1501	286
1502	262
1503	284
1504	303
1505	259
1506	318
1507	307
1508	278
1509	262
1510	288
1511	294
1512	289
1513	319
1514	262
1515	267
1516	301
1517	298
1518	260
1519	274
1520	306
1521	304
1522	298
1523	303
1524	279
1525	272
1526	295
1527	267
1528	304
1529	273
1530	249
1531	306
1532	270
1533	282
1534	282
1535	287
1536	282
1537	308
1538	272
1539	302
1540	284
1541	296
1542	268
1543	275
1544	285
1545	255
1546	301
1547	289
1548	252
1549	294
1550	325
1551	287
1552	270
1553	286
1554	272
1555	312
1556	277
1557	307
1558	306
1559	309
1560	280
1561	277
1562	282
1563	271
1564	297
1565	287
1566	280
1567	291
1568	261
1569	294
1570	309
1571	291
1572	309
1573	285
1574	269
1575	321
1576	280
1577	266
1578	291
1579	284
1580	287
1581	259
1582	276
1583	310
1584	268
1585	264
1586	270
1587	256
1588	295
1589	284
1590	287
1591	294
1592	271
1593	267
1594	281
1595	262
1596	313
1597	276
1598	289
1599	285
1600	289
1601	290
1602	305
1603	296
1604	296
1605	315
1606	265
1607	304
1608	286
1609	299
1610	278
1611	283
1612	263
1613	262
1614	298
1615	329
1616	276
1617	305
1618	296
1619	278
1620	296
1621	269
1622	291
1623	283
1624	288
1625	281
1626	278
1627	266
1628	282
1629	282
1630	287
1631	265
1632	287
1633	294
1634	265
1635	287
1636	304
1637	261
1638	275
1639	278
1640	322
1641	290
1642	319
1643	280
1644	273
1645	283
1646	287
1647	289
1648	272
1649	273
1650	249
1651	289
1652	310
1653	287
1654	286
1655	346
1656	324
1657	300
1658	268
1659	328
1660	299
1661	288
1662	286
1663	280
1664	288
1665	304
1666	297
1667	298
1668	285
1669	324
1670	261
1671	293
1672	281
1673	293
1674	320
1675	283
1676	292
1677	291
1678	276
1679	314
1680	322
1681	255
1682	286
1683	271
1684	289
1685	297
1686	312
1687	308
1688	294
1689	251
1690	326
1691	275
1692	293
1693	300
1694	255
1695	282
1696	290
1697	303
1698	284
1699	286
1700	258
1701	310
1702	289
1703	301
1704	282
1705	302
1706	273
1707	291
1708	338
1709	276
1710	273
1711	314
1712	248
1713	258
1714	258
1715	303
1716	290
1717	307
1718	262
1719	288
1720	288
1721	302
1722	273
1723	281
1724	275
1725	308
1726	274
1727	267
1728	284
1729	279
1730	308
1731	308
1732	290
1733	287
1734	294
1735	278
1736	298
1737	322
1738	309
1739	291
1740	304
1741	314
1742	264
1743	310
1744	289
1745	257
1746	280
1747	301
1748	280
1749	291
1750	296
1751	279
1752	292
1753	281
1754	304
1755	291
1756	281
1757	266
1758	279
1759	286
1760	301
1761	298
1762	272
1763	283
1764	281
1765	282
1766	292
1767	314
1768	299
1769	315
1770	298
1771	280
1772	326
1773	281
1774	288
1775	277
1776	278
1777	281
1778	291
1779	312
1780	291
1781	307
1782	265
1783	299
1784	304
1785	279
1786	305
1787	313
1788	256
1789	274
1790	299
1791	298
1792	287
1793	249
1794	283
1795	280
1796	280
1797	264
1798	259
1799	293
1800	317
1801	264
1802	280
1803	288
1804	281
1805	278
1806	283
1807	280
1808	279
1809	283
1810	282
1811	323
1812	288
1813	291
1814	324
1815	287
1816	262
1817	289
1818	308
1819	289
1820	286
1821	308
1822	275
1823	319
1824	305
1825	289
1826	289
1827	316
1828	282
1829	270
1830	298
1831	292
1832	294
1833	312
1834	265
1835	278
1836	269
1837	332
1838	300
1839	310
1840	252
1841	282
1842	293
1843	296
1844	294
1845	303
1846	280
1847	290
1848	300
1849	278
1850	268
1851	287
1852	280
1853	313
1854	330
1855	299
1856	268
1857	285
1858	309
1859	314
1860	275
1861	317
1862	284
1863	260
1864	285
1865	296
1866	318
1867	269
1868	262
1869	297
1870	295
1871	287
1872	300
1873	275
1874	271
1875	330
1876	264
1877	303
1878	293
1879	286
1880	288
1881	280
1882	323
1883	320
1884	281
1885	285
1886	306
1887	312
1888	283
1889	311
1890	287
1891	255
1892	282
1893	295
1894	290
1895	317
1896	288
1897	311
1898	325
1899	293
1900	289
1901	266
1902	316
1903	311
1904	298
1905	293
1906	316
1907	275
1908	295
1909	302
1910	297
1911	304
1912	282
1913	299
1914	322
1915	287
1916	310
1917	323
1918	305
1919	291
1920	295
1921	288
1922	274
1923	284
1924	293
1925	295
1926	307
1927	283
1928	302
1929	290
1930	291
1931	292
1932	290
1933	299
1934	291
1935	300
1936	311
1937	268
1938	268
1939	296
1940	294
1941	261
1942	315
1943	296
1944	283
1945	315
1946	297
1947	267
1948	289
1949	256
1950	277
1951	281
1952	305
1953	279
1954	283
1955	295
1956	280
1957	290
1958	284
1959	300
1960	326
1961	296
1962	298
1963	292
1964	315
1965	272
1966	321
1967	263
1968	305
1969	285
1970	286
1971	329
1972	297
1973	294
1974	330
1975	286
1976	286
1977	264
1978	310
1979	291
1980	331
1981	302
1982	308
1983	268
1984	308
1985	282
1986	308
1987	277
1988	339
1989	303
1990	278
1991	296
1992	282
1993	286
1994	331
1995	287
1996	311
1997	338
1998	290
1999	288
2000	293
2001	304
2002	297
2003	289
2004	264
2005	302
2006	280
2007	326
2008	293
2009	333
2010	293
2011	266
2012	305
2013	312
2014	271
2015	290
2016	322
2017	293
2018	276
2019	286
2020	300
2021	323
2022	301
2023	298
2024	299
2025	302
2026	303
2027	307
2028	279
2029	300
2030	304
2031	274
2032	266
2033	305
2034	292
2035	301
2036	311
2037	308
2038	308
2039	313
2040	297
2041	292
2042	292
2043	290
2044	301
2045	305
2046	279
2047	320
2048	308
2049	301
2050	292
2051	294
2052	296
2053	321
2054	303
2055	317
2056	305
2057	296
2058	298
2059	323
2060	276
2061	275
2062	301
2063	290
2064	294
2065	288
2066	288
2067	304
2068	282
2069	320
2070	291
2071	314
2072	288
2073	288
2074	285
2075	306
2076	280
2077	287
2078	315
2079	287
2080	286
2081	286
2082	304
2083	283
2084	301
2085	301
2086	295
2087	309
2088	309
2089	287
2090	325
2091	279
2092	295
2093	283
2094	293
2095	296
2096	297
2097	275
2098	278
2099	284
2100	277
2101	299
2102	292
2103	290
2104	297
2105	280
2106	285
2107	291
2108	284
2109	305
2110	282
2111	321
2112	269
2113	271
2114	290
2115	293
2116	319
2117	276
2118	293
2119	284
2120	301
2121	303
2122	287
2123	276
2124	302
2125	296
2126	295
2127	297
2128	266
2129	330
2130	292
2131	308
2132	267
2133	298
2134	286
2135	290
2136	274
2137	276
2138	288
2139	332
2140	254
2141	307
2142	272
2143	289
2144	289
2145	306
2146	289
2147	282
2148	280
2149	286
2150	310
2151	282
2152	260
2153	304
2154	310
2155	267
2156	269
2157	304
2158	265
2159	290
2160	227
2161	263
2162	288
2163	291
2164	291
2165	298
2166	284
2167	282
2168	250
2169	284
2170	262
2171	274
2172	246
2173	275
2174	300
2175	267
2176	262
2177	276
2178	275
2179	286
2180	277
2181	304
2182	310
2183	278
2184	270
2185	252
2186	267
2187	256
2188	278
2189	282
2190	277
2191	288
2192	294
2193	288
2194	253
2195	263
2196	291
2197	289
2198	271
2199	289
2200	303
2201	282
2202	321
2203	276
2204	310
2205	298
2206	292
2207	284
2208	266
2209	256
2210	255
2211	270
2212	297
2213	277
2214	256
2215	281
2216	264
2217	254
2218	278
2219	258
2220	269
2221	259
2222	277
2223	271
2224	239
2225	245
2226	252
2227	283
2228	280
2229	277
2230	257
2231	281
2232	297
2233	273
2234	259
2235	264
2236	265
2237	240
2238	273
2239	240
2240	238
2241	267
2242	230
2243	282
2244	252
2245	247
2246	257
2247	236
2248	253
2249	244
2250	260
2251	254
2252	256
2253	246
2254	256
2255	284
2256	251
2257	247
2258	237
2259	242
2260	263
2261	240
2262	236
2263	248
2264	261
2265	231
2266	262
2267	258
2268	231
2269	229
2270	294
2271	235
2272	251
2273	249
2274	241
2275	258
2276	256
2277	257
2278	248
2279	242
2280	245
2281	235
2282	251
2283	276
2284	248
2285	273
2286	227
2287	226
2288	241
2289	221
2290	236
2291	238
2292	246
2293	263
2294	236
2295	232
2296	226
2297	254
2298	234
2299	247
2300	242
2301	259
2302	244
2303	201
2304	241
2305	238
2306	239
2307	240
2308	247
2309	235
2310	222
2311	229
2312	233
2313	248
2314	248
2315	217
2316	244
2317	240
2318	234
2319	238
2320	233
2321	222
2322	221
2323	249
2324	238
2325	225
2326	229
2327	214
2328	221
2329	216
2330	222
2331	201
2332	223
2333	215
2334	231
2335	196
2336	186
2337	222
2338	216
2339	185
2340	221
2341	212
2342	207
2343	193
2344	226
2345	191
2346	226
2347	234
2348	210
2349	188
2350	187
2351	209
2352	222
2353	226
2354	213
2355	214
2356	209
2357	203
2358	199
2359	236
2360	185
2361	215
2362	214
2363	228
2364	184
2365	200
2366	203
2367	183
2368	236
2369	191
2370	200
2371	190
2372	221
2373	197
2374	191
2375	199
2376	177
2377	197
2378	192
2379	176
2380	180
2381	187
2382	191
2383	214
2384	204
2385	192
2386	179
2387	201
2388	175
2389	192
2390	171
2391	182
2392	186
2393	196
2394	205
2395	172
2396	163
2397	178
2398	187
2399	211
2400	178
2401	152
2402	173
2403	192
2404	170
2405	176
2406	186
2407	219
2408	170
2409	187
2410	206
2411	183
2412	205
2413	186
2414	167
2415	181
2416	174
2417	170
2418	187
2419	170
2420	180
2421	168
2422	186
2423	174
2424	163
2425	163
2426	165
2427	175
2428	169
2429	179
2430	177
2431	175
2432	162
2433	184
2434	177
2435	185
2436	149
2437	170
2438	189
2439	169
2440	155
2441	176
2442	166
2443	165
2444	154
2445	179
2446	155
2447	166
2448	167
2449	162
2450	163
2451	145
2452	179
2453	160
2454	153
2455	175
2456	164
2457	170
2458	153
2459	162
2460	146
2461	160
2462	169
2463	148
2464	152
2465	154
2466	181
2467	144
2468	153
2469	138
2470	132
2471	170
2472	126
2473	162
2474	142
2475	147
2476	162
2477	153
2478	148
2479	143
2480	136
2481	128
2482	146
2483	158
2484	147
2485	150
2486	139
2487	149
2488	161
2489	148
2490	130
2491	152
2492	150
2493	142
2494	133
2495	145
2496	143
2497	132
2498	131
2499	147
2500	146
2501	139
2502	128
2503	120
2504	150
2505	154
2506	123
2507	117
2508	132
2509	116
2510	162
2511	117
2512	148
2513	146
2514	141
2515	133
2516	133
2517	157
2518	126
2519	137
2520	114
2521	130
2522	136
2523	135
2524	134
2525	133
2526	118
2527	112
2528	126
2529	135
2530	123
2531	125
2532	139
2533	139
2534	131
2535	151
2536	121
2537	98
2538	126
2539	134
2540	115
2541	123
2542	128
2543	110
2544	95
2545	121
2546	117
2547	121
2548	130
2549	113
2550	117
2551	118
2552	116
2553	124
2554	109
2555	121
2556	104
2557	108
2558	102
2559	125
2560	103
2561	100
2562	108
2563	100
2564	113
2565	120
2566	108
2567	118
2568	113
2569	112
2570	96
2571	118
2572	109
2573	129
2574	112
2575	128
2576	101
2577	133
2578	127
2579	118
2580	114
2581	118
2582	114
2583	113
2584	113
2585	107
2586	105
2587	87
2588	103
2589	97
2590	110
2591	104
2592	116
2593	125
2594	104
2595	94
2596	106
2597	102
2598	107
2599	128
2600	99
2601	89
2602	123
2603	106
2604	105
2605	83
2606	93
2607	111
2608	108
2609	124
2610	104
2611	105
2612	106
2613	110
2614	94
2615	114
2616	92
2617	101
2618	93
2619	106
2620	88
2621	118
2622	95
2623	95
2624	94
2625	122
2626	122
2627	93
2628	108
2629	89
2630	104
2631	97
2632	82
2633	111
2634	101
2635	106
2636	121
2637	104
2638	102
2639	92
2640	115
2641	91
2642	115
2643	97
2644	103
2645	89
2646	103
2647	84
2648	105
2649	100
2650	84
2651	110
2652	96
2653	105
2654	89
2655	91
2656	94
2657	88
2658	89
2659	97
2660	103
2661	118
2662	95
2663	86
2664	88
2665	89
2666	115
2667	85
2668	107
2669	81
2670	94
2671	70
2672	91
2673	89
2674	108
2675	97
2676	85
2677	97
2678	94
2679	90
2680	100
2681	93
2682	93
2683	100
2684	86
2685	85
2686	85
2687	88
2688	101
2689	110
2690	83
2691	96
2692	81
2693	110
2694	94
2695	98
2696	101
2697	80
2698	98
2699	88
2700	91
2701	75
2702	91
2703	91
2704	105
2705	98
2706	98
2707	93
2708	96
2709	91
2710	98
2711	93
2712	112
2713	111
2714	93
2715	110
2716	97
2717	91
2718	96
2719	110
2720	90
2721	125
2722	102
2723	109
2724	97
2725	99
2726	105
2727	93
2728	106
2729	90
2730	85
2731	94
2732	94
2733	98
2734	105
2735	98
2736	106
2737	88
2738	84
2739	95
2740	106
2741	103
2742	87
2743	109
2744	102
2745	106
2746	94
2747	104
2748	105
2749	105
2750	94
2751	91
2752	104
2753	86
2754	106
2755	97
2756	106
2757	91
2758	100
2759	89
2760	113
2761	88
2762	93
2763	88
2764	102
2765	99
2766	140
2767	99
2768	103
2769	114
2770	106
2771	95
2772	94
2773	103
2774	113
2775	103
2776	103
2777	107
2778	113
2779	119
2780	98
2781	98
2782	108
2783	109
2784	89
2785	102
2786	111
2787	109
2788	118
2789	109
2790	107
2791	108
2792	129
2793	117
2794	100
2795	118
2796	133
2797	109
2798	127
2799	131
2800	101
2801	116
2802	113
2803	122
2804	146
2805	111
2806	114
2807	108
2808	103
2809	127
2810	131
2811	104
2812	134
2813	138
2814	117
2815	126
2816	135
2817	130
2818	128
2819	129
2820	121
2821	124
2822	125
2823	132
2824	143
2825	134
2826	121
2827	147
2828	144
2829	160
2830	125
2831	129
2832	133
2833	135
2834	143
2835	135
2836	154
2837	116
2838	119
2839	148
2840	132
2841	139
2842	150
2843	135
2844	149
2845	137
2846	148
2847	148
2848	163
2849	151
2850	151
2851	153
2852	154
2853	160
2854	146
2855	142
2856	158
2857	179
2858	169
2859	180
2860	154
2861	166
2862	153
2863	155
2864	178
2865	170
2866	169
2867	172
2868	176
2869	150
2870	183
2871	166
2872	204
2873	178
2874	168
2875	173
2876	186
2877	183
2878	161
2879	181
2880	172
2881	204
2882	194
2883	189
2884	183
2885	209
2886	197
2887	164
2888	204
2889	195
2890	198
2891	197
2892	214
2893	215
2894	192
2895	208
2896	194
2897	193
2898	201
2899	226
2900	191
2901	209
2902	220
2903	222
2904	201
2905	232
2906	264
2907	220
2908	239
2909	225
2910	204
2911	233
2912	247
2913	256
2914	203
2915	231
2916	230
2917	263
2918	198
2919	220
2920	236
2921	223
2922	279
2923	218
2924	218
2925	239
2926	260
2927	254
2928	273
2929	239
2930	238
2931	229
2932	256
2933	279
2934	291
2935	266
2936	293
2937	276
2938	265
2939	268
2940	291
2941	279
2942	307
2943	284
2944	297
2945	272
2946	259
2947	286
2948	264
2949	289
2950	313
2951	260
2952	303
2953	314
2954	287
2955	293
2956	312
2957	291
2958	335
2959	314
2960	319
2961	357
2962	344
2963	309
2964	326
2965	310
2966	340
2967	345
2968	355
2969	338
2970	356
2971	362
2972	360
2973	348
2974	362
2975	331
2976	378
2977	364
2978	312
2979	365
2980	378
2981	365
2982	367
2983	369
2984	369
2985	387
2986	392
2987	396
2988	399
2989	398
2990	396
2991	388
2992	362
2993	398
2994	398
2995	399
2996	417
2997	420
2998	441
2999	415
3000	410
3001	434
3002	421
3003	454
3004	429
3005	391
3006	457
3007	411
3008	457
3009	455
3010	444
3011	490
3012	463
3013	449
3014	461
3015	479
3016	463
3017	446
3018	436
3019	508
3020	461
3021	492
3022	506
3023	490
3024	479
3025	470
3026	485
3027	514
3028	493
3029	521
3030	500
3031	466
3032	496
3033	519
3034	499
3035	493
3036	488
3037	530
3038	541
3039	555
3040	540
3041	559
3042	538
3043	564
3044	568
3045	532
3046	560
3047	600
3048	517
3049	554
3050	540
3051	600
3052	597
3053	595
3054	569
3055	628
3056	602
3057	646
3058	593
3059	612
3060	574
3061	667
3062	596
3063	634
3064	675
3065	625
3066	589
3067	670
3068	641
3069	662
3070	642
3071	685
3072	652
3073	647
3074	599
3075	738
3076	632
3077	690
3078	679
3079	690
3080	699
3081	694
3082	721
3083	721
3084	667
3085	647
3086	686
3087	731
3088	697
3089	684
3090	739
3091	795
3092	705
3093	707
3094	745
3095	710
3096	733
3097	754
3098	765
3099	751
3100	700
3101	736
3102	743
3103	770
3104	774
3105	832
3106	808
3107	793
3108	753
3109	750
3110	772
3111	822
3112	777
3113	773
3114	786
3115	789
3116	773
3117	782
3118	799
3119	790
3120	813
3121	850
3122	812
3123	875
3124	852
3125	849
3126	879
3127	864
3128	874
3129	850
3130	867
3131	841
3132	883
3133	875
3134	942
3135	905
3136	858
3137	890
3138	885
3139	894
3140	921
3141	933
3142	891
3143	953
3144	911
3145	912
3146	907
3147	914
3148	969
3149	965
3150	943
3151	998
3152	964
3153	988
3154	978
3155	893
3156	972
3157	930
3158	958
3159	959
3160	1006
3161	933
3162	925
3163	1013
3164	1093
3165	996
3166	959
3167	971
3168	967
3169	1001
3170	1041
3171	963
3172	973
3173	999
3174	981
3175	1008
3176	988
3177	1029
3178	1065
3179	1035
3180	1035
3181	1013
3182	1084
3183	1067
3184	1093
3185	1066
3186	1041
3187	1002
3188	1040
3189	1073
3190	1070
3191	1097
3192	1073
3193	1066
3194	1095
3195	1082
3196	1091
3197	1139
3198	1100
3199	1101
3200	1074
3201	1139
3202	1068
3203	1087
3204	1113
3205	1171
3206	1105
3207	1081
3208	1128
3209	1129
3210	1105
3211	1121
3212	1150
3213	1093
3214	1151
3215	1121
3216	1090
3217	1094
3218	1151
3219	1095
3220	1144
3221	1154
3222	1128
3223	1192
3224	1147
3225	1159
3226	1187
3227	1153
3228	1104
3229	1158
3230	1183
3231	1218
3232	1138
3233	1145
3234	1180
3235	1223
3236	1175
3237	1216
3238	1136
3239	1154
3240	1235
3241	1227
3242	1176
3243	1192
3244	1243
3245	1193
3246	1216
3247	1235
3248	1179
3249	1183
3250	1245
3251	1173
3252	1161
3253	1202
3254	1167
3255	1185
3256	1236
3257	1260
3258	1208
3259	1231
3260	1234
3261	1233
3262	1269
3263	1219
3264	1216
3265	1261
3266	1220
3267	1264
3268	1284
3269	1250
3270	1251
3271	1238
3272	1287
3273	1278
3274	1238
3275	1306
3276	1228
3277	1228
3278	1268
3279	1324
3280	1163
3281	1246
3282	1246
3283	1356
3284	1301
3285	1223
3286	1267
3287	1275
3288	1297
3289	1230
3290	1284
3291	1229
3292	1302
3293	1202
3294	1238
3295	1308
3296	1236
3297	1266
3298	1294
3299	1267
3300	1259
3301	1245
3302	1257
3303	1336
3304	1244
3305	1289
3306	1309
3307	1243
3308	1294
3309	1272
3310	1223
3311	1289
3312	1270
3313	1221
3314	1264
3315	1231
3316	1346
3317	1243
3318	1266
3319	1270
3320	1254
3321	1247
3322	1308
3323	1191
3324	1206
3325	1244
3326	1222
3327	1252
3328	1226
3329	1221
3330	1252
3331	1279
3332	1258
3333	1265
3334	1252
3335	1315
3336	1235
3337	1316
3338	1201
3339	1299
3340	1219
3341	1236
3342	1250
3343	1263
3344	1274
3345	1218
3346	1308
3347	1334
3348	1227
3349	1177
3350	1250
3351	1214
3352	1215
3353	1193
3354	1235
3355	1242
3356	1268
3357	1234
3358	1244
3359	1207
3360	1203
3361	1245
3362	1208
3363	1148
3364	1231
3365	1306
3366	1218
3367	1168
3368	1299
3369	1225
3370	1216
3371	1188
3372	1249
3373	1237
3374	1191
3375	1265
3376	1227
3377	1170
3378	1285
3379	1131
3380	1202
3381	1187
3382	1218
3383	1222
3384	1169
3385	1179
3386	1201
3387	1160
3388	1152
3389	1151
3390	1101
3391	1180
3392	1202
3393	1207
3394	1118
3395	1184
3396	1136
3397	1157
3398	1108
3399	1110
3400	1154
3401	1158
3402	1175
3403	1176
3404	1140
3405	1148
3406	1132
3407	1088
3408	1106
3409	1127
3410	1109
3411	1084
3412	1109
3413	1141
3414	1212
3415	1079
3416	1128
3417	1117
3418	1138
3419	1118
3420	1072
3421	1049
3422	1108
3423	1130
3424	1139
3425	1034
3426	1114
3427	1068
3428	1068
3429	1147
3430	1103
3431	1078
3432	1014
3433	1021
3434	1066
3435	1047
3436	1090
3437	1040
3438	1078
3439	994
3440	1058
3441	1042
3442	1022
3443	1013
3444	1053
3445	1042
3446	1023
3447	993
3448	1011
3449	1028
3450	1005
3451	1004
3452	1007
3453	1015
3454	944
3455	1002
3456	987
3457	980
3458	973
3459	971
3460	970
3461	965
3462	1021
3463	977
3464	970
3465	972
3466	935
3467	956
3468	926
3469	968
3470	995
3471	910
3472	957
3473	927
3474	950
3475	911
3476	883
3477	860
3478	923
3479	898
3480	869
3481	895
3482	864
3483	907
3484	887
3485	924
3486	876
3487	860
3488	892
3489	876
3490	858
3491	866
3492	883
3493	898
3494	881
3495	888
3496	841
3497	821
3498	860
3499	853
3500	867
3501	832
3502	867
3503	777
3504	852
3505	810
3506	799
3507	785
3508	806
3509	849
3510	800
3511	834
3512	742
3513	813
3514	803
3515	790
3516	806
3517	801
3518	743
3519	749
3520	750
3521	777
3522	783
3523	786
3524	698
3525	737
3526	750
3527	685
3528	741
3529	747
3530	720
3531	691
3532	688
3533	676
3534	715
3535	708
3536	697
3537	670
3538	711
3539	702
3540	687
3541	625
3542	678
3543	679
3544	699
3545	700
3546	657
3547	700
3548	626
3549	670
3550	659
3551	647
3552	634
3553	660
3554	645
3555	616
3556	640
3557	644
3558	634
3559	611
3560	636
3561	619
3562	661
3563	648
3564	600
3565	636
3566	599
3567	642
3568	599
3569	638
3570	581
3571	611
3572	579
3573	578
3574	589
3575	599
3576	565
3577	552
3578	556
3579	567
3580	564
3581	556
3582	570
3583	569
3584	551
3585	580
3586	547
3587	571
3588	567
3589	520
3590	503
3591	524
3592	518
3593	502
3594	524
3595	510
3596	508
3597	466
3598	558
3599	465
3600	489
3601	473
3602	516
3603	457
3604	453
3605	459
3606	474
3607	464
3608	468
3609	481
3610	503
3611	477
3612	447
3613	467
3614	407
3615	406
3616	463
3617	446
3618	432
3619	437
3620	428
3621	430
3622	444
3623	444
3624	410
3625	433
3626	457
3627	396
3628	397
3629	420
3630	412
3631	392
3632	404
3633	404
3634	388
3635	396
3636	380
3637	389
3638	371
3639	369
3640	383
3641	367
3642	365
3643	371
3644	385
3645	381
3646	361
3647	326
3648	328
3649	341
3650	375
3651	347
3652	337
3653	341
3654	370
3655	349
3656	336
3657	317
3658	309
3659	348
3660	326
3661	342
3662	312
3663	297
3664	323
3665	310
3666	320
3667	289
3668	297
3669	306
3670	284
3671	332
3672	290
3673	270
3674	310
3675	283
3676	305
3677	284
3678	304
3679	268
3680	278
3681	275
3682	251
3683	259
3684	268
3685	264
3686	255
3687	271
3688	257
3689	287
3690	240
3691	228
3692	242
3693	232
3694	241
3695	247
3696	243
3697	272
3698	240
3699	245
3700	250
3701	216
3702	218
3703	240
3704	240
3705	217
3706	216
3707	188
3708	205
3709	203
3710	234
3711	204
3712	205
3713	208
3714	186
3715	205
3716	210
3717	196
3718	211
3719	206
3720	193
3721	210
3722	210
3723	193
3724	177
3725	197
3726	177
3727	178
3728	190
3729	183
3730	190
3731	201
3732	163
3733	165
3734	197
3735	193
3736	196
3737	176
3738	194
3739	166
3740	176
3741	171
3742	168
3743	160
3744	148
3745	166
3746	169
3747	153
3748	157
3749	150
3750	156
3751	155
3752	138
3753	166
3754	134
3755	145
3756	136
3757	130
3758	153
3759	152
3760	131
3761	132
3762	132
3763	121
3764	137
3765	139
3766	131
3767	136
3768	128
3769	150
3770	135
3771	109
3772	118
3773	120
3774	117
3775	121
3776	114
3777	131
3778	120
3779	96
3780	102
3781	118
3782	106
3783	121
3784	105
3785	114
3786	106
3787	130
3788	109
3789	114
3790	101
3791	85
3792	96
3793	86
3794	95
3795	87
3796	95
3797	88
3798	97
3799	85
3800	84
3801	98
3802	101
3803	91
3804	88
3805	88
3806	94
3807	87
3808	83
3809	94
3810	90
3811	83
3812	82
3813	64
3814	80
3815	94
3816	69
3817	75
3818	77
3819	90
3820	80
3821	101
3822	75
3823	78
3824	79
3825	89
3826	85
3827	85
3828	77
3829	81
3830	68
3831	67
3832	73
3833	87
3834	70
3835	70
3836	59
3837	65
3838	62
3839	57
3840	71
3841	50
3842	56
3843	59
3844	61
3845	57
3846	57
3847	41
3848	59
3849	53
3850	67
3851	54
3852	54
3853	56
3854	48
3855	65
3856	63
3857	45
3858	64
3859	58
3860	42
3861	53
3862	51
3863	51
3864	37
3865	45
3866	35
3867	45
3868	52
3869	34
3870	45
3871	43
3872	57
3873	44
3874	44
3875	50
3876	38
3877	46
3878	35
3879	29
3880	39
3881	30
3882	29
3883	42
3884	32
3885	27
3886	48
3887	33
3888	34
3889	41
3890	30
3891	40
3892	30
3893	33
3894	48
3895	30
3896	36
3897	32
3898	35
3899	41
3900	28
3901	21
3902	35
3903	37
3904	33
3905	34
3906	36
3907	33
3908	32
3909	33
3910	23
3911	25
3912	25
3913	30
3914	28
3915	21
3916	29
3917	27
3918	35
3919	21
3920	30
3921	22
3922	30
3923	20
3924	28
3925	20
3926	23
3927	28
3928	22
3929	24
3930	23
3931	24
3932	14
3933	27
3934	25
3935	17
3936	25
3937	28
3938	22
3939	21
3940	30
3941	21
3942	24
3943	14
3944	15
3945	21
3946	17
3947	16
3948	27
3949	20
3950	20
3951	21
3952	13
3953	26
3954	24
3955	22
3956	22
3957	17
3958	20
3959	18
3960	23
3961	18
3962	20
3963	10
3964	14
3965	19
3966	11
3967	12
3968	17
3969	11
3970	5
3971	20
3972	15
3973	14
3974	11
3975	17
3976	19
3977	17
3978	7
3979	20
3980	22
3981	11
3982	15
3983	16
3984	18
3985	11
3986	10
3987	14
3988	14
3989	24
3990	12
3991	16
3992	12
3993	9
3994	14
3995	7
3996	13
3997	14
3998	4
3999	13
4000	14
4001	17
4002	10
4003	7
4004	15
4005	9
4006	7
4007	10
4008	7
4009	8
4010	9
4011	9
4012	8
4013	11
4014	13
4015	12
4016	7
4017	17
4018	14
4019	11
4020	9
4021	5
4022	6
4023	5
4024	9
4025	13
4026	2
4027	6
4028	10
4029	7
4030	9
4031	7
4032	7
4033	9
4034	6
4035	15
4036	11
4037	6
4038	15
4039	7
4040	7
4041	13
4042	7
4043	13
4044	7
4045	6
4046	6
4047	7
4048	4
4049	17
4050	11
4051	3
4052	10
4053	3
4054	3
4055	6
4056	9
4057	9
4058	9
4059	6
4060	8
4061	6
4062	7
4063	6
4064	3
4065	9
4066	5
4067	6
4068	4
4069	8
4070	4
4071	5
4072	5
4073	1
4074	8
4075	7
4076	6
4077	8
4078	4
4079	9
4080	5
4081	8
4082	5
4083	9
4084	2
4085	6
4086	5
4087	4
4088	4
4089	1
4090	8
4091	4
4092	6
4093	3
4094	5
4095	8
