0	0
1	0
2	0
3	0
4	0
5	0
6	0
7	0
8	0
9	0
10	0
11	0
12	0
13	0
14	0
15	0
16	0
17	0
18	0
19	0
20	0
21	0
22	0
23	0
24	0
25	0
26	0
27	1
28	0
29	0
30	0
31	0
32	0
33	0
34	1
35	1
36	0
37	0
38	0
39	1
40	6
41	2
42	1
43	4
44	5
45	6
46	3
47	9
48	8
49	6
50	8
51	4
52	8
53	9
54	5
55	10
56	10
57	4
58	5
59	2
60	17
61	29
62	100
63	290
64	435
65	400
66	338
67	301
68	287
69	242
70	205
71	208
72	171
73	153
74	139
75	127
76	127
77	108
78	100
79	100
80	115
81	105
82	90
83	99
84	94
85	90
86	76
87	100
88	90
89	108
90	66
91	76
92	88
93	91
94	85
95	82
96	91
97	81
98	87
99	76
100	75
101	66
102	78
103	97
104	75
105	85
106	82
107	74
108	68
109	85
110	92
111	94
112	98
113	70
114	85
115	99
116	81
117	94
118	69
119	103
120	84
121	86
122	88
123	99
124	83
125	83
126	81
127	74
128	70
129	87
130	83
131	84
132	97
133	84
134	77
135	96
136	75
137	79
138	97
139	71
140	84
141	83
142	80
143	97
144	96
145	91
146	89
147	75
148	87
149	85
150	75
151	85
152	92
153	71
154	68
155	96
156	80
157	84
158	68
159	90
160	81
161	73
162	81
163	76
164	94
165	82
166	73
167	80
168	83
169	92
170	83
171	107
172	73
173	85
174	95
175	92
176	93
177	73
178	87
179	70
180	88
181	75
182	106
183	80
184	89
185	56
186	78
187	106
188	94
189	85
190	83
191	84
192	85
193	89
194	100
195	78
196	66
197	90
198	72
199	92
200	78
201	96
202	97
203	82
204	84
205	88
206	103
207	82
208	84
209	86
210	106
211	81
212	81
213	75
214	90
215	96
216	92
217	74
218	84
219	88
220	81
221	90
222	85
223	70
224	86
225	83
226	101
227	94
228	92
229	92
230	89
231	85
232	87
233	87
234	81
235	102
236	74
237	86
238	82
239	102
240	107
241	69
242	106
243	95
244	74
245	100
246	87
247	78
248	90
249	101
250	82
251	92
252	95
253	94
254	87
255	88
256	95
257	85
258	104
259	96
260	78
261	93
262	93
263	79
264	92
265	103
266	93
267	101
268	96
269	83
270	99
271	104
272	100
273	80
274	87
275	97
276	100
277	97
278	83
279	74
280	106
281	103
282	92
283	90
284	89
285	101
286	108
287	105
288	77
289	102
290	98
291	96
292	87
293	80
294	107
295	87
296	109
297	89
298	78
299	110
300	72
301	93
302	95
303	83
304	93
305	113
306	100
307	96
308	89
309	76
310	111
311	96
312	93
313	88
314	90
315	87
316	101
317	88
318	108
319	97
320	94
321	107
322	91
323	96
324	104
325	100
326	99
327	97
328	113
329	104
330	105
331	103
332	109
333	116
334	104
335	95
336	107
337	105
338	93
339	105
340	102
341	96
342	101
343	92
344	112
345	120
346	96
347	118
348	122
349	109
350	100
351	116
352	112
353	110
354	120
355	105
356	106
357	113
358	111
359	115
360	116
361	97
362	115
363	114
364	102
365	108
366	82
367	95
368	126
369	109
370	102
371	97
372	111
373	101
374	118
375	113
376	96
377	107
378	98
379	127
380	125
381	122
382	118
383	121
384	110
385	120
386	119
387	100
388	109
389	119
390	114
391	127
392	112
393	111
394	94
395	147
396	121
397	118
398	93
399	125
400	110
401	147
402	125
403	115
404	96
405	119
406	111
407	106
408	125
409	120
410	125
411	121
412	96
413	108
414	109
415	140
416	125
417	113
418	113
419	117
420	131
421	122
422	117
423	123
424	134
425	118
426	116
427	109
428	135
429	124
430	122
431	118
432	134
433	119
434	134
435	113
436	123
437	116
438	123
439	96
440	136
441	117
442	137
443	131
444	124
445	130
446	134
447	137
448	130
449	131
450	117
451	143
452	108
453	108
454	130
455	125
456	133
457	123
458	122
459	125
460	107
461	126
462	107
463	130
464	129
465	120
466	127
467	130
468	100
469	123
470	135
471	133
472	120
473	130
474	128
475	132
476	139
477	127
478	115
479	129
480	118
481	108
482	116
483	124
484	116
485	105
486	117
487	114
488	114
489	106
490	102
491	120
492	116
493	104
494	134
495	117
496	128
497	108
498	125
499	99
500	115
501	125
502	132
503	131
504	118
505	112
506	141
507	118
508	109
509	134
510	132
511	132
512	121
513	129
514	137
515	121
516	125
517	118
518	112
519	110
520	120
521	117
522	121
523	116
524	113
525	101
526	122
527	120
528	120
529	117
530	135
531	112
532	122
533	128
534	122
535	115
536	115
537	133
538	102
539	107
540	107
541	125
542	119
543	116
544	119
545	138
546	121
547	115
548	121
549	144
550	124
551	114
552	121
553	135
554	101
555	136
556	117
557	104
558	128
559	111
560	138
561	121
562	117
563	145
564	111
565	135
566	105
567	131
568	134
569	136
570	119
571	112
572	124
573	103
574	126
575	100
576	122
577	117
578	130
579	120
580	120
581	96
582	129
583	122
584	136
585	134
586	128
587	104
588	116
589	115
590	123
591	136
592	110
593	126
594	123
595	150
596	122
597	127
598	140
599	143
600	124
601	143
602	113
603	109
604	119
605	130
606	115
607	111
608	116
609	135
610	127
611	111
612	123
613	122
614	137
615	126
616	121
617	143
618	115
619	125
620	128
621	131
622	126
623	139
624	119
625	141
626	129
627	145
628	136
629	134
630	126
631	127
632	141
633	146
634	117
635	126
636	135
637	120
638	143
639	134
640	153
641	149
642	148
643	148
644	141
645	134
646	148
647	151
648	145
649	114
650	126
651	160
652	150
653	136
654	133
655	151
656	134
657	124
658	132
659	126
660	141
661	136
662	149
663	143
664	126
665	139
666	150
667	121
668	131
669	154
670	131
671	151
672	155
673	144
674	153
675	151
676	154
677	130
678	138
679	156
680	147
681	149
682	155
683	156
684	153
685	138
686	133
687	141
688	140
689	139
690	149
691	136
692	130
693	148
694	146
695	141
696	135
697	139
698	137
699	148
700	151
701	142
702	154
703	145
704	156
705	162
706	150
707	161
708	167
709	141
710	150
711	158
712	157
713	142
714	170
715	168
716	141
717	148
718	165
719	153
720	134
721	152
722	153
723	151
724	166
725	158
726	147
727	164
728	189
729	163
730	162
731	134
732	159
733	159
734	145
735	144
736	179
737	158
738	155
739	164
740	148
741	158
742	147
743	150
744	146
745	162
746	144
747	172
748	152
749	143
750	162
751	147
752	187
753	145
754	157
755	157
756	162
757	169
758	145
759	190
760	170
761	166
762	189
763	155
764	152
765	154
766	151
767	159
768	161
769	176
770	169
771	138
772	175
773	188
774	162
775	174
776	169
777	168
778	183
779	141
780	162
781	163
782	148
783	172
784	152
785	183
786	171
787	169
788	172
789	167
790	158
791	179
792	154
793	168
794	135
795	160
796	165
797	173
798	180
799	166
800	177
801	163
802	186
803	150
804	156
805	147
806	159
807	176
808	198
809	170
810	165
811	155
812	135
813	175
814	195
815	168
816	154
817	147
818	166
819	180
820	178
821	175
822	175
823	180
824	199
825	179
826	193
827	160
828	205
829	174
830	185
831	170
832	173
833	160
834	188
835	155
836	179
837	163
838	133
839	163
840	150
841	150
842	166
843	175
844	168
845	152
846	178
847	170
848	174
849	154
850	163
851	179
852	187
853	167
854	162
855	175
856	170
857	171
858	157
859	184
860	155
861	159
862	146
863	179
864	182
865	182
866	178
867	156
868	176
869	158
870	175
871	183
872	184
873	165
874	186
875	169
876	172
877	156
878	160
879	158
880	171
881	164
882	157
883	160
884	173
885	144
886	164
887	151
888	173
889	172
890	163
891	165
892	178
893	161
894	180
895	167
896	177
897	147
898	166
899	167
900	153
901	155
902	148
903	177
904	180
905	163
906	182
907	189
908	184
909	168
910	170
911	182
912	179
913	167
914	149
915	176
916	165
917	165
918	146
919	152
920	165
921	168
922	153
923	162
924	154
925	156
926	165
927	158
928	169
929	168
930	154
931	170
932	163
933	147
934	167
935	160
936	150
937	157
938	155
939	137
940	167
941	174
942	183
943	176
944	168
945	175
946	167
947	160
948	153
949	143
950	143
951	146
952	135
953	161
954	146
955	147
956	158
957	147
958	155
959	157
960	150
961	152
962	133
963	157
964	145
965	141
966	147
967	162
968	139
969	138
970	143
971	171
972	146
973	155
974	162
975	164
976	160
977	188
978	153
979	169
980	161
981	158
982	153
983	137
984	128
985	167
986	150
987	158
988	158
989	171
990	151
991	149
992	139
993	149
994	157
995	161
996	142
997	140
998	152
999	162
1000	149
1001	149
1002	134
1003	132
1004	163
1005	148
1006	141
1007	139
1008	130
1009	159
1010	157
1011	146
1012	162
1013	142
1014	158
1015	148
1016	142
1017	155
1018	143
1019	137
1020	169
1021	136
1022	159
1023	153
1024	156
1025	128
1026	140
1027	144
1028	149
1029	143
1030	132
1031	160
1032	148
1033	171
1034	165
1035	122
1036	152
1037	139
1038	147
1039	138
1040	147
1041	143
1042	136
1043	146
1044	144
1045	145
1046	142
1047	130
1048	140
1049	142
1050	140
1051	139
1052	139
1053	139
1054	137
1055	144
1056	130
1057	128
1058	125
1059	126
1060	115
1061	132
1062	109
1063	136
1064	157
1065	133
1066	145
1067	102
1068	128
1069	132
1070	130
1071	137
1072	144
1073	120
1074	113
1075	147
1076	141
1077	114
1078	130
1079	118
1080	126
1081	125
1082	120
1083	140
1084	129
1085	150
1086	127
1087	112
1088	139
1089	120
1090	120
1091	108
1092	120
1093	133
1094	132
1095	121
1096	124
1097	129
1098	116
1099	128
1100	124
1101	114
1102	121
1103	128
1104	134
1105	158
1106	121
1107	145
1108	128
1109	116
1110	125
1111	135
1112	105
1113	136
1114	126
1115	142
1116	141
1117	119
1118	119
1119	106
1120	121
1121	129
1122	121
1123	120
1124	121
1125	119
1126	122
1127	152
1128	119
1129	125
1130	118
1131	127
1132	129
1133	113
1134	118
1135	111
1136	123
1137	94
1138	103
1139	116
1140	118
1141	112
1142	130
1143	117
1144	109
1145	101
1146	94
1147	110
1148	119
1149	116
1150	120
1151	123
1152	131
1153	133
1154	103
1155	116
1156	113
1157	112
1158	118
1159	117
1160	121
1161	117
1162	121
1163	116
1164	97
1165	102
1166	108
1167	127
1168	122
1169	103
1170	117
1171	106
1172	117
1173	125
1174	128
1175	131
1176	119
1177	121
1178	129
1179	137
1180	103
1181	96
1182	108
1183	103
1184	109
1185	95
1186	110
1187	105
1188	105
1189	131
1190	104
1191	114
1192	103
1193	118
1194	90
1195	112
1196	119
1197	117
1198	101
1199	106
1200	108
1201	93
1202	102
1203	108
1204	89
1205	99
1206	109
1207	86
1208	103
1209	115
1210	113
1211	94
1212	100
1213	112
1214	100
1215	109
1216	122
1217	130
1218	110
1219	106
1220	106
1221	108
1222	93
1223	93
1224	90
1225	111
1226	101
1227	101
1228	98
1229	110
1230	100
1231	91
1232	97
1233	115
1234	107
1235	100
1236	107
1237	90
1238	96
1239	115
1240	89
1241	107
1242	115
1243	105
1244	85
1245	110
1246	87
1247	91
1248	111
1249	105
1250	86
1251	105
1252	97
1253	97
1254	93
1255	111
1256	95
1257	88
1258	95
1259	88
1260	104
1261	98
1262	95
1263	96
1264	114
1265	102
1266	71
1267	85
1268	102
1269	98
1270	88
1271	95
1272	115
1273	108
1274	100
1275	101
1276	81
1277	91
1278	80
1279	110
1280	89
1281	85
1282	94
1283	91
1284	97
1285	94
1286	73
1287	107
1288	94
1289	98
1290	94
1291	103
1292	88
1293	97
1294	105
1295	92
1296	84
1297	99
1298	96
1299	87
1300	94
1301	107
1302	101
1303	102
1304	96
1305	113
1306	98
1307	77
1308	93
1309	96
1310	95
1311	98
1312	86
1313	111
1314	90
1315	89
1316	117
1317	92
1318	89
1319	104
1320	84
1321	89
1322	116
1323	95
1324	98
1325	93
1326	91
1327	101
1328	106
1329	120
1330	105
1331	80
1332	105
1333	104
1334	91
1335	91
1336	92
1337	80
1338	80
1339	85
1340	90
1341	74
1342	85
1343	105
1344	84
1345	90
1346	83
1347	105
1348	89
1349	94
1350	110
1351	95
1352	77
1353	100
1354	78
1355	89
1356	81
1357	86
1358	86
1359	102
1360	102
1361	81
1362	100
1363	73
1364	105
1365	101
1366	89
1367	83
1368	102
1369	93
1370	85
1371	121
1372	99
1373	95
1374	106
1375	85
1376	103
1377	92
1378	88
1379	90
1380	91
1381	78
1382	94
1383	80
1384	99
1385	100
1386	100
1387	106
1388	96
1389	72
1390	109
1391	97
1392	101
1393	89
1394	93
1395	99
1396	94
1397	95
1398	94
1399	92
1400	111
1401	96
1402	98
1403	93
1404	76
1405	107
1406	98
1407	96
1408	97
1409	87
1410	94
1411	104
1412	89
1413	113
1414	87
1415	105
1416	92
1417	97
1418	99
1419	87
1420	89
1421	102
1422	94
1423	98
1424	114
1425	95
1426	110
1427	98
1428	108
1429	112
1430	115
1431	96
1432	102
1433	91
1434	120
1435	93
1436	101
1437	96
1438	125
1439	92
1440	93
1441	95
1442	106
1443	110
1444	112
1445	89
1446	102
1447	110
1448	104
1449	110
1450	95
1451	105
1452	92
1453	105
1454	111
1455	96
1456	100
1457	93
1458	94
1459	95
1460	109
1461	99
1462	105
1463	100
1464	117
1465	122
1466	93
1467	107
1468	123
1469	103
1470	116
1471	125
1472	105
1473	111
1474	106
1475	104
1476	134
1477	119
1478	135
1479	111
1480	114
1481	118
1482	114
1483	110
1484	109
1485	112
1486	110
1487	105
1488	134
1489	133
1490	112
1491	114
1492	114
1493	135
1494	135
1495	109
1496	125
1497	107
1498	112
1499	118
1500	108
1501	122
1502	125
1503	123
1504	140
1505	120
1506	116
1507	144
1508	124
1509	120
1510	110
1511	136
1512	133
1513	115
1514	117
1515	114
1516	147
1517	139
1518	137
1519	132
1520	112
1521	114
1522	122
1523	123
1524	125
1525	143
1526	123
1527	167
1528	112
1529	119
1530	135
1531	118
1532	137
1533	141
1534	142
1535	129
1536	152
1537	139
1538	152
1539	128
1540	139
1541	172
1542	126
1543	141
1544	157
1545	165
1546	159
1547	167
1548	148
1549	149
1550	141
1551	147
1552	154
1553	156
1554	163
1555	149
1556	163
1557	150
1558	156
1559	153
1560	139
1561	175
1562	153
1563	156
1564	152
1565	165
1566	187
1567	150
1568	140
1569	161
1570	176
1571	130
1572	149
1573	148
1574	169
1575	174
1576	147
1577	170
1578	162
1579	177
1580	162
1581	175
1582	186
1583	156
1584	191
1585	152
1586	167
1587	189
1588	188
1589	183
1590	167
1591	195
1592	171
1593	178
1594	162
1595	170
1596	157
1597	176
1598	158
1599	184
1600	190
1601	182
1602	171
1603	188
1604	172
1605	175
1606	192
1607	192
1608	187
1609	177
1610	208
1611	193
1612	189
1613	180
1614	184
1615	174
1616	185
1617	207
1618	171
1619	198
1620	206
1621	194
1622	206
1623	229
1624	185
1625	242
1626	197
1627	191
1628	192
1629	204
1630	191
1631	223
1632	203
1633	208
1634	210
1635	224
1636	190
1637	226
1638	204
1639	223
1640	232
1641	218
1642	209
1643	212
1644	220
1645	232
1646	231
1647	218
1648	215
1649	243
1650	204
1651	196
1652	219
1653	249
1654	195
1655	216
1656	216
1657	224
1658	224
1659	219
1660	205
1661	249
1662	209
1663	263
1664	222
1665	225
1666	260
1667	231
1668	270
1669	240
1670	210
1671	248
1672	268
1673	250
1674	215
1675	231
1676	217
1677	219
1678	240
1679	243
1680	211
1681	246
1682	244
1683	283
1684	261
1685	253
1686	260
1687	233
1688	233
1689	269
1690	246
1691	245
1692	244
1693	240
1694	259
1695	271
1696	254
1697	238
1698	282
1699	251
1700	252
1701	261
1702	271
1703	253
1704	248
1705	283
1706	281
1707	277
1708	268
1709	262
1710	250
1711	223
1712	277
1713	271
1714	251
1715	298
1716	291
1717	287
1718	273
1719	281
1720	299
1721	283
1722	282
1723	284
1724	267
1725	254
1726	292
1727	281
1728	274
1729	266
1730	268
1731	294
1732	287
1733	291
1734	277
1735	281
1736	262
1737	289
1738	300
1739	272
1740	291
1741	294
1742	288
1743	266
1744	302
1745	267
1746	288
1747	273
1748	271
1749	286
1750	278
1751	291
1752	293
1753	286
1754	313
1755	337
1756	305
1757	313
1758	305
1759	288
1760	300
1761	311
1762	312
1763	314
1764	328
1765	285
1766	264
1767	319
1768	302
1769	280
1770	302
1771	313
1772	269
1773	321
1774	301
1775	311
1776	313
1777	321
1778	316
1779	276
1780	295
1781	288
1782	324
1783	289
1784	284
1785	292
1786	302
1787	304
1788	296
1789	340
1790	314
1791	296
1792	290
1793	323
1794	293
1795	323
1796	288
1797	310
1798	324
1799	297
1800	306
1801	314
1802	319
1803	298
1804	325
1805	316
1806	297
1807	299
1808	324
1809	326
1810	315
1811	332
1812	297
1813	318
1814	326
1815	309
1816	308
1817	314
1818	316
1819	325
1820	296
1821	313
1822	315
1823	287
1824	327
1825	325
1826	329
1827	336
1828	295
1829	357
1830	307
1831	327
1832	319
1833	304
1834	325
1835	335
1836	304
1837	313
1838	306
1839	308
1840	303
1841	310
1842	321
1843	309
1844	335
1845	337
1846	318
1847	332
1848	306
1849	342
1850	299
1851	332
1852	330
1853	300
1854	296
1855	305
1856	317
1857	317
1858	321
1859	297
1860	325
1861	339
1862	293
1863	314
1864	295
1865	286
1866	300
1867	279
1868	306
1869	315
1870	307
1871	313
1872	288
1873	279
1874	294
1875	282
1876	283
1877	304
1878	308
1879	318
1880	273
1881	308
1882	308
1883	316
1884	298
1885	335
1886	317
1887	287
1888	317
1889	316
1890	295
1891	290
1892	291
1893	272
1894	308
1895	309
1896	291
1897	285
1898	273
1899	307
1900	297
1901	296
1902	306
1903	318
1904	342
1905	330
1906	305
1907	313
1908	277
1909	281
1910	331
1911	302
1912	295
1913	287
1914	311
1915	300
1916	280
1917	295
1918	272
1919	266
1920	278
1921	276
1922	272
1923	268
1924	305
1925	290
1926	295
1927	286
1928	269
1929	243
1930	264
1931	281
1932	292
1933	258
1934	275
1935	272
1936	285
1937	269
1938	274
1939	307
1940	277
1941	308
1942	287
1943	272
1944	282
1945	260
1946	246
1947	263
1948	265
1949	251
1950	253
1951	241
1952	294
1953	252
1954	246
1955	264
1956	264
1957	255
1958	286
1959	247
1960	283
1961	225
1962	265
1963	231
1964	265
1965	254
1966	290
1967	247
1968	256
1969	237
1970	275
1971	223
1972	246
1973	235
1974	255
1975	258
1976	239
1977	261
1978	232
1979	231
1980	237
1981	237
1982	251
1983	262
1984	223
1985	216
1986	228
1987	239
1988	219
1989	217
1990	265
1991	243
1992	219
1993	212
1994	245
1995	224
1996	221
1997	217
1998	217
1999	226
2000	194
2001	210
2002	228
2003	214
2004	200
2005	207
2006	217
2007	219
2008	223
2009	225
2010	209
2011	215
2012	224
2013	212
2014	196
2015	224
2016	219
2017	211
2018	207
2019	199
2020	182
2021	220
2022	202
2023	202
2024	188
2025	175
2026	201
2027	180
2028	199
2029	201
2030	193
2031	191
2032	188
2033	190
2034	182
2035	219
2036	189
2037	185
2038	183
2039	177
2040	173
2041	179
2042	175
2043	168
2044	177
2045	172
2046	182
2047	189
2048	186
2049	189
2050	165
2051	195
2052	169
2053	193
2054	165
2055	173
2056	186
2057	172
2058	154
2059	188
2060	153
2061	159
2062	167
2063	167
2064	157
2065	175
2066	142
2067	154
2068	161
2069	153
2070	125
2071	175
2072	163
2073	162
2074	147
2075	151
2076	196
2077	148
2078	152
2079	146
2080	148
2081	152
2082	172
2083	148
2084	138
2085	166
2086	131
2087	141
2088	129
2089	141
2090	118
2091	140
2092	144
2093	155
2094	117
2095	151
2096	112
2097	133
2098	123
2099	139
2100	145
2101	136
2102	133
2103	123
2104	134
2105	143
2106	150
2107	127
2108	124
2109	136
2110	121
2111	110
2112	120
2113	142
2114	127
2115	104
2116	144
2117	128
2118	123
2119	133
2120	128
2121	130
2122	124
2123	108
2124	123
2125	94
2126	97
2127	94
2128	114
2129	113
2130	122
2131	97
2132	104
2133	107
2134	116
2135	117
2136	89
2137	107
2138	108
2139	106
2140	92
2141	94
2142	97
2143	104
2144	91
2145	97
2146	121
2147	97
2148	98
2149	117
2150	105
2151	88
2152	95
2153	79
2154	92
2155	77
2156	76
2157	104
2158	94
2159	86
2160	85
2161	74
2162	80
2163	80
2164	83
2165	99
2166	94
2167	84
2168	77
2169	85
2170	88
2171	74
2172	96
2173	80
2174	72
2175	73
2176	85
2177	94
2178	77
2179	91
2180	93
2181	72
2182	68
2183	91
2184	66
2185	67
2186	75
2187	79
2188	68
2189	83
2190	73
2191	72
2192	87
2193	77
2194	78
2195	73
2196	83
2197	80
2198	74
2199	84
2200	83
2201	68
2202	77
2203	69
2204	72
2205	60
2206	76
2207	66
2208	74
2209	57
2210	61
2211	58
2212	69
2213	70
2214	57
2215	58
2216	68
2217	51
2218	63
2219	65
2220	67
2221	51
2222	58
2223	67
2224	64
2225	49
2226	51
2227	46
2228	57
2229	62
2230	62
2231	53
2232	57
2233	48
2234	50
2235	62
2236	53
2237	48
2238	61
2239	47
2240	59
2241	60
2242	49
2243	54
2244	52
2245	38
2246	35
2247	53
2248	45
2249	51
2250	48
2251	49
2252	52
2253	45
2254	44
2255	32
2256	52
2257	37
2258	49
2259	59
2260	60
2261	49
2262	46
2263	32
2264	43
2265	41
2266	45
2267	41
2268	49
2269	41
2270	48
2271	53
2272	39
2273	39
2274	61
2275	49
2276	48
2277	47
2278	35
2279	35
2280	61
2281	40
2282	40
2283	39
2284	45
2285	44
2286	33
2287	39
2288	44
2289	43
2290	40
2291	39
2292	33
2293	46
2294	39
2295	30
2296	38
2297	33
2298	28
2299	33
2300	30
2301	44
2302	45
2303	36
2304	45
2305	37
2306	44
2307	32
2308	35
2309	29
2310	39
2311	31
2312	37
2313	42
2314	34
2315	38
2316	36
2317	45
2318	36
2319	46
2320	39
2321	40
2322	48
2323	28
2324	18
2325	33
2326	36
2327	27
2328	33
2329	40
2330	27
2331	26
2332	27
2333	29
2334	28
2335	30
2336	32
2337	29
2338	39
2339	22
2340	31
2341	34
2342	45
2343	25
2344	34
2345	25
2346	23
2347	25
2348	24
2349	25
2350	25
2351	32
2352	25
2353	36
2354	35
2355	26
2356	23
2357	37
2358	26
2359	37
2360	27
2361	30
2362	34
2363	29
2364	24
2365	42
2366	26
2367	34
2368	32
2369	27
2370	37
2371	34
2372	29
2373	19
2374	29
2375	21
2376	41
2377	28
2378	32
2379	37
2380	30
2381	34
2382	22
2383	27
2384	27
2385	24
2386	25
2387	23
2388	24
2389	27
2390	26
2391	21
2392	32
2393	26
2394	15
2395	31
2396	21
2397	40
2398	22
2399	22
2400	37
2401	21
2402	27
2403	30
2404	31
2405	29
2406	28
2407	22
2408	34
2409	28
2410	26
2411	32
2412	28
2413	16
2414	20
2415	27
2416	40
2417	27
2418	35
2419	20
2420	29
2421	20
2422	24
2423	24
2424	23
2425	26
2426	33
2427	26
2428	17
2429	17
2430	20
2431	24
2432	20
2433	32
2434	30
2435	15
2436	33
2437	33
2438	19
2439	22
2440	19
2441	26
2442	32
2443	18
2444	19
2445	23
2446	28
2447	26
2448	27
2449	32
2450	25
2451	25
2452	31
2453	34
2454	15
2455	20
2456	20
2457	30
2458	20
2459	29
2460	22
2461	22
2462	16
2463	22
2464	27
2465	24
2466	24
2467	25
2468	27
2469	19
2470	17
2471	25
2472	23
2473	20
2474	32
2475	29
2476	29
2477	21
2478	16
2479	34
2480	22
2481	30
2482	21
2483	27
2484	16
2485	19
2486	23
2487	19
2488	17
2489	25
2490	26
2491	22
2492	27
2493	20
2494	23
2495	22
2496	23
2497	30
2498	28
2499	30
2500	22
2501	29
2502	20
2503	25
2504	21
2505	22
2506	30
2507	20
2508	16
2509	20
2510	25
2511	19
2512	21
2513	29
2514	25
2515	27
2516	26
2517	30
2518	29
2519	22
2520	18
2521	25
2522	26
2523	19
2524	15
2525	20
2526	27
2527	29
2528	26
2529	15
2530	32
2531	26
2532	21
2533	24
2534	25
2535	22
2536	38
2537	22
2538	27
2539	15
2540	19
2541	24
2542	17
2543	19
2544	30
2545	28
2546	24
2547	20
2548	22
2549	26
2550	34
2551	20
2552	24
2553	32
2554	29
2555	18
2556	25
2557	18
2558	22
2559	16
2560	28
2561	24
2562	15
2563	23
2564	26
2565	28
2566	20
2567	18
2568	22
2569	25
2570	28
2571	25
2572	22
2573	19
2574	29
2575	24
2576	22
2577	26
2578	19
2579	15
2580	27
2581	26
2582	30
2583	25
2584	28
2585	14
2586	20
2587	24
2588	13
2589	22
2590	34
2591	21
2592	24
2593	26
2594	18
2595	26
2596	26
2597	24
2598	28
2599	29
2600	29
2601	35
2602	22
2603	25
2604	25
2605	25
2606	23
2607	25
2608	30
2609	23
2610	21
2611	20
2612	21
2613	26
2614	22
2615	26
2616	25
2617	34
2618	21
2619	27
2620	22
2621	22
2622	30
2623	17
2624	24
2625	20
2626	15
2627	24
2628	26
2629	24
2630	36
2631	19
2632	21
2633	16
2634	25
2635	33
2636	32
2637	36
2638	30
2639	24
2640	32
2641	20
2642	17
2643	18
2644	20
2645	26
2646	26
2647	19
2648	21
2649	28
2650	27
2651	27
2652	25
2653	20
2654	20
2655	25
2656	21
2657	27
2658	22
2659	22
2660	18
2661	20
2662	25
2663	30
2664	25
2665	24
2666	23
2667	31
2668	22
2669	26
2670	30
2671	29
2672	20
2673	26
2674	18
2675	20
2676	22
2677	30
2678	21
2679	20
2680	24
2681	31
2682	28
2683	24
2684	21
2685	23
2686	30
2687	19
2688	25
2689	19
2690	30
2691	28
2692	33
2693	22
2694	20
2695	22
2696	17
2697	19
2698	28
2699	21
2700	18
2701	24
2702	16
2703	27
2704	25
2705	31
2706	19
2707	16
2708	23
2709	26
2710	18
2711	20
2712	18
2713	32
2714	23
2715	13
2716	33
2717	18
2718	23
2719	18
2720	19
2721	32
2722	28
2723	32
2724	20
2725	26
2726	15
2727	19
2728	31
2729	27
2730	27
2731	27
2732	27
2733	21
2734	31
2735	19
2736	31
2737	33
2738	26
2739	24
2740	23
2741	19
2742	16
2743	20
2744	26
2745	18
2746	22
2747	24
2748	29
2749	23
2750	24
2751	16
2752	25
2753	24
2754	15
2755	31
2756	26
2757	26
2758	21
2759	19
2760	15
2761	21
2762	17
2763	17
2764	21
2765	20
2766	19
2767	35
2768	18
2769	17
2770	14
2771	15
2772	29
2773	29
2774	24
2775	23
2776	22
2777	21
2778	15
2779	17
2780	17
2781	12
2782	25
2783	28
2784	25
2785	16
2786	22
2787	21
2788	23
2789	21
2790	18
2791	17
2792	19
2793	24
2794	22
2795	17
2796	14
2797	26
2798	16
2799	18
2800	20
2801	20
2802	17
2803	18
2804	26
2805	21
2806	22
2807	23
2808	13
2809	24
2810	21
2811	29
2812	13
2813	21
2814	26
2815	15
2816	25
2817	26
2818	18
2819	16
2820	18
2821	15
2822	25
2823	27
2824	21
2825	21
2826	17
2827	23
2828	16
2829	18
2830	21
2831	21
2832	24
2833	18
2834	23
2835	16
2836	20
2837	29
2838	20
2839	17
2840	21
2841	10
2842	20
2843	13
2844	15
2845	20
2846	15
2847	19
2848	11
2849	14
2850	25
2851	27
2852	18
2853	19
2854	23
2855	16
2856	19
2857	14
2858	19
2859	19
2860	13
2861	14
2862	19
2863	19
2864	16
2865	12
2866	12
2867	17
2868	17
2869	23
2870	17
2871	14
2872	16
2873	15
2874	20
2875	24
2876	23
2877	11
2878	18
2879	22
2880	15
2881	7
2882	14
2883	13
2884	12
2885	16
2886	14
2887	17
2888	11
2889	10
2890	20
2891	14
2892	22
2893	18
2894	10
2895	20
2896	21
2897	21
2898	16
2899	19
2900	15
2901	17
2902	21
2903	26
2904	11
2905	14
2906	12
2907	15
2908	20
2909	20
2910	18
2911	17
2912	14
2913	16
2914	13
2915	18
2916	23
2917	17
2918	16
2919	14
2920	16
2921	14
2922	15
2923	18
2924	21
2925	17
2926	17
2927	22
2928	17
2929	14
2930	12
2931	19
2932	10
2933	16
2934	19
2935	19
2936	15
2937	15
2938	16
2939	18
2940	14
2941	10
2942	15
2943	16
2944	17
2945	14
2946	12
2947	22
2948	15
2949	13
2950	21
2951	12
2952	13
2953	18
2954	21
2955	15
2956	16
2957	9
2958	15
2959	15
2960	15
2961	9
2962	9
2963	7
2964	10
2965	21
2966	15
2967	18
2968	11
2969	16
2970	21
2971	12
2972	8
2973	15
2974	13
2975	14
2976	13
2977	10
2978	9
2979	13
2980	10
2981	15
2982	16
2983	12
2984	15
2985	8
2986	16
2987	8
2988	8
2989	10
2990	7
2991	11
2992	12
2993	24
2994	16
2995	15
2996	16
2997	17
2998	13
2999	13
3000	14
3001	12
3002	9
3003	6
3004	13
3005	19
3006	13
3007	9
3008	13
3009	8
3010	15
3011	8
3012	7
3013	13
3014	11
3015	11
3016	14
3017	20
3018	15
3019	3
3020	12
3021	10
3022	14
3023	13
3024	18
3025	15
3026	11
3027	11
3028	9
3029	15
3030	12
3031	12
3032	17
3033	6
3034	9
3035	17
3036	12
3037	17
3038	8
3039	12
3040	7
3041	13
3042	13
3043	10
3044	8
3045	12
3046	9
3047	15
3048	17
3049	13
3050	9
3051	8
3052	14
3053	8
3054	12
3055	8
3056	16
3057	7
3058	17
3059	11
3060	11
3061	10
3062	13
3063	14
3064	15
3065	9
3066	17
3067	14
3068	9
3069	13
3070	7
3071	6
3072	8
3073	10
3074	10
3075	7
3076	13
3077	16
3078	6
3079	14
3080	9
3081	11
3082	11
3083	12
3084	9
3085	12
3086	11
3087	14
3088	12
3089	11
3090	9
3091	10
3092	6
3093	13
3094	11
3095	13
3096	17
3097	16
3098	8
3099	13
3100	10
3101	7
3102	10
3103	15
3104	14
3105	14
3106	13
3107	9
3108	11
3109	8
3110	12
3111	13
3112	14
3113	17
3114	10
3115	11
3116	10
3117	13
3118	12
3119	10
3120	10
3121	15
3122	6
3123	8
3124	8
3125	10
3126	7
3127	10
3128	7
3129	10
3130	9
3131	9
3132	8
3133	9
3134	8
3135	11
3136	6
3137	13
3138	5
3139	7
3140	9
3141	10
3142	10
3143	10
3144	12
3145	8
3146	8
3147	8
3148	8
3149	9
3150	10
3151	9
3152	6
3153	8
3154	8
3155	11
3156	8
3157	8
3158	7
3159	8
3160	5
3161	11
3162	3
3163	9
3164	18
3165	15
3166	7
3167	8
3168	4
3169	7
3170	9
3171	8
3172	11
3173	10
3174	7
3175	7
3176	10
3177	7
3178	10
3179	13
3180	17
3181	5
3182	4
3183	11
3184	1
3185	7
3186	11
3187	7
3188	10
3189	10
3190	7
3191	11
3192	9
3193	6
3194	9
3195	9
3196	6
3197	12
3198	13
3199	11
3200	5
3201	5
3202	4
3203	5
3204	8
3205	4
3206	6
3207	9
3208	9
3209	5
3210	5
3211	3
3212	7
3213	11
3214	5
3215	8
3216	8
3217	9
3218	4
3219	7
3220	10
3221	7
3222	11
3223	4
3224	8
3225	7
3226	8
3227	11
3228	5
3229	8
3230	7
3231	9
3232	8
3233	8
3234	5
3235	8
3236	8
3237	9
3238	8
3239	9
3240	10
3241	9
3242	11
3243	7
3244	10
3245	4
3246	7
3247	3
3248	8
3249	9
3250	8
3251	8
3252	10
3253	9
3254	9
3255	4
3256	8
3257	12
3258	10
3259	7
3260	7
3261	8
3262	6
3263	5
3264	6
3265	7
3266	11
3267	11
3268	1
3269	4
3270	8
3271	9
3272	5
3273	8
3274	6
3275	6
3276	6
3277	9
3278	5
3279	2
3280	8
3281	10
3282	7
3283	9
3284	8
3285	6
3286	7
3287	4
3288	7
3289	8
3290	3
3291	5
3292	10
3293	10
3294	4
3295	4
3296	3
3297	13
3298	14
3299	8
3300	8
3301	9
3302	7
3303	5
3304	5
3305	10
3306	3
3307	6
3308	9
3309	11
3310	7
3311	6
3312	9
3313	5
3314	3
3315	5
3316	3
3317	10
3318	3
3319	2
3320	5
3321	6
3322	5
3323	9
3324	12
3325	4
3326	5
3327	9
3328	8
3329	5
3330	8
3331	5
3332	4
3333	3
3334	6
3335	6
3336	6
3337	5
3338	6
3339	5
3340	6
3341	9
3342	5
3343	11
3344	12
3345	7
3346	4
3347	7
3348	5
3349	5
3350	4
3351	4
3352	7
3353	4
3354	4
3355	8
3356	8
3357	6
3358	5
3359	8
3360	4
3361	5
3362	6
3363	2
3364	4
3365	6
3366	8
3367	9
3368	4
3369	5
3370	12
3371	3
3372	1
3373	9
3374	7
3375	3
3376	4
3377	4
3378	6
3379	8
3380	4
3381	7
3382	7
3383	4
3384	3
3385	2
3386	6
3387	9
3388	6
3389	8
3390	5
3391	5
3392	9
3393	3
3394	5
3395	6
3396	7
3397	4
3398	3
3399	5
3400	6
3401	4
3402	4
3403	5
3404	4
3405	6
3406	3
3407	2
3408	4
3409	4
3410	3
3411	5
3412	5
3413	8
3414	6
3415	6
3416	3
3417	6
3418	5
3419	1
3420	3
3421	8
3422	3
3423	3
3424	10
3425	8
3426	4
3427	3
3428	4
3429	8
3430	2
3431	4
3432	6
3433	2
3434	3
3435	7
3436	3
3437	6
3438	5
3439	2
3440	3
3441	2
3442	2
3443	7
3444	6
3445	1
3446	9
3447	3
3448	6
3449	6
3450	6
3451	6
3452	6
3453	3
3454	4
3455	6
3456	4
3457	1
3458	0
3459	3
3460	5
3461	5
3462	6
3463	6
3464	2
3465	4
3466	3
3467	3
3468	5
3469	3
3470	2
3471	2
3472	7
3473	4
3474	3
3475	3
3476	0
3477	4
3478	5
3479	3
3480	7
3481	6
3482	4
3483	5
3484	5
3485	4
3486	5
3487	3
3488	5
3489	5
3490	5
3491	3
3492	5
3493	3
3494	2
3495	2
3496	2
3497	4
3498	2
3499	2
3500	2
3501	2
3502	3
3503	2
3504	0
3505	9
3506	4
3507	4
3508	5
3509	0
3510	3
3511	3
3512	3
3513	2
3514	6
3515	5
3516	6
3517	5
3518	4
3519	3
3520	3
3521	3
3522	3
3523	2
3524	3
3525	1
3526	2
3527	4
3528	4
3529	2
3530	4
3531	0
3532	3
3533	1
3534	2
3535	2
3536	2
3537	4
3538	2
3539	7
3540	3
3541	3
3542	1
3543	2
3544	5
3545	5
3546	3
3547	2
3548	6
3549	2
3550	5
3551	2
3552	4
3553	5
3554	2
3555	3
3556	4
3557	1
3558	3
3559	4
3560	5
3561	3
3562	3
3563	2
3564	1
3565	3
3566	0
3567	3
3568	2
3569	2
3570	5
3571	2
3572	0
3573	3
3574	1
3575	3
3576	3
3577	3
3578	2
3579	3
3580	5
3581	4
3582	4
3583	6
3584	0
3585	4
3586	5
3587	1
3588	3
3589	2
3590	3
3591	2
3592	1
3593	2
3594	4
3595	4
3596	3
3597	3
3598	6
3599	1
3600	4
3601	2
3602	2
3603	2
3604	1
3605	0
3606	4
3607	2
3608	5
3609	2
3610	4
3611	2
3612	1
3613	2
3614	1
3615	2
3616	1
3617	4
3618	3
3619	2
3620	5
3621	1
3622	4
3623	3
3624	0
3625	3
3626	3
3627	3
3628	7
3629	2
3630	1
3631	2
3632	4
3633	0
3634	1
3635	3
3636	3
3637	3
3638	2
3639	1
3640	5
3641	1
3642	2
3643	2
3644	0
3645	4
3646	2
3647	2
3648	0
3649	0
3650	0
3651	0
3652	2
3653	1
3654	4
3655	2
3656	2
3657	1
3658	2
3659	3
3660	2
3661	1
3662	2
3663	2
3664	1
3665	1
3666	0
3667	2
3668	4
3669	2
3670	3
3671	4
3672	3
3673	2
3674	3
3675	1
3676	3
3677	0
3678	2
3679	0
3680	1
3681	3
3682	3
3683	0
3684	2
3685	2
3686	2
3687	0
3688	0
3689	1
3690	0
3691	1
3692	1
3693	2
3694	1
3695	3
3696	2
3697	3
3698	1
3699	1
3700	0
3701	1
3702	1
3703	1
3704	2
3705	3
3706	1
3707	1
3708	2
3709	2
3710	1
3711	3
3712	1
3713	2
3714	0
3715	2
3716	0
3717	4
3718	5
3719	1
3720	1
3721	1
3722	1
3723	1
3724	1
3725	4
3726	2
3727	1
3728	1
3729	2
3730	0
3731	4
3732	2
3733	1
3734	0
3735	1
3736	3
3737	0
3738	2
3739	1
3740	4
3741	0
3742	2
3743	2
3744	0
3745	2
3746	1
3747	2
3748	3
3749	0
3750	0
3751	0
3752	0
3753	2
3754	0
3755	1
3756	0
3757	1
3758	0
3759	2
3760	1
3761	1
3762	0
3763	0
3764	2
3765	2
3766	0
3767	2
3768	0
3769	1
3770	0
3771	0
3772	1
3773	0
3774	1
3775	1
3776	1
3777	0
3778	2
3779	2
3780	1
3781	1
3782	1
3783	1
3784	0
3785	3
3786	1
3787	1
3788	0
3789	0
3790	1
3791	1
3792	0
3793	0
3794	0
3795	0
3796	0
3797	3
3798	5
3799	0
3800	0
3801	0
3802	1
3803	2
3804	0
3805	1
3806	2
3807	1
3808	3
3809	1
3810	2
3811	0
3812	1
3813	1
3814	1
3815	1
3816	0
3817	1
3818	0
3819	3
3820	0
3821	2
3822	1
3823	0
3824	1
3825	1
3826	2
3827	1
3828	0
3829	0
3830	0
3831	1
3832	0
3833	1
3834	2
3835	0
3836	1
3837	0
3838	1
3839	1
3840	0
3841	1
3842	0
3843	0
3844	0
3845	0
3846	0
3847	0
3848	1
3849	0
3850	1
3851	0
3852	0
3853	1
3854	0
3855	2
3856	2
3857	1
3858	1
3859	0
3860	0
3861	0
3862	0
3863	2
3864	0
3865	0
3866	0
3867	1
3868	1
3869	0
3870	0
3871	1
3872	2
3873	0
3874	0
3875	1
3876	1
3877	0
3878	0
3879	0
3880	1
3881	0
3882	0
3883	2
3884	3
3885	0
3886	1
3887	0
3888	1
3889	0
3890	0
3891	3
3892	2
3893	0
3894	0
3895	0
3896	0
3897	1
3898	0
3899	0
3900	1
3901	0
3902	1
3903	0
3904	2
3905	0
3906	0
3907	0
3908	1
3909	1
3910	0
3911	0
3912	1
3913	0
3914	1
3915	2
3916	1
3917	2
3918	1
3919	0
3920	0
3921	0
3922	1
3923	0
3924	0
3925	2
3926	0
3927	0
3928	0
3929	0
3930	0
3931	0
3932	1
3933	1
3934	0
3935	0
3936	1
3937	0
3938	1
3939	1
3940	0
3941	0
3942	0
3943	0
3944	1
3945	0
3946	0
3947	0
3948	0
3949	1
3950	0
3951	0
3952	1
3953	3
3954	0
3955	1
3956	1
3957	0
3958	1
3959	0
3960	0
3961	0
3962	0
3963	1
3964	0
3965	2
3966	2
3967	1
3968	1
3969	0
3970	1
3971	0
3972	1
3973	1
3974	0
3975	0
3976	0
3977	0
3978	0
3979	0
3980	0
3981	2
3982	1
3983	0
3984	0
3985	1
3986	0
3987	0
3988	1
3989	0
3990	0
3991	0
3992	0
3993	0
3994	0
3995	1
3996	0
3997	1
3998	1
3999	0
4000	0
4001	0
4002	2
4003	0
4004	0
4005	0
4006	0
4007	1
4008	1
4009	1
4010	0
4011	0
4012	0
4013	2
4014	1
4015	0
4016	0
4017	1
4018	0
4019	2
4020	0
4021	0
4022	0
4023	0
4024	0
4025	2
4026	1
4027	1
4028	0
4029	0
4030	0
4031	0
4032	3
4033	0
4034	0
4035	0
4036	0
4037	0
4038	0
4039	1
4040	0
4041	0
4042	1
4043	0
4044	1
4045	2
4046	0
4047	0
4048	1
4049	0
4050	0
4051	0
4052	0
4053	0
4054	0
4055	0
4056	0
4057	0
4058	0
4059	0
4060	0
4061	1
4062	1
4063	2
4064	0
4065	0
4066	1
4067	0
4068	0
4069	2
4070	1
4071	0
4072	0
4073	1
4074	0
4075	0
4076	0
4077	1
4078	0
4079	0
4080	0
4081	0
4082	0
4083	1
4084	0
4085	0
4086	0
4087	0
4088	0
4089	0
4090	0
4091	1
4092	0
4093	1
4094	0
4095	0
