0	0
1	0
2	0
3	0
4	0
5	0
6	0
7	0
8	0
9	0
10	0
11	0
12	0
13	0
14	0
15	0
16	0
17	0
18	0
19	0
20	0
21	0
22	0
23	0
24	0
25	0
26	0
27	0
28	0
29	0
30	0
31	0
32	0
33	0
34	0
35	0
36	0
37	2
38	1
39	0
40	0
41	0
42	1
43	2
44	2
45	2
46	2
47	0
48	3
49	2
50	3
51	2
52	3
53	9
54	7
55	13
56	10
57	15
58	21
59	25
60	84
61	596
62	2587
63	11100
64	28485
65	34228
66	31202
67	27535
68	23583
69	20239
70	17571
71	15108
72	12871
73	10956
74	9432
75	7860
76	6755
77	5825
78	4775
79	4073
80	3364
81	2895
82	2415
83	2099
84	1709
85	1458
86	1310
87	1072
88	990
89	835
90	684
91	628
92	530
93	530
94	477
95	379
96	374
97	347
98	322
99	303
100	283
101	236
102	288
103	277
104	267
105	232
106	225
107	258
108	241
109	226
110	239
111	215
112	203
113	214
114	204
115	192
116	224
117	207
118	200
119	195
120	188
121	207
122	205
123	189
124	208
125	205
126	210
127	199
128	189
129	187
130	201
131	189
132	223
133	210
134	212
135	173
136	214
137	217
138	223
139	199
140	202
141	190
142	206
143	213
144	185
145	220
146	226
147	214
148	201
149	209
150	221
151	219
152	209
153	189
154	195
155	213
156	199
157	222
158	180
159	222
160	214
161	205
162	216
163	197
164	211
165	195
166	212
167	208
168	225
169	214
170	194
171	183
172	208
173	222
174	197
175	211
176	209
177	222
178	204
179	213
180	198
181	204
182	224
183	226
184	189
185	220
186	228
187	206
188	202
189	209
190	227
191	212
192	200
193	207
194	214
195	220
196	206
197	214
198	202
199	250
200	201
201	229
202	208
203	214
204	236
205	202
206	214
207	226
208	220
209	220
210	205
211	209
212	201
213	210
214	209
215	197
216	233
217	203
218	216
219	218
220	215
221	220
222	225
223	224
224	207
225	194
226	215
227	240
228	197
229	213
230	223
231	214
232	236
233	206
234	256
235	227
236	194
237	208
238	257
239	225
240	199
241	233
242	210
243	206
244	234
245	217
246	224
247	226
248	223
249	213
250	186
251	221
252	212
253	237
254	204
255	232
256	234
257	229
258	212
259	221
260	218
261	252
262	232
263	235
264	199
265	227
266	220
267	235
268	224
269	214
270	222
271	247
272	214
273	240
274	231
275	219
276	246
277	238
278	224
279	242
280	203
281	231
282	217
283	234
284	226
285	231
286	218
287	246
288	232
289	232
290	226
291	246
292	223
293	250
294	209
295	214
296	238
297	232
298	226
299	237
300	240
301	226
302	241
303	221
304	213
305	233
306	254
307	240
308	220
309	227
310	237
311	252
312	234
313	219
314	237
315	214
316	213
317	229
318	243
319	217
320	263
321	245
322	242
323	241
324	247
325	222
326	230
327	250
328	274
329	261
330	248
331	267
332	248
333	246
334	262
335	253
336	251
337	231
338	256
339	231
340	224
341	241
342	262
343	264
344	261
345	231
346	243
347	255
348	258
349	252
350	272
351	263
352	251
353	244
354	241
355	236
356	261
357	227
358	262
359	279
360	275
361	270
362	263
363	274
364	292
365	285
366	278
367	298
368	255
369	286
370	268
371	264
372	293
373	271
374	266
375	243
376	303
377	262
378	263
379	277
380	263
381	307
382	278
383	264
384	292
385	292
386	294
387	271
388	276
389	262
390	296
391	303
392	274
393	284
394	288
395	290
396	300
397	274
398	284
399	256
400	295
401	276
402	296
403	283
404	301
405	302
406	297
407	290
408	285
409	290
410	299
411	288
412	312
413	315
414	312
415	305
416	300
417	299
418	298
419	272
420	302
421	290
422	320
423	300
424	302
425	298
426	294
427	288
428	300
429	311
430	274
431	287
432	281
433	277
434	271
435	305
436	267
437	279
438	309
439	297
440	289
441	300
442	273
443	334
444	284
445	297
446	342
447	313
448	327
449	310
450	299
451	300
452	306
453	304
454	288
455	309
456	315
457	300
458	319
459	289
460	274
461	296
462	293
463	283
464	273
465	304
466	300
467	255
468	303
469	322
470	291
471	264
472	295
473	289
474	294
475	307
476	286
477	296
478	290
479	312
480	283
481	249
482	307
483	313
484	268
485	290
486	286
487	285
488	312
489	273
490	288
491	292
492	303
493	291
494	288
495	274
496	287
497	323
498	304
499	297
500	317
501	300
502	285
503	310
504	265
505	322
506	248
507	299
508	285
509	287
510	291
511	274
512	285
513	287
514	262
515	231
516	262
517	309
518	303
519	282
520	284
521	327
522	294
523	296
524	244
525	291
526	267
527	246
528	278
529	254
530	285
531	298
532	272
533	278
534	287
535	290
536	292
537	284
538	288
539	263
540	285
541	301
542	324
543	312
544	285
545	246
546	289
547	270
548	276
549	285
550	300
551	236
552	324
553	277
554	285
555	288
556	284
557	313
558	287
559	260
560	284
561	274
562	271
563	290
564	290
565	296
566	269
567	300
568	287
569	272
570	277
571	293
572	273
573	294
574	324
575	298
576	280
577	291
578	285
579	286
580	305
581	289
582	293
583	256
584	267
585	274
586	312
587	263
588	253
589	281
590	278
591	288
592	274
593	291
594	283
595	268
596	272
597	288
598	266
599	277
600	298
601	262
602	280
603	290
604	294
605	286
606	279
607	306
608	283
609	274
610	311
611	291
612	327
613	306
614	267
615	270
616	282
617	284
618	268
619	273
620	299
621	275
622	264
623	274
624	296
625	289
626	290
627	287
628	268
629	303
630	271
631	303
632	313
633	275
634	292
635	265
636	267
637	281
638	296
639	279
640	301
641	300
642	312
643	296
644	316
645	260
646	278
647	316
648	278
649	261
650	318
651	296
652	306
653	313
654	294
655	288
656	316
657	298
658	320
659	315
660	312
661	306
662	291
663	283
664	301
665	289
666	308
667	299
668	311
669	318
670	273
671	305
672	323
673	333
674	309
675	299
676	282
677	317
678	323
679	292
680	287
681	289
682	327
683	326
684	302
685	305
686	342
687	319
688	293
689	312
690	313
691	270
692	319
693	309
694	328
695	324
696	355
697	318
698	320
699	292
700	307
701	301
702	327
703	276
704	311
705	315
706	309
707	292
708	315
709	325
710	324
711	341
712	319
713	274
714	320
715	308
716	311
717	351
718	325
719	314
720	318
721	325
722	295
723	309
724	330
725	343
726	335
727	290
728	340
729	337
730	300
731	330
732	316
733	295
734	284
735	351
736	344
737	339
738	279
739	311
740	326
741	332
742	335
743	329
744	297
745	301
746	353
747	325
748	340
749	312
750	318
751	370
752	325
753	342
754	323
755	351
756	352
757	343
758	305
759	347
760	337
761	311
762	338
763	329
764	334
765	338
766	297
767	340
768	333
769	330
770	308
771	331
772	328
773	317
774	311
775	339
776	356
777	347
778	347
779	336
780	337
781	320
782	356
783	310
784	322
785	342
786	341
787	324
788	339
789	298
790	312
791	344
792	331
793	323
794	347
795	323
796	329
797	326
798	353
799	349
800	335
801	346
802	355
803	343
804	316
805	352
806	368
807	339
808	300
809	336
810	337
811	327
812	360
813	332
814	331
815	316
816	356
817	394
818	373
819	353
820	378
821	362
822	316
823	377
824	356
825	404
826	333
827	326
828	364
829	356
830	365
831	334
832	343
833	362
834	315
835	345
836	370
837	347
838	363
839	364
840	352
841	367
842	317
843	371
844	357
845	358
846	325
847	346
848	342
849	322
850	369
851	357
852	372
853	367
854	345
855	337
856	381
857	328
858	353
859	325
860	360
861	330
862	351
863	357
864	349
865	348
866	356
867	351
868	360
869	394
870	365
871	351
872	335
873	373
874	374
875	362
876	369
877	358
878	377
879	366
880	382
881	321
882	358
883	386
884	367
885	370
886	379
887	343
888	358
889	380
890	325
891	358
892	353
893	375
894	371
895	340
896	369
897	352
898	362
899	386
900	353
901	346
902	372
903	363
904	385
905	374
906	376
907	369
908	357
909	400
910	361
911	345
912	368
913	371
914	384
915	386
916	377
917	378
918	410
919	386
920	383
921	370
922	371
923	380
924	372
925	369
926	362
927	408
928	356
929	370
930	380
931	334
932	376
933	350
934	360
935	352
936	361
937	368
938	344
939	380
940	363
941	354
942	387
943	358
944	375
945	415
946	386
947	372
948	333
949	396
950	393
951	371
952	397
953	359
954	364
955	336
956	396
957	374
958	389
959	363
960	388
961	416
962	398
963	420
964	372
965	383
966	395
967	336
968	366
969	357
970	375
971	403
972	352
973	365
974	369
975	372
976	394
977	324
978	380
979	420
980	378
981	370
982	346
983	351
984	368
985	383
986	365
987	377
988	386
989	406
990	332
991	367
992	357
993	350
994	382
995	346
996	344
997	377
998	373
999	405
1000	398
1001	355
1002	335
1003	366
1004	404
1005	373
1006	353
1007	392
1008	389
1009	367
1010	374
1011	360
1012	381
1013	359
1014	343
1015	342
1016	332
1017	344
1018	391
1019	378
1020	349
1021	392
1022	353
1023	377
1024	363
1025	386
1026	361
1027	362
1028	330
1029	383
1030	388
1031	371
1032	337
1033	360
1034	397
1035	377
1036	371
1037	360
1038	385
1039	343
1040	361
1041	382
1042	361
1043	395
1044	339
1045	377
1046	348
1047	351
1048	365
1049	382
1050	365
1051	358
1052	337
1053	391
1054	410
1055	351
1056	359
1057	314
1058	374
1059	294
1060	355
1061	335
1062	351
1063	349
1064	363
1065	400
1066	369
1067	378
1068	352
1069	379
1070	385
1071	356
1072	334
1073	345
1074	383
1075	364
1076	355
1077	322
1078	358
1079	363
1080	340
1081	392
1082	379
1083	339
1084	351
1085	345
1086	347
1087	336
1088	351
1089	337
1090	347
1091	344
1092	320
1093	341
1094	392
1095	323
1096	367
1097	352
1098	364
1099	348
1100	339
1101	352
1102	348
1103	338
1104	345
1105	333
1106	342
1107	400
1108	347
1109	364
1110	368
1111	305
1112	366
1113	353
1114	334
1115	307
1116	353
1117	370
1118	330
1119	337
1120	333
1121	355
1122	351
1123	331
1124	313
1125	352
1126	333
1127	327
1128	366
1129	344
1130	348
1131	338
1132	316
1133	348
1134	346
1135	315
1136	330
1137	297
1138	317
1139	344
1140	331
1141	343
1142	313
1143	338
1144	358
1145	352
1146	338
1147	348
1148	317
1149	341
1150	294
1151	319
1152	339
1153	334
1154	314
1155	346
1156	322
1157	306
1158	352
1159	318
1160	304
1161	335
1162	299
1163	339
1164	325
1165	315
1166	337
1167	337
1168	314
1169	327
1170	305
1171	316
1172	320
1173	311
1174	319
1175	337
1176	308
1177	303
1178	323
1179	320
1180	324
1181	319
1182	312
1183	352
1184	330
1185	295
1186	316
1187	317
1188	290
1189	397
1190	329
1191	312
1192	330
1193	296
1194	294
1195	308
1196	300
1197	305
1198	337
1199	334
1200	274
1201	286
1202	353
1203	340
1204	309
1205	286
1206	326
1207	316
1208	301
1209	321
1210	278
1211	321
1212	302
1213	279
1214	300
1215	337
1216	322
1217	287
1218	346
1219	317
1220	326
1221	305
1222	344
1223	287
1224	300
1225	324
1226	298
1227	307
1228	293
1229	321
1230	300
1231	356
1232	303
1233	298
1234	296
1235	280
1236	291
1237	295
1238	299
1239	297
1240	316
1241	315
1242	307
1243	281
1244	289
1245	297
1246	264
1247	316
1248	315
1249	296
1250	294
1251	253
1252	283
1253	298
1254	302
1255	309
1256	291
1257	292
1258	294
1259	284
1260	308
1261	278
1262	296
1263	261
1264	321
1265	313
1266	276
1267	296
1268	271
1269	311
1270	312
1271	313
1272	283
1273	279
1274	339
1275	280
1276	305
1277	284
1278	280
1279	306
1280	289
1281	286
1282	314
1283	278
1284	307
1285	315
1286	282
1287	288
1288	294
1289	264
1290	298
1291	285
1292	294
1293	282
1294	298
1295	289
1296	276
1297	319
1298	309
1299	322
1300	254
1301	282
1302	297
1303	299
1304	270
1305	300
1306	278
1307	320
1308	263
1309	294
1310	299
1311	238
1312	301
1313	280
1314	284
1315	264
1316	259
1317	275
1318	288
1319	306
1320	272
1321	274
1322	283
1323	271
1324	269
1325	306
1326	282
1327	268
1328	312
1329	307
1330	253
1331	275
1332	253
1333	268
1334	283
1335	278
1336	276
1337	303
1338	288
1339	286
1340	297
1341	284
1342	294
1343	286
1344	288
1345	287
1346	271
1347	300
1348	295
1349	270
1350	284
1351	267
1352	285
1353	266
1354	245
1355	238
1356	268
1357	294
1358	275
1359	260
1360	261
1361	282
1362	290
1363	276
1364	289
1365	305
1366	259
1367	278
1368	263
1369	240
1370	308
1371	277
1372	272
1373	291
1374	309
1375	272
1376	270
1377	291
1378	269
1379	280
1380	249
1381	289
1382	296
1383	277
1384	277
1385	286
1386	250
1387	245
1388	256
1389	296
1390	272
1391	250
1392	256
1393	281
1394	291
1395	270
1396	269
1397	269
1398	284
1399	242
1400	269
1401	288
1402	238
1403	268
1404	298
1405	237
1406	240
1407	250
1408	293
1409	258
1410	251
1411	264
1412	263
1413	248
1414	274
1415	264
1416	254
1417	270
1418	255
1419	261
1420	265
1421	270
1422	277
1423	291
1424	267
1425	278
1426	275
1427	247
1428	256
1429	270
1430	253
1431	286
1432	231
1433	278
1434	239
1435	252
1436	284
1437	257
1438	256
1439	274
1440	240
1441	239
1442	244
1443	259
1444	266
1445	238
1446	250
1447	259
1448	247
1449	246
1450	249
1451	243
1452	269
1453	285
1454	267
1455	240
1456	290
1457	275
1458	309
1459	248
1460	234
1461	240
1462	241
1463	244
1464	252
1465	276
1466	250
1467	241
1468	255
1469	237
1470	240
1471	242
1472	253
1473	280
1474	269
1475	234
1476	235
1477	268
1478	255
1479	240
1480	263
1481	235
1482	240
1483	272
1484	266
1485	242
1486	235
1487	280
1488	236
1489	259
1490	257
1491	253
1492	278
1493	247
1494	235
1495	272
1496	228
1497	237
1498	266
1499	232
1500	257
1501	233
1502	238
1503	230
1504	253
1505	219
1506	261
1507	241
1508	240
1509	229
1510	243
1511	287
1512	227
1513	237
1514	232
1515	246
1516	256
1517	228
1518	257
1519	261
1520	247
1521	248
1522	248
1523	255
1524	256
1525	279
1526	236
1527	254
1528	221
1529	244
1530	231
1531	247
1532	234
1533	245
1534	231
1535	245
1536	276
1537	232
1538	251
1539	222
1540	248
1541	244
1542	265
1543	219
1544	260
1545	228
1546	233
1547	242
1548	227
1549	240
1550	237
1551	222
1552	238
1553	221
1554	244
1555	254
1556	232
1557	242
1558	250
1559	243
1560	223
1561	244
1562	229
1563	224
1564	211
1565	262
1566	226
1567	208
1568	239
1569	243
1570	244
1571	208
1572	243
1573	242
1574	267
1575	250
1576	257
1577	247
1578	239
1579	242
1580	231
1581	243
1582	256
1583	214
1584	219
1585	236
1586	244
1587	239
1588	207
1589	234
1590	240
1591	239
1592	232
1593	223
1594	238
1595	227
1596	221
1597	245
1598	228
1599	246
1600	247
1601	240
1602	221
1603	253
1604	225
1605	220
1606	241
1607	223
1608	226
1609	240
1610	223
1611	241
1612	198
1613	244
1614	213
1615	220
1616	231
1617	204
1618	205
1619	211
1620	224
1621	220
1622	225
1623	222
1624	227
1625	237
1626	221
1627	221
1628	214
1629	221
1630	211
1631	234
1632	214
1633	228
1634	245
1635	225
1636	216
1637	239
1638	217
1639	206
1640	216
1641	221
1642	230
1643	211
1644	207
1645	217
1646	227
1647	221
1648	250
1649	209
1650	215
1651	218
1652	234
1653	194
1654	204
1655	223
1656	235
1657	235
1658	224
1659	197
1660	210
1661	217
1662	248
1663	190
1664	210
1665	211
1666	218
1667	207
1668	184
1669	240
1670	228
1671	223
1672	178
1673	198
1674	200
1675	214
1676	205
1677	204
1678	202
1679	216
1680	213
1681	197
1682	222
1683	212
1684	207
1685	226
1686	226
1687	208
1688	214
1689	210
1690	207
1691	221
1692	227
1693	200
1694	199
1695	202
1696	235
1697	226
1698	227
1699	203
1700	218
1701	200
1702	205
1703	214
1704	195
1705	226
1706	193
1707	196
1708	220
1709	195
1710	193
1711	218
1712	184
1713	203
1714	228
1715	220
1716	216
1717	209
1718	206
1719	203
1720	192
1721	207
1722	203
1723	225
1724	186
1725	207
1726	201
1727	211
1728	203
1729	180
1730	189
1731	191
1732	199
1733	205
1734	205
1735	212
1736	199
1737	200
1738	183
1739	213
1740	200
1741	217
1742	160
1743	205
1744	207
1745	190
1746	182
1747	195
1748	199
1749	200
1750	197
1751	194
1752	184
1753	183
1754	184
1755	179
1756	189
1757	204
1758	198
1759	174
1760	178
1761	211
1762	194
1763	175
1764	204
1765	206
1766	196
1767	206
1768	189
1769	184
1770	197
1771	185
1772	190
1773	185
1774	196
1775	190
1776	201
1777	188
1778	192
1779	188
1780	177
1781	199
1782	178
1783	188
1784	196
1785	180
1786	172
1787	188
1788	197
1789	188
1790	179
1791	179
1792	187
1793	176
1794	201
1795	188
1796	160
1797	184
1798	199
1799	209
1800	192
1801	187
1802	174
1803	193
1804	190
1805	167
1806	181
1807	160
1808	180
1809	174
1810	169
1811	188
1812	187
1813	189
1814	190
1815	182
1816	181
1817	175
1818	168
1819	173
1820	218
1821	179
1822	182
1823	185
1824	201
1825	189
1826	154
1827	159
1828	194
1829	188
1830	170
1831	197
1832	197
1833	177
1834	193
1835	192
1836	210
1837	158
1838	145
1839	177
1840	193
1841	180
1842	181
1843	183
1844	180
1845	184
1846	182
1847	195
1848	169
1849	169
1850	180
1851	204
1852	171
1853	181
1854	155
1855	161
1856	187
1857	161
1858	170
1859	179
1860	207
1861	184
1862	169
1863	171
1864	187
1865	168
1866	176
1867	164
1868	159
1869	196
1870	161
1871	172
1872	158
1873	167
1874	177
1875	158
1876	169
1877	193
1878	164
1879	161
1880	190
1881	183
1882	168
1883	176
1884	158
1885	175
1886	182
1887	178
1888	180
1889	164
1890	182
1891	145
1892	176
1893	172
1894	171
1895	191
1896	164
1897	148
1898	153
1899	173
1900	181
1901	178
1902	166
1903	167
1904	195
1905	151
1906	158
1907	140
1908	151
1909	172
1910	184
1911	162
1912	144
1913	162
1914	162
1915	154
1916	180
1917	178
1918	147
1919	150
1920	165
1921	168
1922	158
1923	142
1924	180
1925	168
1926	158
1927	190
1928	157
1929	175
1930	172
1931	191
1932	175
1933	176
1934	179
1935	183
1936	189
1937	192
1938	163
1939	173
1940	161
1941	164
1942	165
1943	173
1944	153
1945	162
1946	193
1947	155
1948	167
1949	151
1950	171
1951	172
1952	171
1953	163
1954	165
1955	166
1956	165
1957	160
1958	189
1959	190
1960	163
1961	165
1962	176
1963	161
1964	172
1965	165
1966	181
1967	166
1968	163
1969	167
1970	133
1971	197
1972	180
1973	157
1974	155
1975	169
1976	139
1977	175
1978	167
1979	166
1980	141
1981	174
1982	139
1983	167
1984	179
1985	164
1986	178
1987	146
1988	145
1989	183
1990	172
1991	160
1992	180
1993	161
1994	174
1995	141
1996	175
1997	181
1998	169
1999	170
2000	180
2001	168
2002	169
2003	175
2004	159
2005	155
2006	163
2007	151
2008	190
2009	140
2010	169
2011	163
2012	167
2013	151
2014	175
2015	167
2016	178
2017	143
2018	167
2019	146
2020	176
2021	174
2022	160
2023	182
2024	162
2025	160
2026	159
2027	166
2028	144
2029	155
2030	184
2031	165
2032	166
2033	165
2034	142
2035	181
2036	152
2037	152
2038	160
2039	176
2040	182
2041	165
2042	160
2043	165
2044	165
2045	171
2046	177
2047	166
2048	166
2049	190
2050	213
2051	185
2052	175
2053	194
2054	172
2055	170
2056	157
2057	173
2058	184
2059	160
2060	166
2061	178
2062	143
2063	184
2064	165
2065	174
2066	181
2067	183
2068	165
2069	160
2070	182
2071	178
2072	152
2073	149
2074	172
2075	184
2076	165
2077	167
2078	177
2079	168
2080	190
2081	182
2082	165
2083	165
2084	167
2085	162
2086	176
2087	171
2088	159
2089	166
2090	170
2091	168
2092	179
2093	187
2094	198
2095	196
2096	188
2097	168
2098	177
2099	168
2100	172
2101	165
2102	196
2103	203
2104	197
2105	153
2106	170
2107	178
2108	174
2109	197
2110	188
2111	173
2112	192
2113	172
2114	167
2115	187
2116	198
2117	207
2118	177
2119	171
2120	170
2121	179
2122	181
2123	171
2124	177
2125	189
2126	173
2127	185
2128	180
2129	178
2130	188
2131	206
2132	179
2133	205
2134	187
2135	186
2136	179
2137	183
2138	182
2139	164
2140	220
2141	207
2142	179
2143	200
2144	188
2145	189
2146	196
2147	188
2148	187
2149	177
2150	204
2151	196
2152	197
2153	191
2154	212
2155	177
2156	190
2157	184
2158	196
2159	190
2160	195
2161	210
2162	196
2163	196
2164	214
2165	211
2166	213
2167	190
2168	179
2169	199
2170	214
2171	196
2172	231
2173	206
2174	191
2175	222
2176	195
2177	225
2178	171
2179	189
2180	213
2181	207
2182	206
2183	193
2184	206
2185	218
2186	189
2187	199
2188	200
2189	223
2190	227
2191	206
2192	207
2193	199
2194	223
2195	198
2196	217
2197	185
2198	208
2199	228
2200	221
2201	231
2202	202
2203	189
2204	211
2205	180
2206	201
2207	218
2208	246
2209	220
2210	232
2211	202
2212	225
2213	216
2214	202
2215	237
2216	210
2217	228
2218	229
2219	217
2220	211
2221	225
2222	253
2223	219
2224	184
2225	224
2226	198
2227	231
2228	213
2229	229
2230	228
2231	237
2232	218
2233	224
2234	230
2235	198
2236	239
2237	222
2238	239
2239	214
2240	214
2241	251
2242	247
2243	220
2244	242
2245	211
2246	251
2247	243
2248	234
2249	258
2250	238
2251	253
2252	253
2253	261
2254	224
2255	224
2256	221
2257	224
2258	230
2259	235
2260	252
2261	249
2262	250
2263	222
2264	257
2265	245
2266	247
2267	259
2268	227
2269	256
2270	257
2271	260
2272	242
2273	265
2274	262
2275	232
2276	257
2277	262
2278	256
2279	247
2280	237
2281	261
2282	248
2283	266
2284	221
2285	289
2286	259
2287	263
2288	259
2289	243
2290	245
2291	265
2292	242
2293	272
2294	244
2295	252
2296	247
2297	262
2298	257
2299	270
2300	275
2301	281
2302	266
2303	259
2304	256
2305	275
2306	277
2307	287
2308	285
2309	251
2310	259
2311	254
2312	275
2313	269
2314	265
2315	260
2316	302
2317	261
2318	267
2319	297
2320	301
2321	281
2322	255
2323	287
2324	286
2325	270
2326	279
2327	269
2328	305
2329	291
2330	282
2331	301
2332	275
2333	291
2334	277
2335	273
2336	288
2337	284
2338	297
2339	297
2340	301
2341	292
2342	288
2343	290
2344	269
2345	292
2346	277
2347	294
2348	292
2349	321
2350	274
2351	309
2352	293
2353	265
2354	308
2355	284
2356	314
2357	298
2358	303
2359	291
2360	281
2361	297
2362	313
2363	301
2364	322
2365	308
2366	347
2367	294
2368	323
2369	321
2370	321
2371	354
2372	316
2373	334
2374	311
2375	304
2376	299
2377	283
2378	323
2379	311
2380	332
2381	362
2382	323
2383	345
2384	352
2385	321
2386	337
2387	309
2388	330
2389	334
2390	325
2391	351
2392	313
2393	333
2394	303
2395	346
2396	317
2397	305
2398	356
2399	337
2400	327
2401	331
2402	328
2403	344
2404	347
2405	353
2406	330
2407	339
2408	348
2409	348
2410	336
2411	370
2412	378
2413	347
2414	356
2415	361
2416	314
2417	312
2418	338
2419	341
2420	336
2421	312
2422	348
2423	342
2424	354
2425	346
2426	350
2427	333
2428	365
2429	338
2430	328
2431	346
2432	343
2433	355
2434	340
2435	358
2436	361
2437	348
2438	366
2439	342
2440	337
2441	370
2442	349
2443	337
2444	364
2445	379
2446	370
2447	393
2448	372
2449	344
2450	364
2451	389
2452	358
2453	342
2454	399
2455	358
2456	395
2457	385
2458	378
2459	367
2460	368
2461	382
2462	353
2463	431
2464	347
2465	377
2466	378
2467	386
2468	410
2469	343
2470	368
2471	396
2472	393
2473	376
2474	374
2475	342
2476	343
2477	370
2478	409
2479	374
2480	380
2481	392
2482	386
2483	373
2484	372
2485	358
2486	375
2487	404
2488	391
2489	374
2490	398
2491	372
2492	402
2493	384
2494	399
2495	402
2496	384
2497	380
2498	362
2499	396
2500	381
2501	399
2502	395
2503	383
2504	385
2505	393
2506	364
2507	382
2508	395
2509	368
2510	377
2511	400
2512	428
2513	391
2514	366
2515	396
2516	398
2517	397
2518	373
2519	415
2520	378
2521	384
2522	404
2523	393
2524	403
2525	413
2526	399
2527	407
2528	400
2529	346
2530	399
2531	389
2532	375
2533	415
2534	398
2535	408
2536	403
2537	416
2538	408
2539	402
2540	399
2541	419
2542	378
2543	440
2544	401
2545	390
2546	438
2547	416
2548	386
2549	443
2550	416
2551	423
2552	420
2553	396
2554	429
2555	368
2556	379
2557	404
2558	410
2559	404
2560	384
2561	413
2562	414
2563	388
2564	388
2565	409
2566	375
2567	400
2568	407
2569	408
2570	413
2571	399
2572	401
2573	414
2574	377
2575	377
2576	369
2577	408
2578	400
2579	438
2580	389
2581	412
2582	373
2583	415
2584	407
2585	430
2586	428
2587	429
2588	408
2589	409
2590	443
2591	390
2592	381
2593	375
2594	393
2595	383
2596	395
2597	408
2598	386
2599	412
2600	409
2601	398
2602	432
2603	388
2604	410
2605	423
2606	418
2607	405
2608	395
2609	399
2610	402
2611	388
2612	371
2613	393
2614	381
2615	415
2616	386
2617	388
2618	434
2619	386
2620	411
2621	397
2622	416
2623	395
2624	397
2625	399
2626	422
2627	394
2628	385
2629	428
2630	376
2631	392
2632	410
2633	385
2634	344
2635	409
2636	408
2637	381
2638	409
2639	395
2640	400
2641	402
2642	402
2643	379
2644	397
2645	364
2646	390
2647	409
2648	398
2649	404
2650	426
2651	377
2652	414
2653	390
2654	406
2655	382
2656	392
2657	384
2658	349
2659	388
2660	410
2661	401
2662	371
2663	397
2664	419
2665	402
2666	398
2667	418
2668	375
2669	365
2670	394
2671	391
2672	377
2673	347
2674	422
2675	402
2676	442
2677	398
2678	412
2679	382
2680	364
2681	393
2682	404
2683	385
2684	360
2685	358
2686	391
2687	368
2688	380
2689	391
2690	391
2691	346
2692	416
2693	370
2694	349
2695	360
2696	383
2697	398
2698	319
2699	388
2700	374
2701	378
2702	377
2703	350
2704	345
2705	390
2706	341
2707	409
2708	359
2709	375
2710	398
2711	353
2712	371
2713	361
2714	381
2715	342
2716	358
2717	355
2718	403
2719	360
2720	385
2721	389
2722	347
2723	374
2724	386
2725	371
2726	393
2727	383
2728	349
2729	355
2730	339
2731	358
2732	379
2733	355
2734	361
2735	352
2736	334
2737	344
2738	355
2739	349
2740	377
2741	355
2742	358
2743	329
2744	359
2745	338
2746	383
2747	341
2748	361
2749	334
2750	369
2751	347
2752	356
2753	359
2754	321
2755	348
2756	343
2757	371
2758	338
2759	316
2760	319
2761	346
2762	324
2763	379
2764	364
2765	325
2766	329
2767	343
2768	372
2769	316
2770	351
2771	315
2772	357
2773	321
2774	327
2775	355
2776	326
2777	327
2778	344
2779	345
2780	354
2781	313
2782	368
2783	320
2784	344
2785	319
2786	334
2787	366
2788	359
2789	311
2790	288
2791	334
2792	304
2793	368
2794	315
2795	351
2796	304
2797	282
2798	309
2799	322
2800	302
2801	313
2802	339
2803	331
2804	341
2805	300
2806	303
2807	348
2808	324
2809	316
2810	301
2811	318
2812	334
2813	329
2814	340
2815	349
2816	305
2817	294
2818	284
2819	303
2820	305
2821	320
2822	334
2823	319
2824	288
2825	302
2826	302
2827	292
2828	323
2829	337
2830	313
2831	307
2832	340
2833	293
2834	304
2835	288
2836	298
2837	268
2838	321
2839	326
2840	304
2841	268
2842	325
2843	285
2844	270
2845	269
2846	310
2847	309
2848	322
2849	306
2850	308
2851	304
2852	292
2853	298
2854	302
2855	294
2856	300
2857	281
2858	311
2859	297
2860	263
2861	299
2862	293
2863	298
2864	308
2865	279
2866	272
2867	274
2868	236
2869	288
2870	266
2871	305
2872	290
2873	279
2874	312
2875	297
2876	270
2877	245
2878	248
2879	277
2880	286
2881	271
2882	281
2883	282
2884	311
2885	295
2886	272
2887	262
2888	287
2889	280
2890	263
2891	280
2892	258
2893	262
2894	280
2895	252
2896	259
2897	273
2898	280
2899	319
2900	303
2901	296
2902	292
2903	264
2904	301
2905	255
2906	289
2907	270
2908	232
2909	294
2910	291
2911	298
2912	253
2913	293
2914	276
2915	288
2916	298
2917	266
2918	287
2919	274
2920	248
2921	307
2922	231
2923	268
2924	246
2925	227
2926	259
2927	254
2928	272
2929	250
2930	246
2931	271
2932	300
2933	249
2934	245
2935	256
2936	263
2937	278
2938	232
2939	246
2940	268
2941	269
2942	255
2943	248
2944	272
2945	232
2946	227
2947	245
2948	243
2949	246
2950	237
2951	233
2952	237
2953	266
2954	248
2955	279
2956	256
2957	241
2958	264
2959	237
2960	263
2961	266
2962	245
2963	228
2964	243
2965	271
2966	261
2967	276
2968	226
2969	226
2970	240
2971	256
2972	249
2973	232
2974	221
2975	225
2976	254
2977	213
2978	266
2979	227
2980	269
2981	241
2982	232
2983	237
2984	268
2985	266
2986	235
2987	217
2988	243
2989	242
2990	249
2991	247
2992	241
2993	218
2994	235
2995	250
2996	243
2997	244
2998	265
2999	234
3000	221
3001	230
3002	251
3003	261
3004	235
3005	216
3006	231
3007	241
3008	240
3009	252
3010	229
3011	206
3012	214
3013	225
3014	231
3015	244
3016	217
3017	235
3018	242
3019	202
3020	244
3021	238
3022	228
3023	214
3024	214
3025	211
3026	217
3027	236
3028	214
3029	198
3030	260
3031	219
3032	231
3033	233
3034	217
3035	243
3036	238
3037	220
3038	205
3039	221
3040	243
3041	209
3042	228
3043	230
3044	209
3045	199
3046	223
3047	226
3048	259
3049	218
3050	220
3051	230
3052	216
3053	225
3054	249
3055	219
3056	206
3057	201
3058	227
3059	202
3060	221
3061	217
3062	202
3063	239
3064	217
3065	211
3066	197
3067	224
3068	218
3069	215
3070	206
3071	220
3072	219
3073	236
3074	204
3075	203
3076	212
3077	188
3078	186
3079	182
3080	199
3081	218
3082	163
3083	189
3084	222
3085	203
3086	200
3087	201
3088	219
3089	221
3090	209
3091	187
3092	204
3093	184
3094	200
3095	195
3096	213
3097	207
3098	197
3099	203
3100	172
3101	206
3102	164
3103	212
3104	190
3105	201
3106	222
3107	210
3108	192
3109	183
3110	217
3111	237
3112	216
3113	158
3114	204
3115	156
3116	211
3117	189
3118	191
3119	187
3120	202
3121	181
3122	199
3123	194
3124	209
3125	209
3126	176
3127	197
3128	202
3129	179
3130	187
3131	188
3132	162
3133	206
3134	209
3135	196
3136	165
3137	167
3138	197
3139	167
3140	187
3141	179
3142	187
3143	187
3144	205
3145	197
3146	177
3147	187
3148	182
3149	160
3150	188
3151	173
3152	180
3153	173
3154	175
3155	186
3156	189
3157	154
3158	180
3159	182
3160	193
3161	179
3162	175
3163	159
3164	173
3165	182
3166	182
3167	181
3168	166
3169	194
3170	178
3171	181
3172	183
3173	178
3174	177
3175	183
3176	180
3177	167
3178	167
3179	161
3180	168
3181	173
3182	151
3183	178
3184	164
3185	175
3186	170
3187	163
3188	185
3189	172
3190	174
3191	165
3192	159
3193	152
3194	153
3195	171
3196	196
3197	162
3198	175
3199	183
3200	166
3201	161
3202	168
3203	158
3204	156
3205	153
3206	148
3207	149
3208	139
3209	143
3210	158
3211	133
3212	161
3213	167
3214	170
3215	162
3216	170
3217	173
3218	163
3219	167
3220	145
3221	159
3222	150
3223	155
3224	146
3225	170
3226	155
3227	162
3228	160
3229	140
3230	159
3231	151
3232	144
3233	149
3234	137
3235	166
3236	156
3237	159
3238	144
3239	140
3240	130
3241	131
3242	122
3243	138
3244	140
3245	127
3246	153
3247	151
3248	108
3249	127
3250	152
3251	134
3252	131
3253	156
3254	140
3255	135
3256	142
3257	120
3258	148
3259	131
3260	123
3261	160
3262	134
3263	130
3264	124
3265	142
3266	132
3267	132
3268	139
3269	128
3270	135
3271	130
3272	124
3273	133
3274	150
3275	140
3276	122
3277	124
3278	138
3279	136
3280	133
3281	133
3282	130
3283	136
3284	128
3285	127
3286	131
3287	147
3288	135
3289	119
3290	117
3291	117
3292	128
3293	115
3294	118
3295	128
3296	134
3297	102
3298	122
3299	120
3300	126
3301	123
3302	124
3303	111
3304	126
3305	107
3306	124
3307	114
3308	122
3309	120
3310	125
3311	115
3312	124
3313	120
3314	113
3315	112
3316	90
3317	120
3318	103
3319	97
3320	118
3321	109
3322	97
3323	103
3324	108
3325	108
3326	84
3327	97
3328	113
3329	103
3330	122
3331	112
3332	128
3333	109
3334	110
3335	112
3336	95
3337	94
3338	105
3339	95
3340	103
3341	102
3342	95
3343	85
3344	109
3345	87
3346	104
3347	95
3348	90
3349	107
3350	92
3351	99
3352	107
3353	95
3354	104
3355	92
3356	96
3357	102
3358	84
3359	93
3360	98
3361	72
3362	86
3363	84
3364	82
3365	113
3366	103
3367	88
3368	94
3369	98
3370	96
3371	82
3372	83
3373	88
3374	85
3375	89
3376	83
3377	86
3378	95
3379	100
3380	104
3381	80
3382	76
3383	113
3384	86
3385	89
3386	81
3387	85
3388	76
3389	81
3390	83
3391	83
3392	61
3393	83
3394	74
3395	75
3396	79
3397	73
3398	91
3399	76
3400	67
3401	71
3402	82
3403	76
3404	54
3405	68
3406	64
3407	72
3408	73
3409	69
3410	82
3411	91
3412	56
3413	67
3414	99
3415	78
3416	67
3417	67
3418	67
3419	71
3420	66
3421	72
3422	73
3423	72
3424	71
3425	66
3426	75
3427	89
3428	67
3429	56
3430	58
3431	66
3432	80
3433	67
3434	56
3435	79
3436	66
3437	71
3438	58
3439	66
3440	65
3441	58
3442	65
3443	63
3444	51
3445	71
3446	55
3447	62
3448	77
3449	69
3450	59
3451	64
3452	63
3453	74
3454	51
3455	60
3456	61
3457	50
3458	46
3459	62
3460	53
3461	55
3462	48
3463	53
3464	47
3465	61
3466	54
3467	59
3468	40
3469	58
3470	50
3471	60
3472	53
3473	42
3474	54
3475	52
3476	60
3477	43
3478	53
3479	49
3480	58
3481	51
3482	59
3483	48
3484	47
3485	53
3486	42
3487	41
3488	42
3489	39
3490	49
3491	60
3492	29
3493	49
3494	51
3495	47
3496	44
3497	44
3498	64
3499	48
3500	44
3501	39
3502	34
3503	47
3504	43
3505	57
3506	44
3507	45
3508	39
3509	39
3510	45
3511	46
3512	38
3513	47
3514	40
3515	42
3516	35
3517	45
3518	47
3519	41
3520	46
3521	29
3522	42
3523	43
3524	27
3525	41
3526	59
3527	37
3528	50
3529	47
3530	37
3531	38
3532	28
3533	39
3534	20
3535	32
3536	26
3537	43
3538	42
3539	40
3540	35
3541	32
3542	21
3543	44
3544	30
3545	24
3546	26
3547	41
3548	38
3549	43
3550	32
3551	28
3552	23
3553	34
3554	31
3555	35
3556	36
3557	29
3558	29
3559	25
3560	31
3561	37
3562	28
3563	26
3564	19
3565	32
3566	31
3567	26
3568	28
3569	30
3570	40
3571	32
3572	21
3573	26
3574	28
3575	37
3576	22
3577	28
3578	30
3579	25
3580	29
3581	26
3582	26
3583	29
3584	19
3585	28
3586	21
3587	29
3588	34
3589	30
3590	32
3591	30
3592	18
3593	21
3594	24
3595	17
3596	19
3597	19
3598	33
3599	18
3600	24
3601	22
3602	27
3603	23
3604	27
3605	28
3606	17
3607	18
3608	22
3609	23
3610	25
3611	19
3612	17
3613	20
3614	23
3615	13
3616	25
3617	25
3618	17
3619	20
3620	19
3621	15
3622	23
3623	22
3624	19
3625	18
3626	17
3627	18
3628	26
3629	18
3630	21
3631	14
3632	27
3633	19
3634	22
3635	15
3636	21
3637	23
3638	24
3639	14
3640	20
3641	10
3642	15
3643	15
3644	22
3645	13
3646	12
3647	18
3648	15
3649	15
3650	12
3651	14
3652	17
3653	19
3654	20
3655	13
3656	15
3657	27
3658	16
3659	17
3660	20
3661	12
3662	14
3663	10
3664	11
3665	16
3666	9
3667	13
3668	20
3669	15
3670	9
3671	14
3672	14
3673	8
3674	8
3675	17
3676	16
3677	17
3678	12
3679	18
3680	13
3681	11
3682	15
3683	14
3684	12
3685	10
3686	11
3687	15
3688	22
3689	14
3690	11
3691	18
3692	10
3693	18
3694	11
3695	13
3696	9
3697	10
3698	9
3699	17
3700	9
3701	4
3702	14
3703	13
3704	15
3705	10
3706	11
3707	11
3708	17
3709	8
3710	7
3711	7
3712	9
3713	14
3714	10
3715	8
3716	13
3717	10
3718	15
3719	12
3720	9
3721	7
3722	10
3723	11
3724	12
3725	17
3726	8
3727	9
3728	8
3729	7
3730	9
3731	13
3732	7
3733	9
3734	11
3735	6
3736	7
3737	8
3738	9
3739	11
3740	6
3741	5
3742	7
3743	7
3744	7
3745	10
3746	1
3747	10
3748	9
3749	10
3750	6
3751	9
3752	8
3753	11
3754	7
3755	6
3756	6
3757	4
3758	3
3759	10
3760	2
3761	4
3762	8
3763	3
3764	4
3765	7
3766	4
3767	8
3768	9
3769	11
3770	5
3771	6
3772	10
3773	8
3774	5
3775	7
3776	3
3777	3
3778	8
3779	8
3780	4
3781	6
3782	5
3783	9
3784	5
3785	6
3786	5
3787	7
3788	8
3789	6
3790	5
3791	3
3792	9
3793	9
3794	1
3795	1
3796	9
3797	8
3798	3
3799	3
3800	8
3801	4
3802	7
3803	4
3804	3
3805	4
3806	6
3807	5
3808	4
3809	7
3810	7
3811	5
3812	3
3813	5
3814	3
3815	5
3816	2
3817	4
3818	4
3819	3
3820	4
3821	3
3822	5
3823	5
3824	6
3825	5
3826	4
3827	7
3828	4
3829	7
3830	3
3831	7
3832	4
3833	1
3834	1
3835	3
3836	2
3837	6
3838	1
3839	2
3840	4
3841	2
3842	5
3843	3
3844	2
3845	3
3846	4
3847	3
3848	3
3849	4
3850	4
3851	3
3852	4
3853	2
3854	4
3855	3
3856	2
3857	3
3858	4
3859	3
3860	2
3861	2
3862	3
3863	1
3864	3
3865	2
3866	6
3867	4
3868	0
3869	3
3870	3
3871	2
3872	3
3873	3
3874	0
3875	1
3876	2
3877	5
3878	4
3879	1
3880	4
3881	2
3882	5
3883	5
3884	5
3885	6
3886	6
3887	1
3888	4
3889	2
3890	4
3891	0
3892	5
3893	6
3894	4
3895	2
3896	4
3897	0
3898	1
3899	2
3900	5
3901	2
3902	1
3903	1
3904	3
3905	3
3906	3
3907	4
3908	2
3909	2
3910	1
3911	1
3912	2
3913	2
3914	3
3915	2
3916	2
3917	3
3918	2
3919	2
3920	2
3921	0
3922	1
3923	0
3924	8
3925	3
3926	4
3927	1
3928	1
3929	0
3930	4
3931	1
3932	0
3933	1
3934	0
3935	1
3936	0
3937	3
3938	1
3939	2
3940	2
3941	2
3942	4
3943	1
3944	4
3945	3
3946	2
3947	4
3948	0
3949	2
3950	1
3951	1
3952	1
3953	1
3954	2
3955	5
3956	1
3957	3
3958	1
3959	2
3960	0
3961	4
3962	1
3963	0
3964	3
3965	2
3966	3
3967	3
3968	1
3969	2
3970	1
3971	1
3972	3
3973	2
3974	2
3975	6
3976	1
3977	0
3978	2
3979	1
3980	2
3981	0
3982	1
3983	1
3984	1
3985	3
3986	2
3987	3
3988	0
3989	0
3990	0
3991	2
3992	0
3993	1
3994	2
3995	2
3996	3
3997	1
3998	2
3999	0
4000	4
4001	1
4002	1
4003	1
4004	4
4005	3
4006	0
4007	1
4008	1
4009	1
4010	1
4011	2
4012	0
4013	0
4014	1
4015	2
4016	2
4017	3
4018	3
4019	5
4020	0
4021	4
4022	1
4023	0
4024	1
4025	3
4026	1
4027	2
4028	2
4029	2
4030	4
4031	2
4032	2
4033	2
4034	1
4035	1
4036	1
4037	1
4038	2
4039	0
4040	0
4041	2
4042	2
4043	2
4044	4
4045	1
4046	2
4047	1
4048	2
4049	1
4050	1
4051	0
4052	0
4053	2
4054	1
4055	3
4056	1
4057	2
4058	1
4059	2
4060	0
4061	1
4062	2
4063	0
4064	2
4065	2
4066	3
4067	0
4068	0
4069	4
4070	2
4071	0
4072	0
4073	1
4074	0
4075	2
4076	0
4077	1
4078	0
4079	3
4080	0
4081	3
4082	2
4083	1
4084	1
4085	3
4086	1
4087	1
4088	1
4089	0
4090	1
4091	1
4092	0
4093	1
4094	0
4095	1
