0	0
1	0
2	0
3	0
4	0
5	0
6	0
7	0
8	0
9	0
10	0
11	0
12	0
13	0
14	0
15	0
16	0
17	0
18	0
19	0
20	0
21	0
22	0
23	0
24	0
25	0
26	0
27	0
28	0
29	1
30	0
31	0
32	0
33	0
34	0
35	1
36	3
37	0
38	4
39	1
40	0
41	0
42	1
43	1
44	1
45	3
46	3
47	2
48	1
49	4
50	1
51	0
52	3
53	3
54	7
55	1
56	5
57	9
58	5
59	6
60	14
61	46
62	150
63	569
64	1050
65	1070
66	975
67	789
68	670
69	592
70	515
71	432
72	374
73	309
74	310
75	266
76	238
77	198
78	190
79	155
80	147
81	161
82	146
83	133
84	121
85	134
86	139
87	121
88	124
89	125
90	114
91	112
92	129
93	114
94	122
95	121
96	98
97	107
98	107
99	112
100	109
101	102
102	107
103	90
104	90
105	105
106	118
107	96
108	116
109	132
110	112
111	107
112	100
113	101
114	117
115	115
116	95
117	110
118	105
119	123
120	117
121	125
122	106
123	90
124	102
125	102
126	83
127	101
128	111
129	118
130	114
131	112
132	134
133	141
134	95
135	92
136	98
137	119
138	101
139	121
140	89
141	122
142	125
143	120
144	108
145	98
146	104
147	117
148	94
149	118
150	111
151	112
152	112
153	109
154	112
155	105
156	93
157	110
158	89
159	103
160	108
161	101
162	124
163	125
164	126
165	103
166	119
167	144
168	99
169	128
170	129
171	123
172	120
173	105
174	112
175	125
176	120
177	113
178	115
179	127
180	132
181	113
182	116
183	114
184	97
185	128
186	119
187	126
188	103
189	120
190	108
191	117
192	101
193	120
194	120
195	105
196	95
197	120
198	125
199	117
200	99
201	117
202	116
203	126
204	100
205	109
206	125
207	103
208	109
209	116
210	115
211	111
212	118
213	104
214	118
215	134
216	97
217	115
218	107
219	114
220	123
221	97
222	118
223	133
224	126
225	125
226	127
227	122
228	113
229	130
230	93
231	129
232	117
233	131
234	108
235	98
236	123
237	131
238	135
239	125
240	121
241	131
242	129
243	111
244	124
245	125
246	119
247	137
248	98
249	123
250	125
251	110
252	114
253	130
254	123
255	99
256	104
257	138
258	137
259	121
260	136
261	130
262	119
263	137
264	111
265	118
266	105
267	115
268	112
269	125
270	132
271	131
272	119
273	120
274	123
275	120
276	113
277	123
278	128
279	124
280	112
281	112
282	109
283	117
284	108
285	129
286	131
287	131
288	108
289	124
290	136
291	131
292	120
293	131
294	127
295	117
296	130
297	121
298	115
299	123
300	115
301	123
302	113
303	117
304	114
305	123
306	110
307	116
308	126
309	148
310	132
311	153
312	99
313	143
314	122
315	135
316	133
317	142
318	129
319	125
320	125
321	130
322	138
323	116
324	137
325	146
326	108
327	138
328	142
329	125
330	136
331	130
332	145
333	129
334	134
335	141
336	129
337	128
338	145
339	144
340	127
341	122
342	155
343	139
344	139
345	136
346	139
347	153
348	133
349	139
350	116
351	141
352	127
353	151
354	116
355	150
356	159
357	140
358	147
359	163
360	140
361	153
362	146
363	144
364	147
365	145
366	159
367	161
368	138
369	146
370	163
371	134
372	148
373	162
374	152
375	159
376	159
377	157
378	142
379	139
380	150
381	143
382	150
383	158
384	166
385	164
386	175
387	176
388	135
389	142
390	150
391	142
392	171
393	137
394	155
395	149
396	139
397	155
398	171
399	173
400	154
401	168
402	167
403	156
404	169
405	185
406	167
407	172
408	142
409	172
410	163
411	162
412	148
413	165
414	159
415	154
416	151
417	151
418	168
419	176
420	168
421	170
422	164
423	170
424	152
425	162
426	172
427	172
428	155
429	164
430	177
431	170
432	186
433	151
434	144
435	162
436	172
437	169
438	144
439	156
440	146
441	156
442	151
443	156
444	183
445	153
446	155
447	169
448	166
449	142
450	181
451	169
452	164
453	185
454	156
455	175
456	146
457	160
458	156
459	175
460	151
461	161
462	139
463	171
464	165
465	149
466	161
467	165
468	168
469	156
470	177
471	147
472	186
473	159
474	148
475	172
476	138
477	159
478	186
479	181
480	148
481	159
482	154
483	164
484	165
485	149
486	150
487	176
488	151
489	179
490	145
491	156
492	145
493	161
494	155
495	178
496	144
497	146
498	150
499	187
500	157
501	160
502	163
503	151
504	162
505	148
506	148
507	176
508	160
509	173
510	167
511	153
512	154
513	136
514	154
515	168
516	150
517	163
518	157
519	139
520	162
521	166
522	162
523	147
524	159
525	164
526	167
527	139
528	158
529	143
530	154
531	162
532	150
533	154
534	134
535	138
536	153
537	160
538	154
539	138
540	144
541	150
542	157
543	141
544	157
545	156
546	143
547	162
548	162
549	166
550	150
551	156
552	135
553	164
554	171
555	158
556	153
557	158
558	151
559	172
560	168
561	159
562	150
563	141
564	169
565	157
566	145
567	144
568	154
569	176
570	154
571	142
572	140
573	154
574	158
575	149
576	161
577	153
578	135
579	158
580	156
581	156
582	165
583	146
584	173
585	163
586	148
587	166
588	169
589	170
590	151
591	170
592	163
593	160
594	170
595	147
596	146
597	143
598	166
599	169
600	166
601	178
602	178
603	158
604	146
605	168
606	193
607	171
608	157
609	146
610	168
611	143
612	181
613	151
614	186
615	159
616	164
617	165
618	194
619	197
620	154
621	184
622	148
623	178
624	169
625	186
626	168
627	172
628	156
629	170
630	165
631	180
632	160
633	202
634	138
635	173
636	185
637	173
638	170
639	158
640	166
641	152
642	198
643	173
644	172
645	172
646	168
647	169
648	165
649	170
650	172
651	180
652	163
653	171
654	161
655	193
656	173
657	174
658	184
659	162
660	186
661	172
662	196
663	180
664	139
665	188
666	190
667	176
668	167
669	169
670	193
671	187
672	177
673	158
674	148
675	179
676	186
677	161
678	185
679	176
680	174
681	204
682	161
683	168
684	200
685	181
686	187
687	192
688	184
689	173
690	204
691	165
692	183
693	176
694	209
695	165
696	182
697	182
698	204
699	191
700	182
701	204
702	169
703	197
704	173
705	183
706	201
707	182
708	189
709	199
710	190
711	199
712	208
713	187
714	187
715	201
716	176
717	197
718	208
719	212
720	186
721	195
722	199
723	195
724	177
725	170
726	174
727	166
728	183
729	201
730	170
731	169
732	220
733	193
734	199
735	197
736	218
737	178
738	180
739	175
740	177
741	198
742	192
743	212
744	193
745	210
746	186
747	175
748	210
749	185
750	203
751	186
752	195
753	163
754	189
755	213
756	205
757	197
758	204
759	206
760	167
761	191
762	175
763	217
764	194
765	188
766	176
767	209
768	200
769	216
770	198
771	236
772	193
773	225
774	197
775	189
776	197
777	195
778	193
779	183
780	208
781	200
782	193
783	200
784	237
785	230
786	209
787	213
788	214
789	207
790	202
791	210
792	211
793	218
794	215
795	212
796	218
797	206
798	212
799	215
800	196
801	196
802	200
803	230
804	216
805	201
806	192
807	207
808	202
809	201
810	189
811	194
812	194
813	209
814	196
815	180
816	222
817	207
818	229
819	216
820	193
821	222
822	225
823	205
824	190
825	214
826	216
827	197
828	210
829	230
830	231
831	190
832	207
833	204
834	203
835	205
836	195
837	248
838	212
839	222
840	218
841	218
842	218
843	206
844	207
845	210
846	226
847	228
848	195
849	209
850	220
851	242
852	191
853	205
854	239
855	202
856	196
857	246
858	218
859	202
860	220
861	219
862	208
863	216
864	209
865	218
866	205
867	220
868	214
869	200
870	220
871	184
872	199
873	227
874	243
875	228
876	228
877	212
878	232
879	220
880	235
881	207
882	226
883	208
884	223
885	205
886	226
887	207
888	195
889	231
890	207
891	195
892	229
893	221
894	226
895	211
896	208
897	217
898	204
899	205
900	228
901	214
902	227
903	208
904	254
905	186
906	210
907	235
908	211
909	231
910	226
911	202
912	203
913	207
914	212
915	199
916	211
917	202
918	208
919	222
920	229
921	182
922	233
923	229
924	203
925	183
926	216
927	203
928	207
929	222
930	217
931	202
932	214
933	214
934	220
935	206
936	200
937	230
938	206
939	204
940	210
941	196
942	227
943	211
944	213
945	202
946	202
947	208
948	193
949	222
950	204
951	227
952	207
953	223
954	204
955	225
956	232
957	191
958	200
959	195
960	209
961	244
962	212
963	224
964	210
965	216
966	193
967	219
968	215
969	228
970	184
971	200
972	195
973	216
974	218
975	240
976	189
977	218
978	216
979	189
980	185
981	220
982	206
983	212
984	188
985	201
986	230
987	202
988	198
989	198
990	206
991	203
992	176
993	192
994	203
995	206
996	182
997	203
998	203
999	198
1000	217
1001	195
1002	203
1003	201
1004	194
1005	227
1006	217
1007	225
1008	207
1009	200
1010	199
1011	193
1012	190
1013	216
1014	210
1015	220
1016	207
1017	180
1018	196
1019	197
1020	200
1021	216
1022	208
1023	202
1024	173
1025	207
1026	197
1027	183
1028	188
1029	171
1030	198
1031	195
1032	201
1033	166
1034	179
1035	213
1036	211
1037	201
1038	181
1039	196
1040	222
1041	221
1042	180
1043	177
1044	193
1045	195
1046	212
1047	197
1048	193
1049	202
1050	198
1051	179
1052	176
1053	198
1054	175
1055	212
1056	184
1057	204
1058	196
1059	210
1060	197
1061	200
1062	206
1063	188
1064	178
1065	197
1066	178
1067	190
1068	198
1069	204
1070	165
1071	180
1072	177
1073	164
1074	171
1075	188
1076	193
1077	193
1078	210
1079	162
1080	195
1081	164
1082	187
1083	179
1084	188
1085	181
1086	176
1087	178
1088	197
1089	183
1090	188
1091	166
1092	169
1093	186
1094	172
1095	200
1096	169
1097	178
1098	189
1099	153
1100	172
1101	165
1102	200
1103	167
1104	200
1105	176
1106	182
1107	178
1108	188
1109	169
1110	176
1111	151
1112	180
1113	187
1114	186
1115	175
1116	156
1117	201
1118	174
1119	197
1120	184
1121	157
1122	184
1123	154
1124	178
1125	160
1126	183
1127	179
1128	173
1129	179
1130	192
1131	168
1132	200
1133	171
1134	171
1135	192
1136	184
1137	181
1138	187
1139	174
1140	167
1141	162
1142	176
1143	172
1144	164
1145	166
1146	147
1147	172
1148	166
1149	169
1150	171
1151	173
1152	172
1153	158
1154	174
1155	173
1156	175
1157	142
1158	182
1159	171
1160	171
1161	148
1162	147
1163	192
1164	160
1165	162
1166	199
1167	176
1168	168
1169	176
1170	170
1171	160
1172	164
1173	168
1174	153
1175	138
1176	187
1177	166
1178	160
1179	159
1180	181
1181	187
1182	162
1183	153
1184	188
1185	154
1186	163
1187	165
1188	155
1189	159
1190	157
1191	153
1192	162
1193	175
1194	151
1195	160
1196	167
1197	161
1198	159
1199	154
1200	151
1201	155
1202	145
1203	171
1204	131
1205	155
1206	167
1207	166
1208	135
1209	162
1210	177
1211	144
1212	146
1213	158
1214	160
1215	137
1216	161
1217	165
1218	175
1219	152
1220	181
1221	162
1222	129
1223	149
1224	175
1225	144
1226	139
1227	170
1228	144
1229	159
1230	159
1231	121
1232	177
1233	143
1234	148
1235	159
1236	167
1237	170
1238	142
1239	142
1240	147
1241	156
1242	145
1243	148
1244	153
1245	132
1246	144
1247	163
1248	133
1249	159
1250	149
1251	150
1252	141
1253	154
1254	160
1255	153
1256	156
1257	153
1258	139
1259	143
1260	148
1261	153
1262	144
1263	132
1264	135
1265	143
1266	143
1267	136
1268	129
1269	121
1270	135
1271	142
1272	138
1273	114
1274	147
1275	134
1276	150
1277	148
1278	129
1279	126
1280	139
1281	126
1282	125
1283	113
1284	140
1285	151
1286	145
1287	128
1288	129
1289	143
1290	143
1291	155
1292	151
1293	136
1294	137
1295	120
1296	126
1297	128
1298	153
1299	150
1300	152
1301	142
1302	151
1303	124
1304	126
1305	132
1306	126
1307	117
1308	125
1309	112
1310	124
1311	115
1312	138
1313	129
1314	148
1315	128
1316	119
1317	122
1318	137
1319	138
1320	137
1321	132
1322	120
1323	122
1324	130
1325	127
1326	112
1327	131
1328	145
1329	123
1330	142
1331	120
1332	126
1333	142
1334	127
1335	141
1336	118
1337	123
1338	127
1339	122
1340	118
1341	123
1342	143
1343	127
1344	135
1345	133
1346	142
1347	123
1348	130
1349	124
1350	125
1351	118
1352	127
1353	132
1354	130
1355	123
1356	129
1357	121
1358	123
1359	118
1360	90
1361	119
1362	127
1363	117
1364	116
1365	142
1366	113
1367	102
1368	120
1369	135
1370	109
1371	141
1372	100
1373	113
1374	110
1375	123
1376	122
1377	140
1378	147
1379	128
1380	117
1381	120
1382	120
1383	116
1384	110
1385	119
1386	148
1387	112
1388	131
1389	108
1390	117
1391	120
1392	133
1393	112
1394	138
1395	117
1396	124
1397	109
1398	122
1399	110
1400	128
1401	112
1402	97
1403	126
1404	107
1405	135
1406	110
1407	127
1408	118
1409	107
1410	112
1411	127
1412	100
1413	111
1414	129
1415	105
1416	129
1417	121
1418	108
1419	131
1420	110
1421	138
1422	115
1423	118
1424	97
1425	91
1426	137
1427	121
1428	124
1429	119
1430	116
1431	116
1432	91
1433	125
1434	134
1435	127
1436	97
1437	95
1438	124
1439	109
1440	113
1441	109
1442	115
1443	93
1444	100
1445	93
1446	101
1447	104
1448	104
1449	117
1450	111
1451	109
1452	98
1453	109
1454	108
1455	98
1456	104
1457	86
1458	95
1459	110
1460	107
1461	102
1462	99
1463	101
1464	101
1465	117
1466	106
1467	108
1468	127
1469	111
1470	103
1471	97
1472	113
1473	98
1474	101
1475	100
1476	107
1477	100
1478	115
1479	100
1480	111
1481	107
1482	102
1483	110
1484	118
1485	115
1486	106
1487	99
1488	89
1489	115
1490	117
1491	95
1492	98
1493	112
1494	113
1495	110
1496	90
1497	117
1498	129
1499	127
1500	114
1501	116
1502	107
1503	110
1504	96
1505	104
1506	89
1507	104
1508	114
1509	89
1510	105
1511	115
1512	99
1513	115
1514	102
1515	95
1516	108
1517	102
1518	98
1519	105
1520	109
1521	99
1522	112
1523	91
1524	92
1525	102
1526	101
1527	108
1528	112
1529	98
1530	82
1531	91
1532	97
1533	106
1534	96
1535	118
1536	84
1537	91
1538	85
1539	115
1540	109
1541	83
1542	117
1543	103
1544	108
1545	111
1546	108
1547	101
1548	110
1549	100
1550	109
1551	110
1552	89
1553	110
1554	83
1555	107
1556	111
1557	95
1558	114
1559	106
1560	93
1561	99
1562	106
1563	118
1564	93
1565	91
1566	124
1567	105
1568	97
1569	111
1570	104
1571	107
1572	120
1573	107
1574	109
1575	108
1576	99
1577	99
1578	105
1579	133
1580	99
1581	105
1582	92
1583	105
1584	124
1585	87
1586	92
1587	96
1588	85
1589	103
1590	123
1591	98
1592	103
1593	107
1594	113
1595	118
1596	120
1597	129
1598	131
1599	109
1600	117
1601	94
1602	104
1603	117
1604	120
1605	124
1606	125
1607	102
1608	113
1609	107
1610	88
1611	109
1612	114
1613	99
1614	117
1615	116
1616	118
1617	117
1618	124
1619	123
1620	117
1621	124
1622	94
1623	112
1624	117
1625	123
1626	117
1627	108
1628	107
1629	121
1630	116
1631	118
1632	117
1633	108
1634	110
1635	119
1636	107
1637	145
1638	126
1639	130
1640	93
1641	125
1642	126
1643	133
1644	122
1645	132
1646	116
1647	117
1648	117
1649	117
1650	115
1651	141
1652	134
1653	118
1654	111
1655	118
1656	128
1657	119
1658	136
1659	128
1660	100
1661	139
1662	124
1663	132
1664	129
1665	120
1666	130
1667	115
1668	149
1669	106
1670	124
1671	110
1672	115
1673	122
1674	134
1675	133
1676	139
1677	134
1678	151
1679	125
1680	115
1681	140
1682	145
1683	128
1684	131
1685	136
1686	129
1687	129
1688	131
1689	134
1690	137
1691	125
1692	138
1693	147
1694	132
1695	141
1696	140
1697	154
1698	140
1699	127
1700	130
1701	126
1702	136
1703	140
1704	140
1705	147
1706	133
1707	145
1708	126
1709	164
1710	131
1711	155
1712	145
1713	138
1714	149
1715	151
1716	143
1717	135
1718	123
1719	152
1720	174
1721	156
1722	157
1723	130
1724	165
1725	163
1726	150
1727	125
1728	161
1729	153
1730	162
1731	157
1732	146
1733	140
1734	151
1735	164
1736	152
1737	168
1738	167
1739	156
1740	148
1741	152
1742	153
1743	134
1744	153
1745	158
1746	144
1747	183
1748	175
1749	166
1750	154
1751	149
1752	161
1753	154
1754	167
1755	186
1756	157
1757	144
1758	148
1759	162
1760	154
1761	181
1762	191
1763	177
1764	173
1765	175
1766	167
1767	164
1768	185
1769	186
1770	156
1771	167
1772	198
1773	189
1774	172
1775	173
1776	155
1777	201
1778	186
1779	196
1780	172
1781	179
1782	200
1783	172
1784	202
1785	173
1786	199
1787	195
1788	167
1789	186
1790	189
1791	200
1792	179
1793	193
1794	161
1795	174
1796	174
1797	182
1798	192
1799	179
1800	187
1801	172
1802	211
1803	205
1804	209
1805	205
1806	181
1807	194
1808	198
1809	205
1810	223
1811	181
1812	191
1813	193
1814	236
1815	204
1816	209
1817	219
1818	224
1819	195
1820	200
1821	195
1822	193
1823	222
1824	215
1825	214
1826	235
1827	226
1828	207
1829	200
1830	261
1831	231
1832	230
1833	226
1834	219
1835	187
1836	243
1837	210
1838	229
1839	224
1840	247
1841	183
1842	221
1843	257
1844	241
1845	237
1846	241
1847	230
1848	215
1849	238
1850	235
1851	236
1852	226
1853	228
1854	248
1855	277
1856	232
1857	236
1858	207
1859	236
1860	231
1861	223
1862	240
1863	252
1864	230
1865	247
1866	251
1867	264
1868	250
1869	252
1870	249
1871	250
1872	249
1873	263
1874	209
1875	220
1876	250
1877	238
1878	254
1879	267
1880	233
1881	262
1882	263
1883	241
1884	266
1885	275
1886	267
1887	242
1888	260
1889	249
1890	292
1891	255
1892	266
1893	286
1894	257
1895	262
1896	255
1897	231
1898	296
1899	285
1900	274
1901	285
1902	286
1903	275
1904	287
1905	247
1906	250
1907	261
1908	264
1909	278
1910	272
1911	263
1912	268
1913	266
1914	259
1915	268
1916	271
1917	272
1918	276
1919	281
1920	266
1921	279
1922	285
1923	310
1924	286
1925	266
1926	292
1927	279
1928	278
1929	280
1930	291
1931	265
1932	281
1933	274
1934	279
1935	292
1936	296
1937	319
1938	281
1939	301
1940	287
1941	267
1942	308
1943	276
1944	292
1945	296
1946	276
1947	305
1948	283
1949	263
1950	289
1951	306
1952	280
1953	271
1954	318
1955	283
1956	323
1957	316
1958	291
1959	291
1960	291
1961	278
1962	300
1963	315
1964	291
1965	308
1966	308
1967	326
1968	325
1969	279
1970	286
1971	315
1972	318
1973	326
1974	319
1975	298
1976	281
1977	307
1978	330
1979	321
1980	332
1981	283
1982	292
1983	295
1984	311
1985	301
1986	313
1987	323
1988	301
1989	311
1990	340
1991	310
1992	304
1993	344
1994	326
1995	323
1996	348
1997	313
1998	276
1999	313
2000	334
2001	319
2002	295
2003	293
2004	354
2005	294
2006	298
2007	309
2008	344
2009	347
2010	317
2011	319
2012	305
2013	294
2014	312
2015	299
2016	307
2017	292
2018	295
2019	333
2020	264
2021	312
2022	308
2023	284
2024	316
2025	326
2026	321
2027	332
2028	295
2029	311
2030	329
2031	319
2032	299
2033	362
2034	316
2035	335
2036	312
2037	338
2038	319
2039	320
2040	322
2041	296
2042	328
2043	303
2044	309
2045	307
2046	328
2047	345
2048	299
2049	297
2050	311
2051	310
2052	295
2053	318
2054	342
2055	337
2056	314
2057	342
2058	333
2059	329
2060	343
2061	340
2062	334
2063	317
2064	323
2065	305
2066	308
2067	329
2068	338
2069	311
2070	317
2071	349
2072	295
2073	292
2074	349
2075	336
2076	309
2077	338
2078	318
2079	325
2080	333
2081	333
2082	348
2083	336
2084	311
2085	331
2086	333
2087	295
2088	308
2089	327
2090	276
2091	322
2092	322
2093	308
2094	342
2095	328
2096	328
2097	296
2098	357
2099	291
2100	307
2101	319
2102	335
2103	311
2104	311
2105	340
2106	309
2107	302
2108	299
2109	288
2110	335
2111	305
2112	308
2113	302
2114	309
2115	371
2116	316
2117	339
2118	324
2119	298
2120	265
2121	315
2122	314
2123	313
2124	297
2125	292
2126	287
2127	306
2128	270
2129	306
2130	303
2131	326
2132	288
2133	311
2134	288
2135	265
2136	298
2137	306
2138	266
2139	300
2140	309
2141	273
2142	319
2143	282
2144	260
2145	283
2146	286
2147	284
2148	295
2149	308
2150	272
2151	283
2152	277
2153	298
2154	293
2155	324
2156	289
2157	269
2158	291
2159	274
2160	278
2161	289
2162	276
2163	270
2164	272
2165	277
2166	283
2167	266
2168	285
2169	245
2170	277
2171	264
2172	305
2173	281
2174	273
2175	275
2176	310
2177	272
2178	253
2179	267
2180	262
2181	295
2182	239
2183	254
2184	296
2185	274
2186	263
2187	248
2188	256
2189	250
2190	247
2191	264
2192	284
2193	250
2194	261
2195	229
2196	273
2197	251
2198	272
2199	219
2200	253
2201	279
2202	238
2203	245
2204	249
2205	275
2206	230
2207	263
2208	243
2209	247
2210	255
2211	222
2212	248
2213	225
2214	230
2215	225
2216	266
2217	228
2218	224
2219	220
2220	270
2221	248
2222	241
2223	231
2224	233
2225	247
2226	219
2227	243
2228	248
2229	219
2230	224
2231	225
2232	239
2233	211
2234	204
2235	222
2236	196
2237	218
2238	222
2239	208
2240	208
2241	251
2242	218
2243	215
2244	225
2245	205
2246	208
2247	199
2248	212
2249	210
2250	229
2251	199
2252	202
2253	219
2254	236
2255	198
2256	213
2257	196
2258	220
2259	202
2260	203
2261	212
2262	183
2263	204
2264	198
2265	189
2266	195
2267	182
2268	183
2269	197
2270	200
2271	190
2272	200
2273	181
2274	201
2275	175
2276	192
2277	198
2278	210
2279	199
2280	191
2281	178
2282	172
2283	190
2284	200
2285	179
2286	195
2287	180
2288	203
2289	181
2290	187
2291	163
2292	190
2293	173
2294	201
2295	187
2296	172
2297	186
2298	163
2299	163
2300	151
2301	149
2302	172
2303	174
2304	183
2305	162
2306	170
2307	172
2308	161
2309	174
2310	164
2311	169
2312	141
2313	182
2314	148
2315	178
2316	167
2317	162
2318	157
2319	148
2320	167
2321	142
2322	161
2323	175
2324	168
2325	142
2326	150
2327	163
2328	154
2329	151
2330	153
2331	161
2332	146
2333	136
2334	150
2335	158
2336	144
2337	171
2338	151
2339	127
2340	139
2341	152
2342	133
2343	146
2344	153
2345	155
2346	153
2347	136
2348	132
2349	120
2350	133
2351	133
2352	127
2353	139
2354	119
2355	130
2356	124
2357	125
2358	136
2359	121
2360	98
2361	115
2362	122
2363	124
2364	138
2365	133
2366	131
2367	108
2368	133
2369	105
2370	128
2371	108
2372	118
2373	122
2374	128
2375	128
2376	126
2377	106
2378	124
2379	127
2380	128
2381	108
2382	122
2383	93
2384	119
2385	113
2386	101
2387	119
2388	122
2389	105
2390	113
2391	112
2392	98
2393	103
2394	112
2395	104
2396	97
2397	90
2398	113
2399	112
2400	108
2401	106
2402	103
2403	108
2404	105
2405	107
2406	99
2407	93
2408	120
2409	85
2410	78
2411	112
2412	95
2413	91
2414	93
2415	93
2416	99
2417	96
2418	98
2419	84
2420	101
2421	93
2422	110
2423	98
2424	65
2425	113
2426	94
2427	89
2428	85
2429	80
2430	83
2431	84
2432	77
2433	85
2434	82
2435	92
2436	93
2437	85
2438	79
2439	86
2440	93
2441	84
2442	78
2443	90
2444	73
2445	82
2446	86
2447	82
2448	78
2449	102
2450	81
2451	96
2452	70
2453	79
2454	76
2455	77
2456	69
2457	78
2458	73
2459	75
2460	67
2461	90
2462	81
2463	67
2464	67
2465	81
2466	84
2467	71
2468	87
2469	71
2470	84
2471	68
2472	73
2473	76
2474	62
2475	67
2476	70
2477	73
2478	59
2479	81
2480	71
2481	62
2482	52
2483	68
2484	69
2485	58
2486	61
2487	78
2488	65
2489	68
2490	71
2491	79
2492	80
2493	59
2494	53
2495	64
2496	71
2497	71
2498	54
2499	61
2500	59
2501	63
2502	65
2503	52
2504	60
2505	76
2506	81
2507	76
2508	64
2509	67
2510	59
2511	61
2512	50
2513	57
2514	64
2515	49
2516	51
2517	54
2518	63
2519	63
2520	66
2521	67
2522	52
2523	55
2524	57
2525	58
2526	55
2527	55
2528	60
2529	57
2530	68
2531	70
2532	67
2533	49
2534	51
2535	70
2536	49
2537	50
2538	52
2539	53
2540	59
2541	51
2542	55
2543	51
2544	53
2545	51
2546	66
2547	46
2548	55
2549	59
2550	54
2551	50
2552	55
2553	54
2554	53
2555	54
2556	47
2557	60
2558	59
2559	44
2560	63
2561	62
2562	40
2563	46
2564	56
2565	62
2566	56
2567	56
2568	54
2569	58
2570	47
2571	39
2572	44
2573	61
2574	55
2575	50
2576	54
2577	46
2578	50
2579	50
2580	73
2581	61
2582	43
2583	63
2584	50
2585	37
2586	54
2587	26
2588	45
2589	54
2590	54
2591	66
2592	39
2593	55
2594	38
2595	60
2596	54
2597	42
2598	33
2599	54
2600	66
2601	44
2602	38
2603	51
2604	56
2605	51
2606	48
2607	56
2608	51
2609	45
2610	50
2611	36
2612	52
2613	39
2614	45
2615	57
2616	50
2617	50
2618	52
2619	52
2620	44
2621	48
2622	36
2623	52
2624	43
2625	54
2626	51
2627	46
2628	44
2629	44
2630	56
2631	39
2632	40
2633	51
2634	53
2635	54
2636	44
2637	44
2638	50
2639	54
2640	53
2641	50
2642	55
2643	51
2644	51
2645	39
2646	51
2647	47
2648	59
2649	46
2650	45
2651	51
2652	52
2653	42
2654	61
2655	49
2656	41
2657	42
2658	39
2659	58
2660	42
2661	54
2662	39
2663	49
2664	37
2665	44
2666	48
2667	55
2668	42
2669	38
2670	60
2671	44
2672	52
2673	55
2674	42
2675	45
2676	53
2677	41
2678	49
2679	52
2680	47
2681	45
2682	60
2683	50
2684	53
2685	50
2686	52
2687	59
2688	48
2689	47
2690	52
2691	53
2692	46
2693	45
2694	53
2695	50
2696	52
2697	48
2698	45
2699	52
2700	44
2701	52
2702	49
2703	40
2704	44
2705	55
2706	54
2707	43
2708	52
2709	45
2710	48
2711	48
2712	41
2713	54
2714	49
2715	45
2716	59
2717	41
2718	38
2719	47
2720	42
2721	37
2722	42
2723	46
2724	61
2725	52
2726	60
2727	67
2728	44
2729	49
2730	59
2731	45
2732	49
2733	52
2734	49
2735	42
2736	60
2737	44
2738	44
2739	51
2740	48
2741	56
2742	47
2743	43
2744	43
2745	56
2746	57
2747	51
2748	55
2749	65
2750	46
2751	44
2752	51
2753	44
2754	48
2755	58
2756	53
2757	54
2758	38
2759	69
2760	41
2761	57
2762	48
2763	49
2764	41
2765	62
2766	49
2767	52
2768	49
2769	50
2770	42
2771	59
2772	46
2773	46
2774	49
2775	53
2776	57
2777	54
2778	60
2779	46
2780	49
2781	39
2782	35
2783	43
2784	50
2785	51
2786	49
2787	48
2788	44
2789	52
2790	45
2791	51
2792	56
2793	44
2794	52
2795	42
2796	41
2797	52
2798	38
2799	47
2800	43
2801	58
2802	50
2803	53
2804	46
2805	38
2806	54
2807	58
2808	53
2809	55
2810	38
2811	43
2812	52
2813	49
2814	39
2815	44
2816	41
2817	51
2818	43
2819	46
2820	46
2821	54
2822	40
2823	46
2824	38
2825	53
2826	50
2827	50
2828	43
2829	63
2830	53
2831	54
2832	36
2833	47
2834	47
2835	39
2836	46
2837	44
2838	54
2839	53
2840	50
2841	37
2842	50
2843	48
2844	44
2845	50
2846	48
2847	56
2848	55
2849	42
2850	39
2851	42
2852	45
2853	37
2854	41
2855	53
2856	31
2857	39
2858	37
2859	52
2860	50
2861	56
2862	50
2863	41
2864	43
2865	51
2866	39
2867	58
2868	47
2869	47
2870	36
2871	42
2872	43
2873	58
2874	35
2875	54
2876	41
2877	50
2878	40
2879	42
2880	45
2881	42
2882	42
2883	41
2884	37
2885	46
2886	47
2887	46
2888	34
2889	43
2890	40
2891	51
2892	42
2893	51
2894	45
2895	46
2896	38
2897	52
2898	51
2899	34
2900	33
2901	30
2902	45
2903	46
2904	58
2905	50
2906	30
2907	29
2908	32
2909	45
2910	40
2911	42
2912	44
2913	43
2914	36
2915	36
2916	41
2917	49
2918	40
2919	35
2920	36
2921	37
2922	47
2923	53
2924	43
2925	48
2926	44
2927	53
2928	37
2929	35
2930	40
2931	36
2932	36
2933	40
2934	40
2935	38
2936	29
2937	42
2938	36
2939	35
2940	45
2941	40
2942	38
2943	32
2944	36
2945	34
2946	33
2947	26
2948	45
2949	30
2950	46
2951	46
2952	29
2953	44
2954	35
2955	29
2956	41
2957	38
2958	36
2959	47
2960	39
2961	28
2962	34
2963	44
2964	40
2965	47
2966	38
2967	37
2968	38
2969	39
2970	39
2971	39
2972	46
2973	41
2974	39
2975	50
2976	41
2977	46
2978	35
2979	33
2980	37
2981	35
2982	44
2983	41
2984	36
2985	46
2986	34
2987	30
2988	48
2989	37
2990	40
2991	30
2992	32
2993	33
2994	39
2995	20
2996	37
2997	31
2998	23
2999	31
3000	31
3001	36
3002	34
3003	35
3004	34
3005	29
3006	33
3007	29
3008	41
3009	44
3010	41
3011	30
3012	31
3013	33
3014	29
3015	33
3016	30
3017	33
3018	36
3019	34
3020	30
3021	29
3022	24
3023	32
3024	34
3025	27
3026	36
3027	37
3028	47
3029	38
3030	35
3031	34
3032	34
3033	41
3034	29
3035	26
3036	48
3037	43
3038	34
3039	29
3040	34
3041	30
3042	34
3043	43
3044	31
3045	27
3046	35
3047	31
3048	27
3049	41
3050	34
3051	30
3052	33
3053	31
3054	30
3055	39
3056	35
3057	22
3058	22
3059	32
3060	27
3061	45
3062	25
3063	29
3064	34
3065	28
3066	27
3067	29
3068	28
3069	22
3070	22
3071	29
3072	29
3073	25
3074	21
3075	38
3076	33
3077	25
3078	33
3079	18
3080	26
3081	23
3082	26
3083	28
3084	19
3085	31
3086	31
3087	31
3088	22
3089	25
3090	26
3091	28
3092	30
3093	28
3094	23
3095	24
3096	23
3097	25
3098	30
3099	26
3100	30
3101	25
3102	23
3103	28
3104	29
3105	26
3106	23
3107	27
3108	27
3109	23
3110	20
3111	24
3112	23
3113	28
3114	19
3115	27
3116	30
3117	17
3118	28
3119	31
3120	23
3121	34
3122	32
3123	30
3124	24
3125	29
3126	23
3127	31
3128	17
3129	21
3130	23
3131	27
3132	18
3133	23
3134	25
3135	24
3136	21
3137	20
3138	19
3139	28
3140	14
3141	21
3142	11
3143	19
3144	22
3145	20
3146	14
3147	23
3148	29
3149	18
3150	24
3151	26
3152	20
3153	17
3154	19
3155	25
3156	21
3157	25
3158	18
3159	17
3160	27
3161	27
3162	22
3163	22
3164	20
3165	21
3166	22
3167	18
3168	17
3169	27
3170	25
3171	22
3172	16
3173	23
3174	25
3175	31
3176	24
3177	11
3178	17
3179	20
3180	20
3181	27
3182	22
3183	28
3184	18
3185	16
3186	14
3187	29
3188	21
3189	16
3190	15
3191	20
3192	21
3193	17
3194	21
3195	15
3196	21
3197	18
3198	23
3199	24
3200	22
3201	20
3202	15
3203	15
3204	25
3205	12
3206	16
3207	19
3208	17
3209	16
3210	24
3211	17
3212	15
3213	12
3214	19
3215	19
3216	23
3217	18
3218	21
3219	19
3220	18
3221	15
3222	21
3223	21
3224	12
3225	16
3226	18
3227	18
3228	16
3229	22
3230	14
3231	14
3232	27
3233	17
3234	18
3235	19
3236	15
3237	15
3238	14
3239	18
3240	11
3241	13
3242	19
3243	8
3244	13
3245	10
3246	13
3247	14
3248	14
3249	10
3250	17
3251	18
3252	15
3253	15
3254	15
3255	21
3256	15
3257	20
3258	4
3259	14
3260	13
3261	22
3262	24
3263	10
3264	17
3265	14
3266	11
3267	18
3268	21
3269	16
3270	14
3271	15
3272	14
3273	20
3274	16
3275	11
3276	15
3277	8
3278	17
3279	15
3280	18
3281	14
3282	14
3283	14
3284	12
3285	15
3286	15
3287	14
3288	18
3289	16
3290	17
3291	16
3292	12
3293	15
3294	15
3295	12
3296	20
3297	14
3298	12
3299	9
3300	16
3301	13
3302	16
3303	7
3304	15
3305	11
3306	11
3307	10
3308	12
3309	14
3310	6
3311	15
3312	14
3313	13
3314	12
3315	14
3316	13
3317	8
3318	6
3319	12
3320	11
3321	15
3322	10
3323	12
3324	9
3325	8
3326	10
3327	13
3328	7
3329	15
3330	15
3331	10
3332	8
3333	8
3334	16
3335	6
3336	11
3337	8
3338	9
3339	10
3340	11
3341	16
3342	8
3343	9
3344	11
3345	5
3346	9
3347	10
3348	13
3349	9
3350	8
3351	8
3352	14
3353	16
3354	11
3355	17
3356	16
3357	17
3358	7
3359	10
3360	11
3361	12
3362	9
3363	16
3364	11
3365	4
3366	10
3367	12
3368	14
3369	8
3370	14
3371	10
3372	3
3373	7
3374	15
3375	10
3376	6
3377	9
3378	6
3379	7
3380	8
3381	5
3382	8
3383	11
3384	8
3385	8
3386	10
3387	6
3388	9
3389	9
3390	11
3391	9
3392	7
3393	5
3394	10
3395	6
3396	11
3397	9
3398	9
3399	9
3400	14
3401	18
3402	5
3403	8
3404	10
3405	14
3406	18
3407	11
3408	9
3409	6
3410	9
3411	15
3412	6
3413	7
3414	7
3415	7
3416	12
3417	12
3418	6
3419	9
3420	6
3421	4
3422	8
3423	8
3424	9
3425	7
3426	8
3427	14
3428	6
3429	8
3430	9
3431	8
3432	8
3433	11
3434	10
3435	5
3436	2
3437	6
3438	6
3439	10
3440	5
3441	5
3442	3
3443	8
3444	5
3445	5
3446	8
3447	7
3448	7
3449	6
3450	6
3451	6
3452	6
3453	7
3454	3
3455	7
3456	8
3457	5
3458	11
3459	5
3460	2
3461	8
3462	12
3463	8
3464	6
3465	9
3466	6
3467	3
3468	8
3469	4
3470	9
3471	15
3472	8
3473	5
3474	2
3475	5
3476	4
3477	4
3478	9
3479	3
3480	4
3481	6
3482	8
3483	5
3484	8
3485	5
3486	4
3487	5
3488	2
3489	8
3490	4
3491	9
3492	9
3493	10
3494	6
3495	8
3496	6
3497	5
3498	4
3499	1
3500	8
3501	6
3502	5
3503	7
3504	9
3505	7
3506	5
3507	5
3508	8
3509	10
3510	7
3511	7
3512	7
3513	10
3514	4
3515	4
3516	7
3517	7
3518	4
3519	9
3520	7
3521	4
3522	5
3523	2
3524	1
3525	7
3526	10
3527	2
3528	5
3529	5
3530	8
3531	5
3532	4
3533	3
3534	3
3535	4
3536	5
3537	1
3538	2
3539	2
3540	3
3541	5
3542	6
3543	4
3544	1
3545	4
3546	7
3547	6
3548	2
3549	5
3550	4
3551	9
3552	3
3553	3
3554	6
3555	8
3556	8
3557	1
3558	6
3559	5
3560	7
3561	9
3562	10
3563	3
3564	5
3565	5
3566	6
3567	8
3568	2
3569	8
3570	7
3571	3
3572	7
3573	2
3574	5
3575	3
3576	4
3577	5
3578	4
3579	3
3580	4
3581	2
3582	2
3583	4
3584	7
3585	2
3586	5
3587	6
3588	3
3589	5
3590	4
3591	8
3592	4
3593	3
3594	1
3595	10
3596	6
3597	2
3598	2
3599	4
3600	2
3601	1
3602	6
3603	2
3604	3
3605	1
3606	6
3607	1
3608	2
3609	5
3610	3
3611	2
3612	2
3613	7
3614	6
3615	4
3616	4
3617	5
3618	4
3619	1
3620	4
3621	1
3622	2
3623	3
3624	5
3625	0
3626	4
3627	2
3628	4
3629	4
3630	3
3631	3
3632	3
3633	3
3634	3
3635	1
3636	2
3637	7
3638	1
3639	3
3640	0
3641	3
3642	4
3643	3
3644	1
3645	4
3646	5
3647	1
3648	7
3649	1
3650	4
3651	3
3652	4
3653	3
3654	2
3655	2
3656	0
3657	3
3658	1
3659	1
3660	0
3661	0
3662	1
3663	2
3664	6
3665	2
3666	2
3667	3
3668	3
3669	1
3670	5
3671	0
3672	2
3673	5
3674	1
3675	1
3676	0
3677	3
3678	0
3679	3
3680	1
3681	1
3682	2
3683	1
3684	7
3685	2
3686	1
3687	0
3688	1
3689	1
3690	2
3691	2
3692	2
3693	2
3694	3
3695	2
3696	3
3697	2
3698	3
3699	0
3700	4
3701	2
3702	4
3703	2
3704	2
3705	4
3706	3
3707	4
3708	2
3709	2
3710	3
3711	2
3712	3
3713	3
3714	0
3715	2
3716	8
3717	3
3718	2
3719	5
3720	2
3721	2
3722	2
3723	3
3724	2
3725	3
3726	2
3727	1
3728	0
3729	1
3730	4
3731	0
3732	4
3733	3
3734	1
3735	1
3736	2
3737	1
3738	2
3739	5
3740	0
3741	1
3742	2
3743	1
3744	2
3745	1
3746	2
3747	1
3748	0
3749	5
3750	3
3751	1
3752	0
3753	2
3754	4
3755	1
3756	1
3757	2
3758	1
3759	2
3760	1
3761	1
3762	0
3763	1
3764	3
3765	2
3766	1
3767	2
3768	2
3769	1
3770	1
3771	3
3772	1
3773	0
3774	2
3775	2
3776	0
3777	0
3778	0
3779	1
3780	2
3781	2
3782	0
3783	1
3784	2
3785	3
3786	2
3787	0
3788	2
3789	3
3790	1
3791	4
3792	0
3793	1
3794	1
3795	2
3796	2
3797	1
3798	0
3799	2
3800	0
3801	2
3802	1
3803	2
3804	0
3805	0
3806	1
3807	0
3808	2
3809	1
3810	2
3811	1
3812	0
3813	0
3814	3
3815	0
3816	1
3817	1
3818	1
3819	1
3820	2
3821	0
3822	0
3823	3
3824	4
3825	1
3826	1
3827	1
3828	0
3829	4
3830	1
3831	2
3832	1
3833	0
3834	0
3835	1
3836	1
3837	0
3838	2
3839	1
3840	1
3841	1
3842	0
3843	2
3844	0
3845	0
3846	1
3847	1
3848	1
3849	1
3850	1
3851	1
3852	0
3853	2
3854	2
3855	2
3856	2
3857	3
3858	0
3859	0
3860	0
3861	1
3862	0
3863	0
3864	0
3865	0
3866	2
3867	2
3868	0
3869	1
3870	2
3871	2
3872	0
3873	1
3874	0
3875	1
3876	2
3877	2
3878	1
3879	0
3880	1
3881	1
3882	2
3883	0
3884	0
3885	3
3886	1
3887	0
3888	3
3889	0
3890	0
3891	1
3892	0
3893	0
3894	3
3895	0
3896	1
3897	0
3898	0
3899	0
3900	0
3901	0
3902	1
3903	1
3904	0
3905	1
3906	1
3907	0
3908	3
3909	0
3910	0
3911	0
3912	1
3913	2
3914	1
3915	0
3916	0
3917	0
3918	0
3919	1
3920	1
3921	1
3922	1
3923	1
3924	1
3925	0
3926	0
3927	0
3928	0
3929	0
3930	2
3931	1
3932	0
3933	2
3934	1
3935	1
3936	1
3937	0
3938	1
3939	2
3940	1
3941	1
3942	0
3943	2
3944	0
3945	1
3946	0
3947	2
3948	1
3949	0
3950	0
3951	0
3952	0
3953	2
3954	0
3955	0
3956	1
3957	0
3958	1
3959	1
3960	1
3961	0
3962	1
3963	0
3964	2
3965	1
3966	1
3967	1
3968	0
3969	0
3970	1
3971	1
3972	1
3973	1
3974	1
3975	2
3976	0
3977	0
3978	0
3979	0
3980	2
3981	1
3982	0
3983	1
3984	3
3985	1
3986	1
3987	0
3988	1
3989	1
3990	1
3991	0
3992	0
3993	1
3994	0
3995	0
3996	0
3997	0
3998	0
3999	1
4000	1
4001	0
4002	0
4003	0
4004	0
4005	1
4006	1
4007	0
4008	0
4009	0
4010	1
4011	0
4012	0
4013	1
4014	1
4015	0
4016	1
4017	2
4018	0
4019	0
4020	0
4021	1
4022	1
4023	1
4024	0
4025	1
4026	2
4027	0
4028	2
4029	0
4030	1
4031	0
4032	1
4033	1
4034	1
4035	0
4036	0
4037	2
4038	0
4039	1
4040	0
4041	2
4042	0
4043	1
4044	1
4045	0
4046	0
4047	2
4048	0
4049	0
4050	0
4051	1
4052	2
4053	0
4054	0
4055	1
4056	0
4057	0
4058	0
4059	0
4060	0
4061	0
4062	2
4063	1
4064	0
4065	1
4066	1
4067	0
4068	0
4069	1
4070	0
4071	0
4072	1
4073	0
4074	0
4075	1
4076	0
4077	0
4078	0
4079	0
4080	1
4081	1
4082	1
4083	0
4084	0
4085	1
4086	0
4087	1
4088	0
4089	0
4090	0
4091	1
4092	1
4093	0
4094	0
4095	1
