0	0
1	0
2	0
3	0
4	0
5	0
6	0
7	0
8	0
9	0
10	0
11	0
12	0
13	0
14	0
15	0
16	0
17	0
18	0
19	0
20	0
21	0
22	0
23	0
24	0
25	0
26	0
27	0
28	0
29	0
30	0
31	0
32	0
33	0
34	0
35	1
36	0
37	0
38	1
39	0
40	3
41	0
42	0
43	1
44	0
45	4
46	2
47	2
48	3
49	1
50	3
51	2
52	3
53	2
54	5
55	3
56	6
57	1
58	2
59	2
60	11
61	57
62	218
63	822
64	1727
65	1846
66	1565
67	1315
68	1174
69	963
70	857
71	759
72	640
73	544
74	478
75	395
76	340
77	337
78	288
79	254
80	224
81	211
82	186
83	169
84	172
85	181
86	141
87	159
88	149
89	145
90	154
91	131
92	124
93	126
94	131
95	122
96	120
97	132
98	120
99	123
100	119
101	124
102	129
103	130
104	139
105	140
106	134
107	127
108	117
109	124
110	109
111	133
112	117
113	134
114	129
115	121
116	132
117	116
118	117
119	132
120	128
121	104
122	105
123	125
124	142
125	100
126	119
127	127
128	107
129	116
130	134
131	110
132	117
133	121
134	139
135	132
136	121
137	126
138	129
139	124
140	133
141	120
142	114
143	146
144	121
145	116
146	118
147	139
148	159
149	86
150	114
151	122
152	151
153	110
154	120
155	131
156	141
157	116
158	128
159	139
160	157
161	139
162	141
163	132
164	132
165	133
166	134
167	120
168	112
169	120
170	136
171	142
172	129
173	131
174	146
175	128
176	144
177	133
178	133
179	135
180	139
181	145
182	142
183	133
184	142
185	116
186	146
187	137
188	125
189	164
190	142
191	137
192	124
193	127
194	149
195	147
196	150
197	143
198	126
199	132
200	141
201	139
202	155
203	136
204	130
205	133
206	144
207	151
208	140
209	141
210	136
211	131
212	138
213	121
214	139
215	123
216	135
217	127
218	157
219	117
220	147
221	136
222	128
223	129
224	174
225	131
226	136
227	140
228	138
229	157
230	131
231	138
232	155
233	153
234	155
235	136
236	137
237	151
238	137
239	145
240	138
241	143
242	127
243	134
244	129
245	150
246	119
247	153
248	126
249	127
250	160
251	144
252	149
253	136
254	141
255	132
256	119
257	143
258	154
259	141
260	152
261	151
262	151
263	137
264	151
265	123
266	160
267	140
268	140
269	149
270	132
271	143
272	144
273	144
274	142
275	125
276	144
277	140
278	153
279	128
280	124
281	135
282	111
283	138
284	132
285	156
286	136
287	141
288	153
289	137
290	148
291	139
292	150
293	156
294	149
295	144
296	150
297	150
298	135
299	161
300	162
301	150
302	132
303	134
304	173
305	134
306	139
307	148
308	130
309	160
310	174
311	162
312	149
313	148
314	154
315	131
316	157
317	144
318	115
319	135
320	166
321	149
322	173
323	163
324	133
325	146
326	137
327	135
328	138
329	172
330	163
331	153
332	172
333	163
334	162
335	172
336	160
337	153
338	187
339	170
340	165
341	152
342	164
343	163
344	165
345	170
346	174
347	174
348	139
349	163
350	139
351	178
352	143
353	149
354	159
355	152
356	189
357	162
358	182
359	183
360	151
361	176
362	158
363	167
364	181
365	156
366	184
367	166
368	182
369	184
370	226
371	189
372	171
373	184
374	164
375	173
376	169
377	182
378	175
379	158
380	177
381	208
382	170
383	172
384	162
385	181
386	194
387	182
388	167
389	172
390	171
391	163
392	191
393	175
394	195
395	181
396	194
397	184
398	176
399	213
400	174
401	186
402	165
403	195
404	183
405	187
406	209
407	194
408	204
409	183
410	180
411	179
412	177
413	194
414	172
415	198
416	176
417	187
418	175
419	184
420	177
421	180
422	175
423	203
424	190
425	182
426	194
427	177
428	209
429	197
430	194
431	172
432	210
433	185
434	198
435	190
436	212
437	187
438	177
439	187
440	190
441	212
442	189
443	194
444	186
445	194
446	192
447	187
448	184
449	189
450	206
451	179
452	187
453	179
454	189
455	197
456	217
457	186
458	187
459	175
460	180
461	174
462	183
463	186
464	178
465	201
466	184
467	188
468	177
469	176
470	166
471	194
472	195
473	199
474	214
475	165
476	183
477	195
478	213
479	170
480	179
481	178
482	203
483	176
484	195
485	177
486	198
487	182
488	203
489	189
490	181
491	186
492	177
493	192
494	168
495	183
496	171
497	160
498	195
499	165
500	174
501	186
502	170
503	175
504	201
505	169
506	181
507	173
508	177
509	156
510	188
511	195
512	182
513	172
514	201
515	193
516	188
517	169
518	168
519	176
520	188
521	212
522	199
523	171
524	188
525	170
526	197
527	194
528	166
529	153
530	201
531	167
532	165
533	201
534	189
535	169
536	181
537	175
538	155
539	177
540	194
541	199
542	167
543	196
544	171
545	181
546	165
547	194
548	189
549	197
550	168
551	172
552	177
553	195
554	196
555	164
556	186
557	204
558	170
559	167
560	192
561	169
562	169
563	187
564	196
565	163
566	186
567	174
568	187
569	175
570	189
571	166
572	188
573	169
574	185
575	154
576	191
577	183
578	169
579	179
580	178
581	196
582	181
583	174
584	184
585	178
586	189
587	196
588	197
589	169
590	185
591	189
592	212
593	202
594	171
595	206
596	195
597	199
598	169
599	187
600	177
601	201
602	176
603	194
604	194
605	180
606	170
607	165
608	181
609	197
610	197
611	182
612	180
613	179
614	192
615	186
616	188
617	166
618	159
619	162
620	200
621	192
622	183
623	188
624	171
625	183
626	189
627	192
628	197
629	174
630	172
631	181
632	203
633	221
634	219
635	188
636	191
637	174
638	193
639	199
640	202
641	189
642	186
643	205
644	173
645	188
646	189
647	202
648	189
649	202
650	189
651	199
652	182
653	183
654	192
655	204
656	217
657	211
658	184
659	225
660	197
661	201
662	230
663	205
664	207
665	183
666	202
667	219
668	193
669	206
670	201
671	200
672	208
673	212
674	207
675	211
676	198
677	212
678	206
679	213
680	186
681	210
682	203
683	211
684	190
685	218
686	194
687	183
688	194
689	212
690	209
691	185
692	227
693	226
694	214
695	204
696	197
697	213
698	210
699	210
700	229
701	211
702	201
703	223
704	211
705	190
706	203
707	233
708	249
709	195
710	235
711	224
712	189
713	211
714	186
715	234
716	208
717	213
718	200
719	232
720	220
721	205
722	212
723	232
724	215
725	199
726	199
727	215
728	217
729	222
730	223
731	221
732	226
733	216
734	202
735	213
736	225
737	212
738	206
739	238
740	210
741	220
742	228
743	227
744	218
745	197
746	222
747	229
748	269
749	202
750	216
751	227
752	212
753	196
754	225
755	236
756	216
757	216
758	211
759	205
760	244
761	213
762	221
763	258
764	225
765	244
766	215
767	212
768	235
769	220
770	204
771	231
772	212
773	216
774	227
775	240
776	237
777	215
778	237
779	243
780	232
781	206
782	220
783	224
784	230
785	257
786	248
787	234
788	227
789	234
790	235
791	211
792	244
793	237
794	231
795	246
796	233
797	235
798	248
799	222
800	215
801	235
802	228
803	231
804	251
805	222
806	219
807	213
808	230
809	251
810	222
811	233
812	224
813	241
814	239
815	233
816	246
817	225
818	237
819	234
820	238
821	236
822	220
823	241
824	223
825	245
826	229
827	223
828	208
829	226
830	257
831	255
832	237
833	219
834	259
835	258
836	232
837	216
838	253
839	244
840	259
841	246
842	207
843	246
844	265
845	241
846	232
847	227
848	224
849	253
850	264
851	245
852	246
853	234
854	255
855	229
856	249
857	221
858	255
859	245
860	256
861	233
862	233
863	245
864	248
865	235
866	253
867	245
868	232
869	209
870	227
871	227
872	250
873	233
874	250
875	229
876	231
877	260
878	251
879	246
880	228
881	252
882	257
883	228
884	282
885	224
886	213
887	255
888	246
889	261
890	246
891	262
892	256
893	234
894	232
895	239
896	254
897	235
898	242
899	240
900	257
901	243
902	218
903	247
904	222
905	222
906	232
907	256
908	243
909	233
910	268
911	216
912	240
913	236
914	239
915	260
916	224
917	260
918	225
919	241
920	243
921	260
922	252
923	249
924	221
925	265
926	235
927	244
928	260
929	242
930	286
931	252
932	248
933	251
934	264
935	245
936	256
937	222
938	221
939	241
940	258
941	270
942	263
943	239
944	246
945	270
946	232
947	243
948	254
949	223
950	224
951	220
952	250
953	216
954	251
955	239
956	236
957	219
958	247
959	218
960	243
961	265
962	267
963	235
964	221
965	237
966	230
967	230
968	266
969	263
970	230
971	271
972	240
973	273
974	260
975	232
976	230
977	234
978	236
979	259
980	256
981	211
982	240
983	223
984	249
985	237
986	233
987	251
988	216
989	249
990	226
991	251
992	239
993	255
994	218
995	223
996	249
997	263
998	226
999	220
1000	217
1001	243
1002	226
1003	245
1004	234
1005	235
1006	237
1007	225
1008	220
1009	212
1010	214
1011	228
1012	241
1013	238
1014	234
1015	218
1016	243
1017	219
1018	226
1019	247
1020	236
1021	256
1022	249
1023	243
1024	235
1025	235
1026	220
1027	237
1028	228
1029	222
1030	238
1031	215
1032	248
1033	239
1034	239
1035	226
1036	241
1037	263
1038	260
1039	229
1040	208
1041	236
1042	226
1043	244
1044	220
1045	234
1046	230
1047	221
1048	234
1049	222
1050	257
1051	253
1052	237
1053	244
1054	227
1055	201
1056	208
1057	239
1058	212
1059	210
1060	224
1061	212
1062	222
1063	210
1064	236
1065	238
1066	236
1067	249
1068	219
1069	223
1070	265
1071	211
1072	248
1073	236
1074	238
1075	240
1076	235
1077	232
1078	248
1079	232
1080	219
1081	218
1082	200
1083	216
1084	232
1085	209
1086	207
1087	222
1088	199
1089	210
1090	206
1091	228
1092	202
1093	218
1094	222
1095	206
1096	222
1097	201
1098	203
1099	227
1100	213
1101	227
1102	242
1103	234
1104	207
1105	224
1106	191
1107	222
1108	215
1109	205
1110	237
1111	206
1112	227
1113	221
1114	197
1115	214
1116	211
1117	185
1118	212
1119	225
1120	222
1121	223
1122	208
1123	192
1124	213
1125	195
1126	222
1127	189
1128	226
1129	197
1130	221
1131	223
1132	221
1133	183
1134	230
1135	213
1136	234
1137	182
1138	208
1139	204
1140	197
1141	174
1142	223
1143	193
1144	194
1145	189
1146	216
1147	187
1148	205
1149	201
1150	207
1151	205
1152	206
1153	178
1154	229
1155	200
1156	188
1157	172
1158	202
1159	199
1160	192
1161	196
1162	212
1163	212
1164	215
1165	213
1166	220
1167	232
1168	202
1169	216
1170	204
1171	224
1172	189
1173	207
1174	183
1175	199
1176	202
1177	166
1178	194
1179	187
1180	191
1181	204
1182	209
1183	190
1184	199
1185	191
1186	201
1187	206
1188	179
1189	208
1190	189
1191	204
1192	205
1193	185
1194	174
1195	184
1196	194
1197	177
1198	195
1199	200
1200	206
1201	171
1202	211
1203	194
1204	208
1205	192
1206	187
1207	179
1208	180
1209	184
1210	185
1211	184
1212	198
1213	172
1214	198
1215	191
1216	186
1217	195
1218	182
1219	202
1220	187
1221	198
1222	189
1223	209
1224	195
1225	158
1226	190
1227	183
1228	184
1229	202
1230	192
1231	177
1232	212
1233	192
1234	181
1235	179
1236	176
1237	160
1238	177
1239	209
1240	182
1241	189
1242	178
1243	195
1244	177
1245	182
1246	183
1247	173
1248	175
1249	188
1250	176
1251	184
1252	198
1253	183
1254	179
1255	189
1256	147
1257	190
1258	211
1259	191
1260	160
1261	149
1262	163
1263	184
1264	198
1265	180
1266	187
1267	166
1268	164
1269	154
1270	174
1271	176
1272	179
1273	166
1274	191
1275	185
1276	174
1277	165
1278	168
1279	175
1280	172
1281	158
1282	193
1283	207
1284	176
1285	160
1286	182
1287	174
1288	186
1289	163
1290	183
1291	175
1292	149
1293	153
1294	183
1295	178
1296	170
1297	189
1298	153
1299	180
1300	171
1301	168
1302	168
1303	165
1304	205
1305	167
1306	184
1307	172
1308	182
1309	150
1310	164
1311	170
1312	155
1313	190
1314	179
1315	181
1316	167
1317	166
1318	163
1319	162
1320	162
1321	152
1322	180
1323	179
1324	152
1325	171
1326	167
1327	144
1328	163
1329	177
1330	153
1331	165
1332	154
1333	176
1334	160
1335	159
1336	181
1337	146
1338	162
1339	188
1340	166
1341	164
1342	168
1343	173
1344	165
1345	147
1346	188
1347	144
1348	163
1349	167
1350	168
1351	167
1352	154
1353	155
1354	156
1355	187
1356	146
1357	164
1358	166
1359	148
1360	149
1361	169
1362	163
1363	179
1364	129
1365	171
1366	168
1367	154
1368	147
1369	149
1370	162
1371	163
1372	133
1373	154
1374	163
1375	160
1376	148
1377	154
1378	154
1379	163
1380	146
1381	123
1382	165
1383	127
1384	139
1385	170
1386	129
1387	147
1388	156
1389	148
1390	134
1391	152
1392	173
1393	146
1394	158
1395	167
1396	158
1397	160
1398	160
1399	140
1400	149
1401	140
1402	139
1403	168
1404	148
1405	139
1406	173
1407	158
1408	144
1409	142
1410	144
1411	143
1412	167
1413	156
1414	150
1415	143
1416	133
1417	147
1418	144
1419	142
1420	130
1421	144
1422	149
1423	129
1424	128
1425	128
1426	132
1427	154
1428	139
1429	137
1430	123
1431	144
1432	152
1433	137
1434	135
1435	138
1436	139
1437	143
1438	122
1439	132
1440	137
1441	160
1442	166
1443	139
1444	136
1445	142
1446	141
1447	127
1448	139
1449	143
1450	134
1451	139
1452	141
1453	136
1454	137
1455	129
1456	139
1457	129
1458	122
1459	127
1460	142
1461	140
1462	130
1463	147
1464	135
1465	126
1466	158
1467	135
1468	122
1469	150
1470	138
1471	147
1472	120
1473	128
1474	144
1475	136
1476	114
1477	122
1478	125
1479	142
1480	110
1481	129
1482	124
1483	140
1484	145
1485	125
1486	140
1487	133
1488	113
1489	119
1490	140
1491	131
1492	119
1493	105
1494	110
1495	119
1496	149
1497	112
1498	119
1499	128
1500	122
1501	109
1502	132
1503	113
1504	122
1505	135
1506	125
1507	145
1508	131
1509	129
1510	116
1511	124
1512	126
1513	135
1514	126
1515	118
1516	144
1517	125
1518	126
1519	123
1520	123
1521	128
1522	119
1523	126
1524	128
1525	119
1526	136
1527	136
1528	98
1529	126
1530	112
1531	127
1532	128
1533	118
1534	114
1535	124
1536	133
1537	127
1538	130
1539	115
1540	131
1541	129
1542	124
1543	122
1544	135
1545	123
1546	107
1547	111
1548	118
1549	136
1550	127
1551	118
1552	110
1553	126
1554	142
1555	113
1556	108
1557	85
1558	117
1559	123
1560	113
1561	130
1562	114
1563	117
1564	120
1565	147
1566	121
1567	122
1568	126
1569	126
1570	123
1571	119
1572	133
1573	122
1574	126
1575	101
1576	106
1577	135
1578	122
1579	116
1580	126
1581	116
1582	117
1583	110
1584	126
1585	116
1586	110
1587	116
1588	130
1589	109
1590	134
1591	135
1592	126
1593	121
1594	129
1595	120
1596	122
1597	117
1598	116
1599	121
1600	117
1601	106
1602	113
1603	133
1604	129
1605	131
1606	103
1607	107
1608	129
1609	143
1610	127
1611	115
1612	110
1613	137
1614	140
1615	119
1616	114
1617	128
1618	134
1619	101
1620	129
1621	107
1622	113
1623	101
1624	123
1625	128
1626	118
1627	109
1628	115
1629	121
1630	124
1631	116
1632	99
1633	106
1634	121
1635	129
1636	114
1637	118
1638	114
1639	114
1640	111
1641	100
1642	97
1643	122
1644	118
1645	112
1646	98
1647	105
1648	113
1649	130
1650	115
1651	133
1652	133
1653	108
1654	118
1655	112
1656	130
1657	129
1658	108
1659	132
1660	106
1661	131
1662	124
1663	123
1664	106
1665	99
1666	102
1667	121
1668	109
1669	117
1670	131
1671	110
1672	121
1673	116
1674	118
1675	121
1676	110
1677	121
1678	135
1679	109
1680	131
1681	111
1682	140
1683	116
1684	113
1685	109
1686	112
1687	112
1688	102
1689	114
1690	130
1691	119
1692	105
1693	110
1694	126
1695	126
1696	120
1697	136
1698	115
1699	138
1700	117
1701	123
1702	84
1703	131
1704	128
1705	113
1706	113
1707	120
1708	114
1709	122
1710	107
1711	121
1712	119
1713	130
1714	106
1715	130
1716	159
1717	133
1718	127
1719	116
1720	110
1721	126
1722	112
1723	93
1724	135
1725	130
1726	120
1727	121
1728	114
1729	124
1730	112
1731	124
1732	140
1733	122
1734	125
1735	116
1736	126
1737	113
1738	125
1739	134
1740	109
1741	123
1742	125
1743	147
1744	130
1745	140
1746	105
1747	124
1748	123
1749	120
1750	143
1751	104
1752	124
1753	142
1754	139
1755	131
1756	108
1757	127
1758	121
1759	126
1760	132
1761	116
1762	114
1763	126
1764	130
1765	117
1766	124
1767	143
1768	119
1769	148
1770	127
1771	112
1772	129
1773	142
1774	131
1775	147
1776	113
1777	141
1778	116
1779	135
1780	125
1781	133
1782	139
1783	138
1784	151
1785	129
1786	165
1787	138
1788	153
1789	127
1790	138
1791	132
1792	142
1793	140
1794	149
1795	139
1796	132
1797	158
1798	125
1799	142
1800	151
1801	111
1802	140
1803	143
1804	135
1805	144
1806	150
1807	138
1808	134
1809	159
1810	155
1811	143
1812	159
1813	138
1814	165
1815	138
1816	150
1817	147
1818	148
1819	153
1820	150
1821	165
1822	153
1823	165
1824	159
1825	156
1826	142
1827	171
1828	161
1829	154
1830	171
1831	163
1832	169
1833	155
1834	165
1835	162
1836	134
1837	162
1838	159
1839	153
1840	136
1841	181
1842	178
1843	185
1844	166
1845	186
1846	152
1847	167
1848	166
1849	194
1850	162
1851	172
1852	198
1853	172
1854	159
1855	169
1856	176
1857	173
1858	168
1859	180
1860	158
1861	167
1862	167
1863	180
1864	169
1865	155
1866	174
1867	166
1868	163
1869	189
1870	183
1871	168
1872	185
1873	189
1874	183
1875	184
1876	170
1877	168
1878	214
1879	192
1880	183
1881	203
1882	170
1883	183
1884	181
1885	182
1886	191
1887	179
1888	189
1889	190
1890	179
1891	164
1892	181
1893	175
1894	169
1895	184
1896	207
1897	216
1898	189
1899	166
1900	198
1901	197
1902	192
1903	215
1904	179
1905	209
1906	193
1907	216
1908	183
1909	224
1910	216
1911	183
1912	216
1913	219
1914	202
1915	205
1916	205
1917	226
1918	189
1919	203
1920	216
1921	238
1922	211
1923	203
1924	179
1925	188
1926	213
1927	212
1928	221
1929	247
1930	215
1931	220
1932	211
1933	203
1934	210
1935	213
1936	208
1937	186
1938	228
1939	212
1940	238
1941	194
1942	209
1943	228
1944	222
1945	207
1946	230
1947	233
1948	220
1949	236
1950	228
1951	231
1952	221
1953	249
1954	232
1955	203
1956	244
1957	248
1958	229
1959	231
1960	227
1961	220
1962	213
1963	229
1964	243
1965	223
1966	224
1967	256
1968	244
1969	234
1970	247
1971	236
1972	237
1973	237
1974	254
1975	253
1976	239
1977	250
1978	247
1979	244
1980	231
1981	220
1982	255
1983	244
1984	236
1985	263
1986	242
1987	266
1988	255
1989	243
1990	273
1991	265
1992	276
1993	247
1994	239
1995	259
1996	259
1997	264
1998	243
1999	246
2000	275
2001	248
2002	241
2003	259
2004	273
2005	235
2006	260
2007	271
2008	257
2009	277
2010	262
2011	274
2012	246
2013	250
2014	273
2015	259
2016	270
2017	254
2018	271
2019	304
2020	275
2021	273
2022	274
2023	275
2024	278
2025	267
2026	282
2027	288
2028	265
2029	263
2030	263
2031	254
2032	285
2033	285
2034	264
2035	275
2036	283
2037	286
2038	267
2039	278
2040	284
2041	323
2042	293
2043	254
2044	311
2045	274
2046	302
2047	286
2048	276
2049	290
2050	332
2051	301
2052	325
2053	298
2054	298
2055	287
2056	291
2057	276
2058	302
2059	299
2060	270
2061	296
2062	297
2063	293
2064	297
2065	307
2066	329
2067	271
2068	286
2069	275
2070	291
2071	319
2072	329
2073	292
2074	303
2075	300
2076	308
2077	294
2078	293
2079	314
2080	332
2081	315
2082	268
2083	296
2084	314
2085	298
2086	283
2087	319
2088	356
2089	291
2090	298
2091	314
2092	300
2093	314
2094	323
2095	308
2096	305
2097	315
2098	295
2099	307
2100	335
2101	315
2102	324
2103	330
2104	339
2105	321
2106	336
2107	298
2108	335
2109	319
2110	327
2111	300
2112	294
2113	332
2114	283
2115	338
2116	308
2117	331
2118	338
2119	310
2120	323
2121	334
2122	334
2123	317
2124	287
2125	300
2126	312
2127	317
2128	326
2129	317
2130	305
2131	327
2132	346
2133	315
2134	355
2135	352
2136	315
2137	327
2138	340
2139	312
2140	314
2141	292
2142	339
2143	312
2144	326
2145	330
2146	296
2147	318
2148	338
2149	345
2150	313
2151	329
2152	321
2153	318
2154	325
2155	319
2156	289
2157	334
2158	335
2159	319
2160	301
2161	340
2162	353
2163	303
2164	340
2165	340
2166	318
2167	329
2168	338
2169	332
2170	352
2171	340
2172	331
2173	357
2174	346
2175	327
2176	304
2177	326
2178	312
2179	331
2180	359
2181	329
2182	293
2183	324
2184	308
2185	327
2186	343
2187	379
2188	337
2189	321
2190	323
2191	299
2192	338
2193	347
2194	337
2195	311
2196	314
2197	331
2198	305
2199	348
2200	341
2201	344
2202	331
2203	339
2204	359
2205	325
2206	334
2207	334
2208	336
2209	364
2210	305
2211	336
2212	338
2213	357
2214	311
2215	304
2216	336
2217	365
2218	319
2219	338
2220	318
2221	303
2222	295
2223	333
2224	317
2225	313
2226	296
2227	348
2228	327
2229	311
2230	299
2231	325
2232	336
2233	319
2234	342
2235	346
2236	339
2237	355
2238	345
2239	330
2240	345
2241	353
2242	320
2243	332
2244	327
2245	292
2246	320
2247	318
2248	313
2249	311
2250	313
2251	321
2252	305
2253	344
2254	324
2255	283
2256	328
2257	319
2258	304
2259	306
2260	329
2261	331
2262	320
2263	330
2264	317
2265	302
2266	306
2267	299
2268	316
2269	318
2270	306
2271	296
2272	307
2273	291
2274	271
2275	285
2276	310
2277	342
2278	310
2279	309
2280	294
2281	299
2282	294
2283	340
2284	293
2285	285
2286	297
2287	322
2288	319
2289	315
2290	278
2291	283
2292	303
2293	319
2294	284
2295	289
2296	299
2297	318
2298	299
2299	315
2300	305
2301	284
2302	330
2303	273
2304	280
2305	290
2306	286
2307	313
2308	281
2309	255
2310	272
2311	274
2312	259
2313	272
2314	284
2315	270
2316	283
2317	282
2318	284
2319	252
2320	269
2321	255
2322	266
2323	278
2324	266
2325	271
2326	289
2327	256
2328	282
2329	274
2330	274
2331	256
2332	259
2333	240
2334	283
2335	274
2336	252
2337	249
2338	277
2339	249
2340	252
2341	281
2342	234
2343	254
2344	255
2345	248
2346	254
2347	268
2348	262
2349	235
2350	253
2351	248
2352	253
2353	288
2354	232
2355	238
2356	272
2357	240
2358	259
2359	257
2360	261
2361	234
2362	238
2363	256
2364	217
2365	229
2366	227
2367	251
2368	229
2369	249
2370	212
2371	244
2372	230
2373	237
2374	240
2375	250
2376	223
2377	220
2378	230
2379	208
2380	252
2381	206
2382	229
2383	242
2384	233
2385	222
2386	220
2387	183
2388	217
2389	225
2390	211
2391	239
2392	225
2393	218
2394	211
2395	200
2396	224
2397	182
2398	201
2399	222
2400	209
2401	205
2402	217
2403	208
2404	221
2405	188
2406	198
2407	194
2408	213
2409	236
2410	202
2411	191
2412	246
2413	202
2414	194
2415	201
2416	187
2417	204
2418	198
2419	231
2420	199
2421	195
2422	221
2423	194
2424	189
2425	167
2426	188
2427	205
2428	187
2429	175
2430	209
2431	197
2432	177
2433	196
2434	176
2435	190
2436	198
2437	177
2438	189
2439	174
2440	200
2441	185
2442	179
2443	183
2444	188
2445	184
2446	163
2447	174
2448	177
2449	197
2450	187
2451	178
2452	152
2453	170
2454	182
2455	175
2456	172
2457	181
2458	176
2459	160
2460	188
2461	165
2462	181
2463	155
2464	172
2465	163
2466	157
2467	175
2468	163
2469	165
2470	165
2471	160
2472	156
2473	168
2474	169
2475	146
2476	164
2477	146
2478	164
2479	151
2480	155
2481	162
2482	169
2483	147
2484	174
2485	147
2486	169
2487	153
2488	141
2489	148
2490	134
2491	136
2492	144
2493	153
2494	138
2495	147
2496	138
2497	131
2498	160
2499	171
2500	146
2501	139
2502	112
2503	135
2504	157
2505	144
2506	130
2507	151
2508	140
2509	150
2510	135
2511	121
2512	144
2513	127
2514	133
2515	133
2516	145
2517	135
2518	116
2519	132
2520	155
2521	137
2522	153
2523	133
2524	105
2525	138
2526	127
2527	155
2528	142
2529	131
2530	129
2531	129
2532	108
2533	128
2534	128
2535	142
2536	139
2537	139
2538	131
2539	121
2540	113
2541	118
2542	114
2543	116
2544	125
2545	127
2546	113
2547	121
2548	108
2549	118
2550	101
2551	130
2552	114
2553	106
2554	119
2555	110
2556	92
2557	112
2558	106
2559	117
2560	116
2561	112
2562	110
2563	103
2564	105
2565	101
2566	104
2567	114
2568	107
2569	100
2570	102
2571	102
2572	103
2573	102
2574	107
2575	106
2576	105
2577	87
2578	100
2579	92
2580	115
2581	95
2582	86
2583	110
2584	94
2585	79
2586	115
2587	91
2588	101
2589	84
2590	112
2591	108
2592	85
2593	105
2594	93
2595	121
2596	99
2597	97
2598	101
2599	95
2600	92
2601	87
2602	74
2603	95
2604	111
2605	96
2606	85
2607	93
2608	84
2609	78
2610	96
2611	80
2612	96
2613	80
2614	91
2615	76
2616	92
2617	78
2618	86
2619	83
2620	91
2621	100
2622	85
2623	71
2624	100
2625	84
2626	96
2627	91
2628	78
2629	82
2630	83
2631	82
2632	94
2633	100
2634	84
2635	90
2636	87
2637	80
2638	90
2639	97
2640	89
2641	78
2642	86
2643	85
2644	76
2645	79
2646	77
2647	82
2648	72
2649	88
2650	92
2651	94
2652	81
2653	83
2654	95
2655	84
2656	81
2657	99
2658	95
2659	80
2660	84
2661	87
2662	72
2663	84
2664	84
2665	74
2666	95
2667	73
2668	96
2669	65
2670	68
2671	60
2672	76
2673	77
2674	99
2675	80
2676	80
2677	76
2678	86
2679	96
2680	63
2681	62
2682	80
2683	76
2684	86
2685	100
2686	88
2687	77
2688	72
2689	80
2690	83
2691	81
2692	81
2693	86
2694	92
2695	88
2696	71
2697	62
2698	82
2699	77
2700	84
2701	78
2702	66
2703	93
2704	70
2705	76
2706	77
2707	77
2708	67
2709	84
2710	79
2711	81
2712	77
2713	69
2714	62
2715	73
2716	85
2717	71
2718	85
2719	79
2720	76
2721	70
2722	75
2723	77
2724	74
2725	73
2726	66
2727	67
2728	70
2729	73
2730	76
2731	75
2732	83
2733	86
2734	76
2735	54
2736	67
2737	75
2738	70
2739	72
2740	72
2741	70
2742	84
2743	58
2744	72
2745	69
2746	77
2747	88
2748	76
2749	83
2750	90
2751	61
2752	74
2753	76
2754	74
2755	74
2756	61
2757	68
2758	58
2759	71
2760	82
2761	64
2762	73
2763	69
2764	88
2765	69
2766	81
2767	67
2768	70
2769	57
2770	64
2771	65
2772	75
2773	69
2774	66
2775	60
2776	81
2777	73
2778	79
2779	78
2780	61
2781	91
2782	75
2783	74
2784	66
2785	73
2786	64
2787	70
2788	80
2789	64
2790	72
2791	70
2792	70
2793	82
2794	73
2795	56
2796	66
2797	66
2798	55
2799	72
2800	55
2801	73
2802	76
2803	64
2804	68
2805	69
2806	69
2807	90
2808	86
2809	84
2810	79
2811	82
2812	73
2813	83
2814	63
2815	73
2816	78
2817	68
2818	59
2819	80
2820	61
2821	71
2822	66
2823	59
2824	88
2825	75
2826	91
2827	50
2828	70
2829	71
2830	74
2831	70
2832	65
2833	75
2834	79
2835	66
2836	69
2837	52
2838	75
2839	73
2840	71
2841	66
2842	71
2843	53
2844	83
2845	61
2846	75
2847	66
2848	69
2849	66
2850	66
2851	64
2852	56
2853	78
2854	70
2855	64
2856	82
2857	91
2858	74
2859	45
2860	66
2861	73
2862	80
2863	76
2864	70
2865	62
2866	65
2867	82
2868	80
2869	71
2870	61
2871	73
2872	73
2873	71
2874	80
2875	67
2876	68
2877	61
2878	67
2879	65
2880	61
2881	68
2882	88
2883	75
2884	54
2885	60
2886	72
2887	70
2888	67
2889	67
2890	55
2891	69
2892	79
2893	71
2894	72
2895	61
2896	68
2897	66
2898	67
2899	58
2900	73
2901	70
2902	64
2903	67
2904	62
2905	65
2906	69
2907	71
2908	67
2909	67
2910	66
2911	68
2912	72
2913	74
2914	75
2915	64
2916	63
2917	64
2918	57
2919	60
2920	69
2921	63
2922	75
2923	61
2924	66
2925	69
2926	72
2927	62
2928	72
2929	72
2930	77
2931	75
2932	75
2933	56
2934	72
2935	59
2936	76
2937	62
2938	61
2939	78
2940	70
2941	59
2942	59
2943	68
2944	58
2945	65
2946	54
2947	66
2948	73
2949	60
2950	50
2951	75
2952	70
2953	57
2954	53
2955	57
2956	69
2957	58
2958	77
2959	64
2960	71
2961	72
2962	78
2963	61
2964	49
2965	67
2966	59
2967	69
2968	67
2969	56
2970	60
2971	54
2972	62
2973	62
2974	50
2975	63
2976	66
2977	56
2978	65
2979	68
2980	61
2981	52
2982	63
2983	72
2984	58
2985	63
2986	54
2987	68
2988	52
2989	55
2990	57
2991	60
2992	57
2993	60
2994	57
2995	49
2996	51
2997	79
2998	58
2999	64
3000	66
3001	56
3002	62
3003	55
3004	48
3005	62
3006	59
3007	46
3008	56
3009	61
3010	41
3011	49
3012	70
3013	48
3014	50
3015	61
3016	64
3017	67
3018	64
3019	56
3020	57
3021	68
3022	58
3023	68
3024	65
3025	63
3026	56
3027	53
3028	55
3029	57
3030	50
3031	50
3032	64
3033	57
3034	62
3035	56
3036	55
3037	54
3038	66
3039	47
3040	54
3041	63
3042	65
3043	53
3044	51
3045	57
3046	48
3047	62
3048	58
3049	68
3050	54
3051	49
3052	50
3053	54
3054	43
3055	52
3056	41
3057	51
3058	52
3059	52
3060	41
3061	49
3062	53
3063	50
3064	51
3065	53
3066	45
3067	52
3068	46
3069	39
3070	56
3071	39
3072	45
3073	45
3074	45
3075	51
3076	52
3077	41
3078	58
3079	47
3080	47
3081	50
3082	58
3083	34
3084	51
3085	47
3086	50
3087	58
3088	52
3089	48
3090	44
3091	43
3092	66
3093	52
3094	54
3095	45
3096	55
3097	51
3098	48
3099	52
3100	32
3101	50
3102	40
3103	59
3104	57
3105	55
3106	42
3107	51
3108	45
3109	30
3110	43
3111	50
3112	60
3113	39
3114	45
3115	56
3116	46
3117	51
3118	56
3119	41
3120	43
3121	49
3122	50
3123	46
3124	53
3125	48
3126	46
3127	47
3128	47
3129	36
3130	36
3131	56
3132	48
3133	45
3134	41
3135	46
3136	39
3137	35
3138	42
3139	38
3140	38
3141	52
3142	55
3143	50
3144	44
3145	36
3146	39
3147	49
3148	44
3149	26
3150	43
3151	42
3152	41
3153	38
3154	31
3155	41
3156	45
3157	44
3158	46
3159	47
3160	53
3161	36
3162	34
3163	40
3164	44
3165	45
3166	38
3167	34
3168	34
3169	36
3170	32
3171	35
3172	37
3173	48
3174	37
3175	33
3176	43
3177	35
3178	43
3179	33
3180	28
3181	42
3182	30
3183	31
3184	30
3185	30
3186	42
3187	43
3188	30
3189	24
3190	30
3191	33
3192	35
3193	32
3194	36
3195	33
3196	28
3197	24
3198	38
3199	33
3200	37
3201	41
3202	39
3203	42
3204	40
3205	36
3206	25
3207	25
3208	39
3209	30
3210	25
3211	42
3212	39
3213	48
3214	33
3215	30
3216	34
3217	31
3218	32
3219	39
3220	44
3221	25
3222	33
3223	32
3224	33
3225	32
3226	26
3227	30
3228	30
3229	25
3230	31
3231	24
3232	30
3233	32
3234	30
3235	33
3236	27
3237	28
3238	43
3239	28
3240	23
3241	27
3242	24
3243	28
3244	28
3245	23
3246	23
3247	34
3248	23
3249	39
3250	22
3251	27
3252	17
3253	32
3254	25
3255	30
3256	31
3257	22
3258	29
3259	26
3260	28
3261	13
3262	30
3263	30
3264	25
3265	26
3266	26
3267	28
3268	20
3269	28
3270	27
3271	26
3272	22
3273	27
3274	41
3275	32
3276	29
3277	17
3278	36
3279	21
3280	17
3281	24
3282	30
3283	25
3284	19
3285	33
3286	29
3287	29
3288	15
3289	37
3290	23
3291	21
3292	28
3293	17
3294	17
3295	27
3296	26
3297	19
3298	27
3299	24
3300	26
3301	19
3302	28
3303	24
3304	22
3305	28
3306	29
3307	25
3308	19
3309	27
3310	17
3311	25
3312	25
3313	18
3314	22
3315	13
3316	22
3317	21
3318	20
3319	19
3320	20
3321	22
3322	18
3323	25
3324	23
3325	27
3326	19
3327	25
3328	16
3329	19
3330	20
3331	14
3332	19
3333	16
3334	20
3335	18
3336	25
3337	21
3338	23
3339	20
3340	21
3341	21
3342	23
3343	16
3344	21
3345	15
3346	18
3347	20
3348	16
3349	25
3350	19
3351	21
3352	16
3353	19
3354	22
3355	18
3356	10
3357	15
3358	15
3359	18
3360	16
3361	12
3362	15
3363	14
3364	25
3365	21
3366	19
3367	15
3368	24
3369	10
3370	18
3371	18
3372	17
3373	19
3374	16
3375	20
3376	12
3377	11
3378	17
3379	15
3380	19
3381	20
3382	18
3383	17
3384	8
3385	14
3386	15
3387	17
3388	9
3389	13
3390	15
3391	11
3392	25
3393	13
3394	8
3395	14
3396	11
3397	20
3398	11
3399	14
3400	14
3401	17
3402	19
3403	18
3404	15
3405	15
3406	15
3407	6
3408	10
3409	14
3410	13
3411	11
3412	13
3413	9
3414	16
3415	12
3416	14
3417	14
3418	15
3419	16
3420	20
3421	10
3422	19
3423	14
3424	14
3425	13
3426	10
3427	15
3428	14
3429	17
3430	11
3431	13
3432	16
3433	14
3434	18
3435	10
3436	13
3437	13
3438	12
3439	20
3440	11
3441	9
3442	6
3443	12
3444	16
3445	14
3446	6
3447	8
3448	10
3449	11
3450	12
3451	11
3452	10
3453	10
3454	11
3455	9
3456	12
3457	6
3458	13
3459	5
3460	10
3461	8
3462	13
3463	6
3464	15
3465	15
3466	8
3467	7
3468	8
3469	10
3470	11
3471	10
3472	10
3473	15
3474	9
3475	6
3476	12
3477	8
3478	10
3479	10
3480	13
3481	11
3482	6
3483	14
3484	9
3485	15
3486	8
3487	11
3488	13
3489	11
3490	11
3491	7
3492	12
3493	5
3494	11
3495	10
3496	9
3497	17
3498	11
3499	10
3500	12
3501	2
3502	5
3503	5
3504	8
3505	7
3506	8
3507	11
3508	7
3509	8
3510	6
3511	9
3512	10
3513	10
3514	11
3515	5
3516	8
3517	14
3518	7
3519	6
3520	11
3521	5
3522	11
3523	7
3524	8
3525	7
3526	7
3527	7
3528	10
3529	8
3530	8
3531	11
3532	11
3533	10
3534	11
3535	6
3536	8
3537	6
3538	5
3539	10
3540	11
3541	8
3542	8
3543	4
3544	5
3545	5
3546	11
3547	9
3548	2
3549	6
3550	8
3551	6
3552	2
3553	5
3554	9
3555	7
3556	2
3557	5
3558	7
3559	9
3560	8
3561	7
3562	6
3563	6
3564	8
3565	8
3566	6
3567	7
3568	5
3569	5
3570	6
3571	11
3572	12
3573	3
3574	6
3575	5
3576	7
3577	9
3578	8
3579	4
3580	5
3581	6
3582	4
3583	5
3584	9
3585	5
3586	5
3587	3
3588	5
3589	4
3590	7
3591	4
3592	6
3593	6
3594	3
3595	2
3596	5
3597	2
3598	3
3599	1
3600	3
3601	8
3602	4
3603	4
3604	3
3605	4
3606	1
3607	6
3608	6
3609	4
3610	9
3611	4
3612	8
3613	4
3614	5
3615	4
3616	4
3617	5
3618	2
3619	2
3620	6
3621	3
3622	4
3623	5
3624	4
3625	9
3626	4
3627	7
3628	4
3629	2
3630	0
3631	2
3632	7
3633	8
3634	1
3635	5
3636	4
3637	3
3638	5
3639	2
3640	3
3641	2
3642	4
3643	4
3644	8
3645	4
3646	6
3647	3
3648	4
3649	3
3650	4
3651	4
3652	2
3653	2
3654	4
3655	3
3656	2
3657	3
3658	4
3659	4
3660	3
3661	7
3662	5
3663	0
3664	7
3665	5
3666	4
3667	2
3668	0
3669	3
3670	6
3671	3
3672	3
3673	3
3674	1
3675	5
3676	3
3677	3
3678	0
3679	1
3680	5
3681	1
3682	4
3683	2
3684	4
3685	3
3686	0
3687	2
3688	4
3689	1
3690	4
3691	2
3692	2
3693	6
3694	3
3695	3
3696	3
3697	2
3698	3
3699	4
3700	3
3701	3
3702	1
3703	0
3704	4
3705	1
3706	5
3707	1
3708	1
3709	3
3710	3
3711	2
3712	3
3713	3
3714	2
3715	0
3716	1
3717	2
3718	2
3719	2
3720	1
3721	1
3722	4
3723	4
3724	3
3725	1
3726	2
3727	0
3728	1
3729	4
3730	2
3731	2
3732	2
3733	2
3734	2
3735	2
3736	2
3737	2
3738	2
3739	1
3740	6
3741	2
3742	4
3743	3
3744	2
3745	1
3746	4
3747	1
3748	1
3749	0
3750	3
3751	1
3752	2
3753	1
3754	0
3755	6
3756	3
3757	3
3758	0
3759	4
3760	2
3761	2
3762	4
3763	1
3764	3
3765	1
3766	1
3767	1
3768	2
3769	4
3770	1
3771	0
3772	1
3773	2
3774	2
3775	1
3776	2
3777	0
3778	1
3779	3
3780	2
3781	4
3782	1
3783	0
3784	0
3785	2
3786	2
3787	1
3788	2
3789	4
3790	2
3791	3
3792	0
3793	1
3794	0
3795	0
3796	2
3797	1
3798	2
3799	2
3800	2
3801	2
3802	1
3803	2
3804	3
3805	0
3806	2
3807	0
3808	3
3809	3
3810	1
3811	0
3812	3
3813	4
3814	0
3815	0
3816	0
3817	0
3818	2
3819	0
3820	3
3821	1
3822	1
3823	3
3824	0
3825	1
3826	1
3827	1
3828	2
3829	2
3830	1
3831	1
3832	0
3833	2
3834	3
3835	1
3836	1
3837	2
3838	1
3839	1
3840	1
3841	1
3842	0
3843	1
3844	1
3845	0
3846	0
3847	1
3848	0
3849	0
3850	1
3851	2
3852	0
3853	2
3854	0
3855	1
3856	0
3857	2
3858	1
3859	2
3860	0
3861	1
3862	1
3863	2
3864	1
3865	3
3866	1
3867	1
3868	1
3869	1
3870	1
3871	0
3872	1
3873	0
3874	1
3875	0
3876	0
3877	0
3878	1
3879	2
3880	2
3881	1
3882	2
3883	3
3884	3
3885	3
3886	0
3887	1
3888	0
3889	1
3890	1
3891	0
3892	1
3893	1
3894	1
3895	1
3896	2
3897	1
3898	2
3899	0
3900	0
3901	2
3902	1
3903	1
3904	0
3905	2
3906	0
3907	0
3908	2
3909	0
3910	0
3911	2
3912	0
3913	0
3914	1
3915	0
3916	0
3917	3
3918	1
3919	2
3920	2
3921	1
3922	0
3923	0
3924	1
3925	0
3926	0
3927	1
3928	2
3929	1
3930	1
3931	0
3932	1
3933	2
3934	0
3935	1
3936	0
3937	0
3938	2
3939	2
3940	0
3941	1
3942	0
3943	4
3944	1
3945	1
3946	2
3947	1
3948	1
3949	3
3950	3
3951	0
3952	1
3953	3
3954	2
3955	1
3956	3
3957	0
3958	1
3959	3
3960	3
3961	1
3962	1
3963	0
3964	1
3965	1
3966	1
3967	2
3968	0
3969	1
3970	0
3971	4
3972	2
3973	1
3974	1
3975	0
3976	2
3977	0
3978	0
3979	2
3980	0
3981	2
3982	2
3983	1
3984	2
3985	1
3986	1
3987	1
3988	0
3989	1
3990	0
3991	1
3992	2
3993	1
3994	1
3995	1
3996	1
3997	0
3998	0
3999	0
4000	0
4001	2
4002	0
4003	0
4004	1
4005	1
4006	2
4007	0
4008	0
4009	2
4010	3
4011	0
4012	1
4013	0
4014	0
4015	0
4016	0
4017	1
4018	0
4019	1
4020	0
4021	2
4022	0
4023	2
4024	1
4025	1
4026	1
4027	1
4028	0
4029	0
4030	0
4031	0
4032	0
4033	0
4034	0
4035	3
4036	0
4037	0
4038	1
4039	0
4040	0
4041	1
4042	0
4043	0
4044	0
4045	2
4046	0
4047	1
4048	1
4049	0
4050	0
4051	0
4052	1
4053	0
4054	0
4055	0
4056	0
4057	0
4058	1
4059	0
4060	0
4061	3
4062	0
4063	2
4064	0
4065	1
4066	1
4067	1
4068	1
4069	1
4070	1
4071	1
4072	0
4073	1
4074	0
4075	0
4076	0
4077	0
4078	0
4079	0
4080	0
4081	1
4082	0
4083	3
4084	2
4085	1
4086	0
4087	1
4088	0
4089	1
4090	2
4091	2
4092	2
4093	0
4094	1
4095	0
