0	0
1	0
2	0
3	0
4	0
5	0
6	0
7	0
8	0
9	0
10	0
11	0
12	0
13	0
14	0
15	0
16	0
17	0
18	0
19	0
20	0
21	0
22	0
23	0
24	0
25	0
26	0
27	0
28	0
29	0
30	0
31	0
32	0
33	0
34	0
35	0
36	0
37	0
38	0
39	0
40	2
41	0
42	2
43	1
44	1
45	1
46	1
47	4
48	2
49	1
50	1
51	3
52	5
53	2
54	2
55	5
56	4
57	1
58	7
59	6
60	8
61	29
62	105
63	370
64	508
65	523
66	442
67	437
68	363
69	323
70	261
71	233
72	211
73	189
74	173
75	131
76	156
77	111
78	87
79	118
80	79
81	91
82	93
83	93
84	73
85	61
86	88
87	83
88	71
89	65
90	66
91	58
92	64
93	53
94	54
95	65
96	65
97	67
98	59
99	70
100	60
101	63
102	69
103	48
104	71
105	58
106	59
107	73
108	62
109	66
110	58
111	57
112	79
113	65
114	59
115	44
116	56
117	65
118	74
119	56
120	57
121	53
122	49
123	74
124	53
125	67
126	83
127	53
128	50
129	57
130	52
131	58
132	59
133	75
134	47
135	62
136	61
137	46
138	57
139	58
140	60
141	70
142	63
143	65
144	75
145	53
146	68
147	58
148	54
149	58
150	51
151	54
152	48
153	63
154	62
155	65
156	71
157	63
158	65
159	53
160	85
161	73
162	57
163	56
164	54
165	63
166	49
167	52
168	59
169	69
170	63
171	52
172	60
173	61
174	61
175	58
176	55
177	73
178	60
179	52
180	72
181	62
182	62
183	57
184	53
185	62
186	57
187	68
188	56
189	66
190	68
191	55
192	60
193	66
194	67
195	54
196	56
197	57
198	63
199	58
200	53
201	62
202	61
203	66
204	73
205	71
206	49
207	66
208	65
209	58
210	70
211	71
212	46
213	69
214	58
215	64
216	77
217	61
218	47
219	68
220	68
221	49
222	57
223	79
224	64
225	55
226	59
227	59
228	63
229	69
230	55
231	63
232	56
233	64
234	67
235	61
236	75
237	70
238	62
239	63
240	60
241	60
242	54
243	56
244	63
245	65
246	66
247	59
248	62
249	57
250	71
251	60
252	63
253	68
254	65
255	76
256	77
257	72
258	67
259	56
260	61
261	70
262	66
263	61
264	68
265	61
266	77
267	65
268	59
269	68
270	64
271	73
272	66
273	65
274	63
275	58
276	69
277	48
278	73
279	58
280	59
281	60
282	62
283	60
284	49
285	83
286	70
287	68
288	85
289	67
290	79
291	69
292	85
293	62
294	79
295	65
296	51
297	66
298	42
299	68
300	70
301	76
302	70
303	73
304	57
305	79
306	68
307	76
308	55
309	75
310	65
311	75
312	62
313	66
314	60
315	57
316	62
317	68
318	66
319	61
320	57
321	71
322	58
323	64
324	70
325	94
326	63
327	54
328	64
329	74
330	71
331	67
332	60
333	82
334	67
335	70
336	74
337	82
338	70
339	78
340	72
341	65
342	69
343	71
344	61
345	90
346	67
347	81
348	78
349	62
350	55
351	71
352	76
353	58
354	83
355	57
356	74
357	85
358	79
359	90
360	82
361	68
362	80
363	85
364	72
365	65
366	75
367	89
368	78
369	80
370	79
371	86
372	87
373	58
374	92
375	73
376	80
377	60
378	80
379	82
380	74
381	78
382	80
383	98
384	83
385	115
386	68
387	79
388	83
389	84
390	81
391	73
392	97
393	82
394	72
395	92
396	81
397	90
398	77
399	101
400	87
401	80
402	65
403	103
404	72
405	84
406	57
407	80
408	89
409	79
410	74
411	96
412	81
413	70
414	73
415	81
416	79
417	79
418	86
419	88
420	60
421	82
422	67
423	86
424	83
425	97
426	89
427	87
428	90
429	82
430	85
431	82
432	104
433	98
434	89
435	93
436	83
437	87
438	97
439	88
440	80
441	78
442	72
443	96
444	75
445	68
446	98
447	107
448	98
449	88
450	90
451	107
452	101
453	97
454	92
455	84
456	72
457	97
458	83
459	91
460	86
461	86
462	85
463	116
464	97
465	84
466	89
467	95
468	81
469	91
470	94
471	97
472	100
473	78
474	82
475	80
476	83
477	81
478	99
479	80
480	90
481	81
482	79
483	94
484	83
485	75
486	91
487	87
488	96
489	89
490	88
491	98
492	73
493	97
494	89
495	101
496	85
497	71
498	86
499	91
500	84
501	78
502	87
503	73
504	79
505	86
506	83
507	83
508	91
509	93
510	71
511	87
512	87
513	87
514	80
515	95
516	97
517	92
518	92
519	88
520	74
521	91
522	75
523	107
524	97
525	72
526	78
527	77
528	89
529	82
530	87
531	93
532	82
533	86
534	106
535	91
536	75
537	85
538	68
539	80
540	84
541	81
542	92
543	87
544	77
545	85
546	91
547	87
548	107
549	68
550	85
551	97
552	88
553	72
554	95
555	91
556	74
557	96
558	91
559	93
560	94
561	89
562	97
563	100
564	86
565	86
566	89
567	80
568	98
569	96
570	66
571	84
572	86
573	79
574	82
575	104
576	90
577	84
578	89
579	114
580	83
581	94
582	88
583	93
584	87
585	104
586	81
587	99
588	87
589	99
590	86
591	94
592	106
593	90
594	94
595	98
596	83
597	105
598	104
599	91
600	83
601	120
602	78
603	106
604	97
605	87
606	89
607	106
608	107
609	105
610	120
611	101
612	111
613	88
614	96
615	97
616	90
617	92
618	96
619	110
620	84
621	105
622	102
623	92
624	94
625	114
626	113
627	90
628	105
629	86
630	87
631	105
632	116
633	107
634	109
635	101
636	105
637	96
638	109
639	116
640	103
641	106
642	107
643	103
644	106
645	80
646	94
647	99
648	105
649	93
650	105
651	119
652	95
653	105
654	114
655	101
656	111
657	114
658	105
659	106
660	102
661	114
662	105
663	101
664	111
665	129
666	109
667	110
668	128
669	115
670	118
671	107
672	101
673	125
674	123
675	122
676	101
677	109
678	99
679	123
680	121
681	118
682	100
683	126
684	119
685	112
686	119
687	101
688	120
689	89
690	114
691	120
692	94
693	105
694	126
695	120
696	127
697	115
698	117
699	134
700	118
701	111
702	125
703	126
704	134
705	133
706	112
707	103
708	120
709	125
710	125
711	127
712	127
713	128
714	144
715	123
716	133
717	116
718	109
719	126
720	138
721	111
722	103
723	121
724	121
725	116
726	142
727	121
728	133
729	168
730	121
731	142
732	144
733	124
734	130
735	137
736	97
737	128
738	120
739	132
740	124
741	130
742	123
743	133
744	121
745	117
746	128
747	109
748	117
749	132
750	116
751	135
752	134
753	133
754	110
755	132
756	126
757	132
758	108
759	119
760	124
761	134
762	134
763	128
764	126
765	148
766	124
767	122
768	126
769	142
770	139
771	134
772	125
773	126
774	126
775	169
776	124
777	133
778	131
779	125
780	133
781	123
782	137
783	130
784	133
785	128
786	128
787	147
788	157
789	127
790	130
791	127
792	134
793	134
794	125
795	134
796	128
797	130
798	140
799	124
800	141
801	117
802	134
803	136
804	124
805	112
806	121
807	128
808	124
809	124
810	142
811	128
812	139
813	128
814	128
815	126
816	135
817	126
818	145
819	130
820	127
821	137
822	109
823	116
824	133
825	121
826	129
827	139
828	104
829	123
830	128
831	128
832	120
833	127
834	142
835	134
836	130
837	140
838	114
839	104
840	102
841	144
842	153
843	118
844	130
845	119
846	115
847	135
848	131
849	124
850	124
851	108
852	109
853	114
854	144
855	117
856	124
857	126
858	123
859	131
860	115
861	128
862	123
863	125
864	127
865	130
866	115
867	103
868	123
869	120
870	124
871	134
872	99
873	114
874	115
875	120
876	122
877	116
878	111
879	115
880	116
881	111
882	93
883	104
884	121
885	118
886	117
887	148
888	125
889	117
890	107
891	110
892	122
893	135
894	108
895	90
896	115
897	117
898	110
899	125
900	110
901	112
902	126
903	106
904	114
905	145
906	118
907	103
908	101
909	127
910	115
911	111
912	112
913	99
914	104
915	115
916	120
917	113
918	127
919	104
920	124
921	109
922	120
923	118
924	121
925	103
926	120
927	113
928	120
929	130
930	109
931	108
932	95
933	103
934	113
935	114
936	107
937	123
938	97
939	102
940	121
941	98
942	101
943	129
944	113
945	96
946	133
947	129
948	124
949	110
950	122
951	87
952	103
953	103
954	110
955	93
956	108
957	95
958	112
959	115
960	106
961	110
962	111
963	101
964	114
965	101
966	96
967	112
968	100
969	114
970	101
971	102
972	90
973	93
974	111
975	103
976	94
977	99
978	117
979	92
980	85
981	93
982	103
983	87
984	97
985	108
986	122
987	85
988	124
989	101
990	78
991	92
992	80
993	108
994	95
995	101
996	95
997	101
998	99
999	97
1000	89
1001	115
1002	95
1003	90
1004	97
1005	103
1006	89
1007	102
1008	95
1009	87
1010	95
1011	112
1012	92
1013	87
1014	92
1015	98
1016	98
1017	108
1018	73
1019	94
1020	103
1021	95
1022	82
1023	99
1024	107
1025	93
1026	88
1027	92
1028	104
1029	93
1030	98
1031	100
1032	104
1033	113
1034	100
1035	97
1036	85
1037	95
1038	95
1039	106
1040	87
1041	100
1042	85
1043	82
1044	88
1045	84
1046	106
1047	96
1048	99
1049	91
1050	96
1051	81
1052	102
1053	99
1054	120
1055	83
1056	89
1057	83
1058	93
1059	85
1060	84
1061	102
1062	95
1063	75
1064	88
1065	91
1066	89
1067	96
1068	84
1069	92
1070	78
1071	90
1072	74
1073	78
1074	83
1075	91
1076	91
1077	72
1078	81
1079	92
1080	88
1081	77
1082	127
1083	100
1084	85
1085	65
1086	88
1087	86
1088	84
1089	86
1090	90
1091	69
1092	91
1093	97
1094	83
1095	83
1096	97
1097	101
1098	73
1099	92
1100	80
1101	80
1102	82
1103	93
1104	101
1105	76
1106	84
1107	93
1108	78
1109	96
1110	73
1111	80
1112	74
1113	93
1114	90
1115	102
1116	93
1117	87
1118	86
1119	79
1120	92
1121	74
1122	78
1123	74
1124	75
1125	78
1126	71
1127	87
1128	93
1129	87
1130	98
1131	80
1132	81
1133	93
1134	90
1135	85
1136	85
1137	87
1138	93
1139	97
1140	83
1141	84
1142	96
1143	68
1144	96
1145	93
1146	88
1147	84
1148	106
1149	76
1150	74
1151	94
1152	88
1153	90
1154	95
1155	87
1156	96
1157	88
1158	89
1159	88
1160	111
1161	71
1162	94
1163	91
1164	101
1165	101
1166	86
1167	84
1168	88
1169	73
1170	83
1171	106
1172	89
1173	75
1174	84
1175	88
1176	88
1177	72
1178	95
1179	99
1180	95
1181	111
1182	79
1183	81
1184	92
1185	89
1186	86
1187	82
1188	93
1189	92
1190	88
1191	88
1192	94
1193	73
1194	89
1195	93
1196	96
1197	85
1198	113
1199	72
1200	91
1201	92
1202	87
1203	80
1204	112
1205	87
1206	87
1207	109
1208	93
1209	93
1210	89
1211	103
1212	83
1213	102
1214	94
1215	108
1216	79
1217	94
1218	94
1219	90
1220	81
1221	93
1222	88
1223	92
1224	91
1225	96
1226	98
1227	84
1228	93
1229	119
1230	108
1231	102
1232	92
1233	105
1234	84
1235	106
1236	114
1237	110
1238	76
1239	89
1240	110
1241	96
1242	86
1243	107
1244	97
1245	90
1246	99
1247	91
1248	96
1249	113
1250	96
1251	114
1252	83
1253	110
1254	98
1255	106
1256	113
1257	104
1258	112
1259	99
1260	108
1261	101
1262	96
1263	94
1264	107
1265	110
1266	116
1267	112
1268	113
1269	108
1270	115
1271	122
1272	82
1273	104
1274	113
1275	96
1276	125
1277	115
1278	111
1279	104
1280	123
1281	145
1282	114
1283	95
1284	123
1285	128
1286	119
1287	122
1288	107
1289	126
1290	119
1291	111
1292	112
1293	111
1294	116
1295	114
1296	133
1297	105
1298	138
1299	97
1300	123
1301	142
1302	140
1303	125
1304	121
1305	131
1306	118
1307	130
1308	124
1309	115
1310	98
1311	124
1312	123
1313	123
1314	122
1315	144
1316	141
1317	129
1318	109
1319	137
1320	122
1321	126
1322	147
1323	130
1324	142
1325	131
1326	132
1327	143
1328	144
1329	148
1330	116
1331	158
1332	155
1333	156
1334	170
1335	135
1336	146
1337	141
1338	148
1339	131
1340	141
1341	152
1342	174
1343	171
1344	163
1345	146
1346	159
1347	153
1348	161
1349	160
1350	144
1351	152
1352	159
1353	155
1354	156
1355	154
1356	180
1357	156
1358	159
1359	158
1360	180
1361	181
1362	168
1363	194
1364	165
1365	181
1366	167
1367	170
1368	178
1369	162
1370	148
1371	161
1372	169
1373	180
1374	167
1375	184
1376	191
1377	187
1378	195
1379	191
1380	164
1381	193
1382	184
1383	193
1384	188
1385	194
1386	184
1387	208
1388	195
1389	206
1390	170
1391	192
1392	188
1393	208
1394	192
1395	216
1396	213
1397	229
1398	215
1399	197
1400	193
1401	205
1402	206
1403	196
1404	194
1405	208
1406	234
1407	231
1408	174
1409	234
1410	196
1411	249
1412	217
1413	222
1414	195
1415	204
1416	223
1417	213
1418	211
1419	197
1420	216
1421	245
1422	257
1423	244
1424	251
1425	215
1426	220
1427	233
1428	241
1429	230
1430	223
1431	217
1432	226
1433	211
1434	235
1435	245
1436	247
1437	227
1438	262
1439	260
1440	256
1441	257
1442	239
1443	237
1444	272
1445	256
1446	249
1447	240
1448	290
1449	279
1450	282
1451	272
1452	233
1453	259
1454	260
1455	247
1456	248
1457	262
1458	249
1459	266
1460	249
1461	253
1462	244
1463	286
1464	282
1465	249
1466	239
1467	288
1468	279
1469	259
1470	239
1471	287
1472	281
1473	271
1474	299
1475	289
1476	260
1477	299
1478	280
1479	272
1480	248
1481	279
1482	281
1483	259
1484	298
1485	282
1486	256
1487	290
1488	300
1489	286
1490	305
1491	292
1492	280
1493	295
1494	306
1495	296
1496	304
1497	288
1498	332
1499	309
1500	313
1501	303
1502	338
1503	304
1504	326
1505	304
1506	303
1507	308
1508	290
1509	285
1510	302
1511	317
1512	295
1513	297
1514	328
1515	330
1516	298
1517	306
1518	320
1519	310
1520	323
1521	330
1522	286
1523	309
1524	319
1525	318
1526	332
1527	328
1528	323
1529	317
1530	350
1531	318
1532	313
1533	336
1534	319
1535	312
1536	298
1537	314
1538	316
1539	330
1540	328
1541	324
1542	281
1543	326
1544	314
1545	309
1546	335
1547	310
1548	331
1549	281
1550	310
1551	332
1552	308
1553	311
1554	367
1555	329
1556	285
1557	330
1558	327
1559	310
1560	311
1561	332
1562	309
1563	323
1564	339
1565	334
1566	309
1567	336
1568	320
1569	342
1570	349
1571	318
1572	330
1573	345
1574	346
1575	351
1576	326
1577	317
1578	306
1579	309
1580	297
1581	302
1582	328
1583	360
1584	327
1585	324
1586	351
1587	316
1588	345
1589	335
1590	341
1591	343
1592	340
1593	303
1594	313
1595	343
1596	341
1597	336
1598	328
1599	349
1600	341
1601	324
1602	311
1603	330
1604	303
1605	310
1606	335
1607	351
1608	314
1609	286
1610	328
1611	336
1612	347
1613	308
1614	339
1615	362
1616	275
1617	315
1618	342
1619	323
1620	288
1621	316
1622	317
1623	344
1624	308
1625	350
1626	319
1627	324
1628	311
1629	333
1630	329
1631	306
1632	335
1633	296
1634	311
1635	340
1636	321
1637	300
1638	326
1639	318
1640	294
1641	335
1642	306
1643	321
1644	322
1645	272
1646	318
1647	307
1648	290
1649	336
1650	308
1651	282
1652	288
1653	306
1654	248
1655	320
1656	278
1657	286
1658	302
1659	343
1660	304
1661	288
1662	276
1663	347
1664	288
1665	268
1666	295
1667	297
1668	288
1669	264
1670	288
1671	304
1672	283
1673	288
1674	277
1675	295
1676	300
1677	283
1678	290
1679	283
1680	287
1681	288
1682	279
1683	297
1684	297
1685	291
1686	316
1687	276
1688	266
1689	263
1690	279
1691	242
1692	272
1693	290
1694	256
1695	261
1696	254
1697	236
1698	257
1699	251
1700	254
1701	287
1702	269
1703	241
1704	259
1705	255
1706	263
1707	252
1708	263
1709	263
1710	256
1711	271
1712	262
1713	255
1714	257
1715	285
1716	253
1717	249
1718	269
1719	264
1720	282
1721	262
1722	218
1723	240
1724	252
1725	228
1726	232
1727	229
1728	233
1729	224
1730	242
1731	211
1732	218
1733	235
1734	231
1735	227
1736	222
1737	261
1738	218
1739	188
1740	235
1741	227
1742	240
1743	189
1744	228
1745	218
1746	232
1747	233
1748	234
1749	184
1750	199
1751	218
1752	217
1753	230
1754	200
1755	185
1756	223
1757	197
1758	164
1759	199
1760	197
1761	188
1762	205
1763	180
1764	197
1765	192
1766	198
1767	222
1768	176
1769	187
1770	191
1771	217
1772	173
1773	205
1774	183
1775	180
1776	182
1777	207
1778	179
1779	175
1780	147
1781	179
1782	174
1783	175
1784	179
1785	156
1786	173
1787	179
1788	175
1789	168
1790	175
1791	184
1792	170
1793	163
1794	169
1795	145
1796	157
1797	152
1798	160
1799	163
1800	160
1801	136
1802	156
1803	142
1804	165
1805	157
1806	165
1807	141
1808	164
1809	153
1810	153
1811	152
1812	171
1813	146
1814	127
1815	154
1816	138
1817	147
1818	149
1819	138
1820	116
1821	141
1822	139
1823	135
1824	126
1825	144
1826	127
1827	147
1828	122
1829	124
1830	113
1831	135
1832	127
1833	125
1834	126
1835	117
1836	125
1837	113
1838	131
1839	124
1840	123
1841	108
1842	133
1843	115
1844	107
1845	127
1846	129
1847	139
1848	99
1849	93
1850	123
1851	105
1852	103
1853	103
1854	107
1855	106
1856	106
1857	105
1858	103
1859	103
1860	100
1861	113
1862	104
1863	95
1864	111
1865	115
1866	93
1867	102
1868	68
1869	106
1870	91
1871	97
1872	95
1873	92
1874	86
1875	95
1876	88
1877	81
1878	66
1879	76
1880	77
1881	98
1882	95
1883	70
1884	87
1885	71
1886	96
1887	78
1888	76
1889	75
1890	87
1891	77
1892	60
1893	76
1894	81
1895	72
1896	79
1897	69
1898	79
1899	81
1900	62
1901	71
1902	73
1903	74
1904	78
1905	74
1906	74
1907	62
1908	63
1909	75
1910	79
1911	58
1912	78
1913	68
1914	71
1915	75
1916	80
1917	76
1918	67
1919	59
1920	79
1921	70
1922	72
1923	62
1924	73
1925	58
1926	58
1927	63
1928	48
1929	79
1930	64
1931	61
1932	65
1933	55
1934	59
1935	63
1936	50
1937	59
1938	58
1939	40
1940	54
1941	63
1942	54
1943	47
1944	50
1945	58
1946	63
1947	39
1948	46
1949	56
1950	44
1951	51
1952	56
1953	70
1954	46
1955	53
1956	52
1957	40
1958	44
1959	37
1960	38
1961	34
1962	60
1963	40
1964	47
1965	39
1966	53
1967	44
1968	43
1969	49
1970	31
1971	42
1972	33
1973	30
1974	39
1975	51
1976	42
1977	30
1978	42
1979	44
1980	35
1981	32
1982	34
1983	32
1984	38
1985	34
1986	29
1987	32
1988	36
1989	39
1990	30
1991	22
1992	29
1993	39
1994	27
1995	38
1996	41
1997	28
1998	31
1999	40
2000	34
2001	36
2002	33
2003	32
2004	27
2005	26
2006	22
2007	31
2008	31
2009	26
2010	29
2011	31
2012	25
2013	36
2014	30
2015	30
2016	38
2017	31
2018	28
2019	32
2020	23
2021	29
2022	23
2023	28
2024	28
2025	29
2026	26
2027	29
2028	25
2029	32
2030	21
2031	28
2032	36
2033	29
2034	27
2035	25
2036	29
2037	26
2038	11
2039	22
2040	22
2041	26
2042	20
2043	22
2044	23
2045	28
2046	16
2047	27
2048	27
2049	22
2050	28
2051	22
2052	24
2053	18
2054	19
2055	27
2056	30
2057	27
2058	24
2059	28
2060	21
2061	25
2062	28
2063	24
2064	22
2065	31
2066	23
2067	22
2068	17
2069	23
2070	23
2071	22
2072	13
2073	13
2074	23
2075	21
2076	23
2077	22
2078	18
2079	20
2080	20
2081	20
2082	19
2083	19
2084	12
2085	21
2086	8
2087	22
2088	25
2089	17
2090	17
2091	16
2092	19
2093	26
2094	19
2095	14
2096	18
2097	21
2098	24
2099	16
2100	13
2101	21
2102	15
2103	21
2104	13
2105	19
2106	19
2107	13
2108	15
2109	21
2110	10
2111	23
2112	18
2113	13
2114	9
2115	14
2116	12
2117	20
2118	19
2119	21
2120	12
2121	16
2122	12
2123	16
2124	12
2125	14
2126	16
2127	17
2128	26
2129	22
2130	13
2131	15
2132	13
2133	15
2134	22
2135	20
2136	14
2137	15
2138	19
2139	18
2140	15
2141	14
2142	17
2143	17
2144	11
2145	20
2146	13
2147	12
2148	18
2149	17
2150	15
2151	20
2152	11
2153	19
2154	11
2155	21
2156	6
2157	10
2158	12
2159	14
2160	22
2161	21
2162	14
2163	14
2164	16
2165	10
2166	19
2167	12
2168	23
2169	8
2170	21
2171	17
2172	16
2173	12
2174	17
2175	16
2176	12
2177	18
2178	12
2179	13
2180	9
2181	12
2182	18
2183	18
2184	21
2185	22
2186	22
2187	9
2188	16
2189	15
2190	17
2191	16
2192	15
2193	13
2194	13
2195	15
2196	14
2197	12
2198	11
2199	16
2200	11
2201	15
2202	7
2203	11
2204	14
2205	20
2206	19
2207	14
2208	18
2209	8
2210	8
2211	17
2212	19
2213	14
2214	14
2215	14
2216	17
2217	10
2218	7
2219	18
2220	20
2221	17
2222	6
2223	13
2224	12
2225	14
2226	18
2227	20
2228	17
2229	12
2230	24
2231	15
2232	6
2233	7
2234	11
2235	14
2236	10
2237	9
2238	6
2239	12
2240	21
2241	14
2242	17
2243	17
2244	18
2245	7
2246	18
2247	7
2248	16
2249	15
2250	12
2251	8
2252	8
2253	8
2254	12
2255	11
2256	11
2257	18
2258	9
2259	9
2260	12
2261	8
2262	16
2263	15
2264	16
2265	13
2266	9
2267	10
2268	16
2269	11
2270	8
2271	17
2272	15
2273	7
2274	12
2275	7
2276	15
2277	15
2278	10
2279	12
2280	12
2281	13
2282	14
2283	15
2284	10
2285	15
2286	20
2287	12
2288	13
2289	18
2290	8
2291	11
2292	14
2293	10
2294	11
2295	20
2296	14
2297	12
2298	19
2299	16
2300	15
2301	11
2302	9
2303	11
2304	12
2305	15
2306	15
2307	15
2308	10
2309	12
2310	14
2311	12
2312	9
2313	8
2314	14
2315	13
2316	14
2317	15
2318	14
2319	13
2320	10
2321	5
2322	14
2323	11
2324	7
2325	8
2326	8
2327	11
2328	14
2329	14
2330	20
2331	7
2332	12
2333	18
2334	10
2335	18
2336	9
2337	6
2338	19
2339	14
2340	13
2341	9
2342	9
2343	11
2344	18
2345	14
2346	16
2347	18
2348	10
2349	13
2350	16
2351	8
2352	14
2353	15
2354	13
2355	9
2356	10
2357	12
2358	16
2359	17
2360	17
2361	14
2362	7
2363	9
2364	11
2365	10
2366	18
2367	9
2368	16
2369	15
2370	4
2371	11
2372	8
2373	10
2374	19
2375	11
2376	14
2377	13
2378	17
2379	12
2380	8
2381	16
2382	12
2383	10
2384	14
2385	3
2386	15
2387	14
2388	13
2389	12
2390	14
2391	15
2392	9
2393	6
2394	15
2395	6
2396	12
2397	12
2398	15
2399	9
2400	12
2401	6
2402	12
2403	12
2404	12
2405	10
2406	15
2407	10
2408	11
2409	15
2410	10
2411	8
2412	3
2413	10
2414	14
2415	12
2416	8
2417	12
2418	13
2419	18
2420	10
2421	12
2422	14
2423	10
2424	8
2425	11
2426	14
2427	16
2428	13
2429	11
2430	9
2431	10
2432	9
2433	15
2434	9
2435	11
2436	11
2437	13
2438	14
2439	11
2440	9
2441	19
2442	13
2443	11
2444	15
2445	15
2446	11
2447	14
2448	6
2449	18
2450	12
2451	9
2452	8
2453	14
2454	6
2455	14
2456	5
2457	9
2458	20
2459	13
2460	12
2461	7
2462	12
2463	15
2464	9
2465	6
2466	17
2467	10
2468	11
2469	13
2470	16
2471	13
2472	6
2473	9
2474	13
2475	10
2476	16
2477	10
2478	13
2479	11
2480	13
2481	12
2482	18
2483	13
2484	6
2485	18
2486	12
2487	13
2488	17
2489	10
2490	8
2491	8
2492	8
2493	7
2494	9
2495	14
2496	9
2497	11
2498	15
2499	11
2500	12
2501	15
2502	8
2503	8
2504	9
2505	13
2506	14
2507	9
2508	13
2509	5
2510	13
2511	17
2512	8
2513	8
2514	11
2515	11
2516	15
2517	10
2518	9
2519	16
2520	11
2521	13
2522	15
2523	15
2524	8
2525	11
2526	8
2527	10
2528	16
2529	12
2530	9
2531	14
2532	10
2533	10
2534	11
2535	14
2536	14
2537	7
2538	10
2539	18
2540	11
2541	5
2542	6
2543	10
2544	16
2545	8
2546	9
2547	15
2548	9
2549	7
2550	12
2551	14
2552	17
2553	10
2554	10
2555	13
2556	13
2557	19
2558	14
2559	14
2560	3
2561	6
2562	13
2563	11
2564	8
2565	15
2566	9
2567	9
2568	9
2569	11
2570	12
2571	13
2572	13
2573	13
2574	7
2575	14
2576	8
2577	9
2578	8
2579	13
2580	5
2581	9
2582	14
2583	13
2584	9
2585	11
2586	7
2587	16
2588	12
2589	13
2590	5
2591	9
2592	15
2593	8
2594	12
2595	12
2596	13
2597	13
2598	8
2599	12
2600	13
2601	16
2602	16
2603	9
2604	10
2605	12
2606	17
2607	12
2608	11
2609	14
2610	11
2611	12
2612	12
2613	10
2614	11
2615	19
2616	9
2617	11
2618	13
2619	12
2620	11
2621	11
2622	16
2623	11
2624	14
2625	17
2626	12
2627	4
2628	8
2629	12
2630	8
2631	9
2632	3
2633	13
2634	12
2635	14
2636	14
2637	14
2638	15
2639	8
2640	17
2641	11
2642	9
2643	13
2644	17
2645	8
2646	11
2647	12
2648	13
2649	6
2650	16
2651	7
2652	11
2653	4
2654	10
2655	9
2656	5
2657	6
2658	9
2659	12
2660	5
2661	8
2662	10
2663	8
2664	10
2665	13
2666	11
2667	11
2668	9
2669	13
2670	11
2671	9
2672	14
2673	7
2674	10
2675	11
2676	5
2677	8
2678	7
2679	5
2680	8
2681	10
2682	9
2683	14
2684	11
2685	19
2686	13
2687	14
2688	10
2689	9
2690	10
2691	11
2692	11
2693	12
2694	9
2695	14
2696	9
2697	12
2698	13
2699	9
2700	11
2701	12
2702	9
2703	10
2704	9
2705	9
2706	14
2707	7
2708	9
2709	10
2710	10
2711	13
2712	13
2713	7
2714	7
2715	8
2716	21
2717	10
2718	6
2719	7
2720	7
2721	12
2722	3
2723	11
2724	9
2725	4
2726	6
2727	11
2728	12
2729	9
2730	11
2731	11
2732	12
2733	9
2734	9
2735	10
2736	23
2737	11
2738	19
2739	12
2740	7
2741	7
2742	8
2743	12
2744	11
2745	10
2746	3
2747	15
2748	7
2749	10
2750	8
2751	10
2752	6
2753	9
2754	7
2755	7
2756	6
2757	11
2758	10
2759	10
2760	17
2761	5
2762	8
2763	9
2764	9
2765	10
2766	7
2767	14
2768	12
2769	7
2770	7
2771	10
2772	12
2773	13
2774	5
2775	6
2776	10
2777	8
2778	10
2779	6
2780	10
2781	11
2782	6
2783	12
2784	9
2785	8
2786	13
2787	8
2788	15
2789	5
2790	5
2791	10
2792	7
2793	9
2794	11
2795	9
2796	11
2797	9
2798	6
2799	9
2800	17
2801	10
2802	7
2803	11
2804	6
2805	6
2806	8
2807	9
2808	9
2809	13
2810	7
2811	12
2812	7
2813	5
2814	7
2815	5
2816	10
2817	10
2818	6
2819	16
2820	9
2821	6
2822	6
2823	10
2824	10
2825	13
2826	15
2827	6
2828	9
2829	9
2830	6
2831	11
2832	11
2833	5
2834	7
2835	6
2836	5
2837	8
2838	12
2839	5
2840	9
2841	5
2842	7
2843	6
2844	10
2845	6
2846	11
2847	6
2848	5
2849	12
2850	12
2851	9
2852	8
2853	7
2854	6
2855	6
2856	5
2857	6
2858	5
2859	8
2860	7
2861	10
2862	10
2863	6
2864	5
2865	5
2866	4
2867	8
2868	6
2869	8
2870	9
2871	6
2872	10
2873	8
2874	10
2875	8
2876	8
2877	6
2878	5
2879	11
2880	9
2881	6
2882	10
2883	7
2884	4
2885	9
2886	7
2887	3
2888	5
2889	10
2890	14
2891	9
2892	6
2893	6
2894	7
2895	7
2896	10
2897	8
2898	8
2899	10
2900	4
2901	3
2902	9
2903	4
2904	10
2905	10
2906	9
2907	5
2908	10
2909	7
2910	9
2911	7
2912	10
2913	9
2914	5
2915	4
2916	6
2917	8
2918	4
2919	9
2920	6
2921	3
2922	5
2923	10
2924	10
2925	1
2926	8
2927	8
2928	10
2929	7
2930	10
2931	12
2932	8
2933	8
2934	7
2935	8
2936	8
2937	4
2938	2
2939	8
2940	9
2941	8
2942	5
2943	7
2944	15
2945	8
2946	6
2947	5
2948	9
2949	6
2950	6
2951	11
2952	7
2953	12
2954	4
2955	9
2956	5
2957	5
2958	7
2959	6
2960	5
2961	8
2962	5
2963	6
2964	5
2965	3
2966	12
2967	14
2968	7
2969	3
2970	5
2971	8
2972	9
2973	13
2974	9
2975	13
2976	7
2977	10
2978	12
2979	7
2980	9
2981	5
2982	9
2983	8
2984	6
2985	5
2986	8
2987	6
2988	4
2989	8
2990	4
2991	6
2992	8
2993	3
2994	9
2995	8
2996	2
2997	6
2998	8
2999	6
3000	5
3001	8
3002	10
3003	7
3004	5
3005	10
3006	6
3007	3
3008	14
3009	8
3010	12
3011	4
3012	9
3013	8
3014	8
3015	8
3016	7
3017	7
3018	2
3019	5
3020	8
3021	8
3022	3
3023	10
3024	6
3025	4
3026	6
3027	7
3028	2
3029	10
3030	5
3031	5
3032	8
3033	8
3034	8
3035	4
3036	8
3037	5
3038	8
3039	9
3040	6
3041	8
3042	4
3043	7
3044	9
3045	9
3046	6
3047	6
3048	8
3049	6
3050	7
3051	5
3052	11
3053	7
3054	11
3055	7
3056	5
3057	8
3058	6
3059	9
3060	7
3061	8
3062	6
3063	5
3064	11
3065	11
3066	7
3067	9
3068	8
3069	8
3070	7
3071	6
3072	5
3073	9
3074	9
3075	5
3076	7
3077	4
3078	8
3079	9
3080	5
3081	2
3082	5
3083	8
3084	6
3085	4
3086	4
3087	7
3088	10
3089	4
3090	7
3091	8
3092	10
3093	11
3094	9
3095	8
3096	10
3097	7
3098	5
3099	8
3100	5
3101	6
3102	4
3103	12
3104	6
3105	7
3106	6
3107	6
3108	6
3109	6
3110	8
3111	5
3112	8
3113	2
3114	11
3115	11
3116	7
3117	8
3118	5
3119	4
3120	8
3121	7
3122	7
3123	4
3124	5
3125	3
3126	11
3127	6
3128	7
3129	4
3130	11
3131	9
3132	4
3133	11
3134	8
3135	7
3136	3
3137	8
3138	4
3139	13
3140	3
3141	8
3142	6
3143	6
3144	7
3145	5
3146	3
3147	13
3148	11
3149	7
3150	5
3151	7
3152	8
3153	5
3154	2
3155	2
3156	5
3157	6
3158	3
3159	4
3160	6
3161	7
3162	9
3163	6
3164	7
3165	6
3166	3
3167	6
3168	13
3169	5
3170	4
3171	4
3172	8
3173	9
3174	10
3175	7
3176	7
3177	3
3178	3
3179	5
3180	9
3181	5
3182	7
3183	8
3184	1
3185	5
3186	7
3187	5
3188	6
3189	6
3190	3
3191	7
3192	4
3193	6
3194	4
3195	8
3196	1
3197	5
3198	1
3199	10
3200	10
3201	6
3202	9
3203	7
3204	6
3205	9
3206	8
3207	9
3208	10
3209	4
3210	7
3211	7
3212	7
3213	6
3214	0
3215	2
3216	9
3217	5
3218	3
3219	7
3220	5
3221	7
3222	9
3223	5
3224	7
3225	6
3226	10
3227	6
3228	9
3229	13
3230	4
3231	7
3232	3
3233	6
3234	7
3235	7
3236	4
3237	4
3238	10
3239	8
3240	7
3241	5
3242	9
3243	4
3244	6
3245	5
3246	8
3247	7
3248	5
3249	5
3250	7
3251	3
3252	5
3253	9
3254	7
3255	1
3256	3
3257	5
3258	9
3259	3
3260	11
3261	3
3262	9
3263	6
3264	8
3265	7
3266	5
3267	6
3268	6
3269	5
3270	4
3271	3
3272	10
3273	7
3274	5
3275	7
3276	8
3277	4
3278	6
3279	3
3280	2
3281	5
3282	7
3283	6
3284	4
3285	6
3286	4
3287	5
3288	8
3289	3
3290	5
3291	4
3292	4
3293	10
3294	3
3295	6
3296	11
3297	4
3298	7
3299	7
3300	5
3301	4
3302	6
3303	2
3304	6
3305	7
3306	8
3307	5
3308	1
3309	1
3310	6
3311	4
3312	10
3313	9
3314	5
3315	6
3316	10
3317	6
3318	4
3319	5
3320	3
3321	5
3322	3
3323	5
3324	4
3325	3
3326	3
3327	6
3328	3
3329	1
3330	3
3331	8
3332	8
3333	9
3334	8
3335	9
3336	5
3337	5
3338	3
3339	4
3340	7
3341	4
3342	6
3343	3
3344	10
3345	4
3346	3
3347	4
3348	11
3349	2
3350	5
3351	8
3352	6
3353	8
3354	8
3355	3
3356	4
3357	5
3358	7
3359	6
3360	6
3361	4
3362	9
3363	5
3364	5
3365	4
3366	5
3367	6
3368	10
3369	7
3370	3
3371	2
3372	6
3373	7
3374	5
3375	5
3376	7
3377	1
3378	9
3379	7
3380	5
3381	5
3382	13
3383	9
3384	5
3385	3
3386	5
3387	8
3388	3
3389	3
3390	10
3391	4
3392	1
3393	9
3394	4
3395	5
3396	2
3397	7
3398	6
3399	5
3400	2
3401	7
3402	8
3403	9
3404	4
3405	9
3406	3
3407	4
3408	11
3409	6
3410	4
3411	7
3412	6
3413	6
3414	5
3415	5
3416	6
3417	6
3418	3
3419	3
3420	5
3421	3
3422	4
3423	4
3424	4
3425	6
3426	5
3427	5
3428	1
3429	2
3430	6
3431	5
3432	4
3433	4
3434	4
3435	3
3436	4
3437	7
3438	9
3439	3
3440	2
3441	4
3442	3
3443	5
3444	1
3445	5
3446	0
3447	2
3448	7
3449	5
3450	5
3451	6
3452	6
3453	9
3454	2
3455	6
3456	8
3457	5
3458	7
3459	6
3460	5
3461	3
3462	5
3463	9
3464	3
3465	4
3466	5
3467	3
3468	6
3469	1
3470	4
3471	1
3472	5
3473	4
3474	3
3475	3
3476	2
3477	2
3478	5
3479	3
3480	3
3481	6
3482	3
3483	4
3484	5
3485	2
3486	6
3487	4
3488	5
3489	4
3490	6
3491	5
3492	2
3493	9
3494	4
3495	2
3496	6
3497	6
3498	4
3499	4
3500	1
3501	2
3502	3
3503	7
3504	3
3505	4
3506	7
3507	4
3508	5
3509	1
3510	7
3511	3
3512	6
3513	4
3514	4
3515	4
3516	0
3517	7
3518	3
3519	3
3520	2
3521	2
3522	5
3523	1
3524	3
3525	9
3526	1
3527	2
3528	5
3529	5
3530	3
3531	4
3532	1
3533	6
3534	2
3535	1
3536	2
3537	1
3538	3
3539	9
3540	7
3541	3
3542	6
3543	2
3544	8
3545	6
3546	5
3547	5
3548	2
3549	5
3550	3
3551	3
3552	0
3553	1
3554	3
3555	6
3556	6
3557	3
3558	1
3559	1
3560	2
3561	3
3562	2
3563	3
3564	2
3565	1
3566	3
3567	2
3568	4
3569	5
3570	2
3571	3
3572	0
3573	4
3574	4
3575	1
3576	2
3577	4
3578	2
3579	2
3580	3
3581	2
3582	4
3583	4
3584	1
3585	1
3586	4
3587	3
3588	3
3589	5
3590	0
3591	3
3592	5
3593	0
3594	4
3595	2
3596	3
3597	6
3598	2
3599	3
3600	0
3601	3
3602	3
3603	5
3604	2
3605	3
3606	5
3607	4
3608	2
3609	2
3610	3
3611	1
3612	2
3613	1
3614	2
3615	3
3616	1
3617	6
3618	6
3619	1
3620	4
3621	4
3622	3
3623	3
3624	3
3625	4
3626	1
3627	3
3628	3
3629	2
3630	3
3631	5
3632	3
3633	1
3634	2
3635	7
3636	1
3637	2
3638	3
3639	3
3640	3
3641	5
3642	0
3643	3
3644	4
3645	1
3646	2
3647	1
3648	3
3649	2
3650	4
3651	3
3652	0
3653	1
3654	1
3655	5
3656	5
3657	4
3658	2
3659	1
3660	1
3661	3
3662	2
3663	5
3664	1
3665	1
3666	3
3667	2
3668	5
3669	2
3670	4
3671	1
3672	0
3673	0
3674	2
3675	3
3676	1
3677	1
3678	1
3679	3
3680	3
3681	3
3682	4
3683	3
3684	0
3685	3
3686	2
3687	2
3688	0
3689	2
3690	2
3691	2
3692	2
3693	3
3694	1
3695	2
3696	1
3697	2
3698	0
3699	1
3700	0
3701	0
3702	1
3703	1
3704	0
3705	1
3706	2
3707	0
3708	3
3709	1
3710	2
3711	1
3712	2
3713	2
3714	1
3715	2
3716	2
3717	0
3718	2
3719	0
3720	0
3721	2
3722	2
3723	1
3724	2
3725	5
3726	0
3727	2
3728	1
3729	2
3730	0
3731	3
3732	1
3733	2
3734	4
3735	2
3736	2
3737	0
3738	1
3739	1
3740	0
3741	1
3742	0
3743	1
3744	0
3745	3
3746	0
3747	0
3748	0
3749	1
3750	1
3751	2
3752	2
3753	2
3754	1
3755	1
3756	2
3757	2
3758	0
3759	1
3760	1
3761	1
3762	1
3763	1
3764	2
3765	1
3766	1
3767	1
3768	1
3769	1
3770	0
3771	2
3772	1
3773	0
3774	1
3775	0
3776	1
3777	3
3778	1
3779	0
3780	2
3781	1
3782	0
3783	4
3784	0
3785	1
3786	0
3787	0
3788	1
3789	0
3790	0
3791	3
3792	0
3793	1
3794	2
3795	1
3796	1
3797	0
3798	0
3799	0
3800	0
3801	2
3802	2
3803	0
3804	2
3805	0
3806	2
3807	1
3808	1
3809	1
3810	2
3811	1
3812	1
3813	2
3814	2
3815	0
3816	1
3817	0
3818	1
3819	3
3820	1
3821	0
3822	3
3823	1
3824	0
3825	0
3826	1
3827	2
3828	0
3829	3
3830	2
3831	0
3832	0
3833	1
3834	1
3835	1
3836	2
3837	2
3838	1
3839	2
3840	1
3841	1
3842	0
3843	0
3844	1
3845	0
3846	1
3847	0
3848	1
3849	2
3850	0
3851	1
3852	3
3853	0
3854	2
3855	0
3856	0
3857	1
3858	0
3859	1
3860	1
3861	2
3862	1
3863	0
3864	1
3865	1
3866	1
3867	0
3868	0
3869	0
3870	1
3871	1
3872	2
3873	0
3874	1
3875	0
3876	2
3877	2
3878	0
3879	0
3880	0
3881	1
3882	1
3883	2
3884	2
3885	1
3886	1
3887	0
3888	0
3889	1
3890	3
3891	1
3892	0
3893	1
3894	1
3895	0
3896	0
3897	2
3898	0
3899	1
3900	1
3901	1
3902	1
3903	0
3904	0
3905	1
3906	0
3907	2
3908	0
3909	1
3910	1
3911	0
3912	1
3913	0
3914	1
3915	1
3916	0
3917	0
3918	0
3919	1
3920	0
3921	0
3922	0
3923	0
3924	0
3925	0
3926	0
3927	0
3928	0
3929	0
3930	2
3931	0
3932	0
3933	2
3934	1
3935	0
3936	2
3937	0
3938	0
3939	1
3940	2
3941	0
3942	0
3943	0
3944	0
3945	0
3946	0
3947	0
3948	1
3949	0
3950	1
3951	0
3952	0
3953	1
3954	1
3955	0
3956	1
3957	0
3958	1
3959	0
3960	1
3961	0
3962	0
3963	0
3964	0
3965	1
3966	1
3967	1
3968	0
3969	1
3970	0
3971	1
3972	2
3973	0
3974	0
3975	2
3976	1
3977	0
3978	3
3979	0
3980	0
3981	1
3982	0
3983	0
3984	0
3985	1
3986	0
3987	2
3988	0
3989	1
3990	0
3991	1
3992	0
3993	1
3994	0
3995	0
3996	0
3997	0
3998	0
3999	0
4000	0
4001	0
4002	0
4003	0
4004	1
4005	1
4006	0
4007	0
4008	2
4009	0
4010	0
4011	0
4012	0
4013	1
4014	2
4015	1
4016	1
4017	0
4018	0
4019	0
4020	0
4021	0
4022	1
4023	0
4024	0
4025	1
4026	0
4027	0
4028	0
4029	0
4030	1
4031	1
4032	0
4033	1
4034	1
4035	2
4036	1
4037	0
4038	1
4039	2
4040	0
4041	0
4042	1
4043	0
4044	1
4045	0
4046	0
4047	0
4048	0
4049	0
4050	0
4051	0
4052	0
4053	0
4054	0
4055	1
4056	0
4057	0
4058	0
4059	0
4060	2
4061	0
4062	1
4063	0
4064	0
4065	0
4066	1
4067	0
4068	0
4069	0
4070	0
4071	0
4072	1
4073	1
4074	1
4075	0
4076	0
4077	1
4078	0
4079	0
4080	0
4081	0
4082	1
4083	0
4084	0
4085	0
4086	0
4087	0
4088	0
4089	0
4090	0
4091	1
4092	0
4093	1
4094	1
4095	1
