0	0
1	0
2	0
3	0
4	0
5	0
6	0
7	0
8	0
9	0
10	0
11	0
12	0
13	0
14	0
15	0
16	0
17	0
18	0
19	0
20	0
21	0
22	0
23	0
24	0
25	0
26	0
27	0
28	0
29	0
30	0
31	1
32	0
33	0
34	0
35	0
36	1
37	0
38	0
39	1
40	0
41	2
42	4
43	0
44	1
45	1
46	0
47	0
48	7
49	1
50	2
51	0
52	3
53	2
54	2
55	6
56	5
57	3
58	6
59	10
60	20
61	123
62	525
63	2109
64	5029
65	6002
66	5514
67	4580
68	3878
69	3322
70	2769
71	2264
72	2031
73	1729
74	1376
75	1230
76	985
77	804
78	697
79	632
80	534
81	443
82	400
83	349
84	324
85	283
86	268
87	241
88	218
89	185
90	217
91	183
92	170
93	176
94	165
95	157
96	153
97	175
98	153
99	132
100	135
101	155
102	143
103	150
104	131
105	147
106	140
107	158
108	120
109	150
110	161
111	150
112	151
113	152
114	167
115	144
116	150
117	135
118	145
119	140
120	150
121	150
122	134
123	134
124	153
125	135
126	146
127	163
128	149
129	138
130	148
131	132
132	150
133	148
134	155
135	154
136	132
137	144
138	151
139	156
140	145
141	128
142	144
143	155
144	132
145	168
146	142
147	158
148	146
149	151
150	164
151	181
152	140
153	138
154	146
155	158
156	127
157	148
158	174
159	155
160	133
161	138
162	131
163	137
164	167
165	138
166	144
167	141
168	167
169	144
170	143
171	147
172	164
173	141
174	156
175	152
176	131
177	156
178	165
179	129
180	143
181	162
182	145
183	164
184	141
185	162
186	161
187	150
188	165
189	178
190	145
191	146
192	147
193	147
194	164
195	168
196	134
197	145
198	162
199	152
200	152
201	158
202	160
203	169
204	152
205	163
206	166
207	166
208	154
209	141
210	170
211	146
212	182
213	178
214	161
215	151
216	152
217	139
218	155
219	150
220	154
221	161
222	173
223	160
224	169
225	152
226	165
227	134
228	147
229	158
230	164
231	176
232	151
233	158
234	146
235	158
236	174
237	170
238	166
239	148
240	147
241	164
242	148
243	166
244	162
245	148
246	162
247	150
248	169
249	142
250	159
251	170
252	147
253	145
254	173
255	133
256	164
257	147
258	169
259	155
260	194
261	175
262	166
263	142
264	162
265	192
266	130
267	150
268	150
269	155
270	161
271	167
272	167
273	169
274	171
275	166
276	184
277	159
278	137
279	161
280	170
281	164
282	153
283	159
284	153
285	150
286	168
287	176
288	182
289	163
290	172
291	138
292	182
293	166
294	181
295	166
296	160
297	164
298	190
299	179
300	187
301	163
302	166
303	155
304	159
305	145
306	187
307	194
308	167
309	183
310	191
311	177
312	177
313	167
314	159
315	188
316	168
317	158
318	148
319	176
320	163
321	177
322	190
323	187
324	160
325	177
326	171
327	184
328	194
329	182
330	199
331	164
332	183
333	173
334	176
335	173
336	170
337	170
338	168
339	185
340	197
341	175
342	149
343	190
344	208
345	186
346	217
347	171
348	173
349	197
350	211
351	181
352	171
353	173
354	157
355	169
356	181
357	201
358	163
359	187
360	181
361	197
362	180
363	200
364	228
365	215
366	171
367	169
368	203
369	197
370	207
371	199
372	189
373	205
374	176
375	208
376	210
377	194
378	227
379	209
380	215
381	206
382	188
383	200
384	245
385	232
386	236
387	209
388	225
389	216
390	205
391	198
392	192
393	193
394	196
395	202
396	206
397	191
398	202
399	241
400	228
401	230
402	207
403	174
404	182
405	210
406	222
407	211
408	190
409	211
410	229
411	206
412	223
413	221
414	218
415	238
416	206
417	238
418	222
419	204
420	219
421	242
422	222
423	222
424	225
425	240
426	211
427	211
428	228
429	229
430	266
431	225
432	244
433	195
434	204
435	220
436	229
437	224
438	220
439	222
440	207
441	224
442	198
443	254
444	231
445	200
446	215
447	232
448	211
449	236
450	243
451	233
452	204
453	219
454	218
455	202
456	215
457	240
458	232
459	251
460	213
461	251
462	217
463	233
464	215
465	204
466	205
467	202
468	227
469	220
470	193
471	200
472	222
473	248
474	209
475	228
476	206
477	212
478	198
479	192
480	239
481	209
482	208
483	220
484	220
485	233
486	232
487	233
488	220
489	241
490	202
491	200
492	218
493	254
494	206
495	201
496	204
497	209
498	202
499	211
500	217
501	207
502	213
503	238
504	228
505	211
506	199
507	194
508	198
509	194
510	234
511	208
512	211
513	199
514	196
515	207
516	217
517	209
518	236
519	228
520	218
521	231
522	185
523	207
524	217
525	212
526	201
527	196
528	204
529	204
530	194
531	199
532	186
533	232
534	215
535	214
536	209
537	214
538	217
539	214
540	227
541	217
542	213
543	215
544	197
545	227
546	190
547	168
548	195
549	216
550	218
551	195
552	222
553	224
554	216
555	184
556	214
557	196
558	194
559	216
560	198
561	208
562	197
563	208
564	210
565	188
566	208
567	189
568	208
569	186
570	209
571	209
572	182
573	199
574	209
575	211
576	205
577	215
578	191
579	207
580	220
581	187
582	210
583	183
584	225
585	211
586	218
587	194
588	224
589	204
590	224
591	213
592	214
593	226
594	225
595	203
596	209
597	217
598	202
599	228
600	193
601	212
602	206
603	217
604	192
605	200
606	235
607	198
608	211
609	215
610	228
611	237
612	203
613	237
614	209
615	187
616	197
617	244
618	206
619	216
620	234
621	242
622	208
623	222
624	203
625	201
626	233
627	205
628	233
629	217
630	203
631	218
632	218
633	240
634	212
635	214
636	197
637	191
638	221
639	216
640	197
641	242
642	218
643	219
644	203
645	228
646	241
647	240
648	231
649	210
650	216
651	236
652	207
653	244
654	236
655	235
656	236
657	228
658	231
659	181
660	239
661	197
662	201
663	246
664	219
665	238
666	220
667	256
668	233
669	226
670	224
671	223
672	250
673	240
674	232
675	223
676	234
677	225
678	222
679	223
680	227
681	236
682	226
683	244
684	231
685	230
686	199
687	251
688	232
689	248
690	221
691	234
692	223
693	220
694	275
695	221
696	237
697	225
698	235
699	235
700	227
701	259
702	222
703	252
704	207
705	227
706	220
707	250
708	230
709	226
710	223
711	251
712	230
713	234
714	223
715	209
716	212
717	251
718	218
719	245
720	249
721	239
722	264
723	256
724	249
725	255
726	263
727	232
728	227
729	255
730	237
731	260
732	219
733	230
734	279
735	234
736	245
737	242
738	249
739	264
740	259
741	233
742	251
743	231
744	250
745	260
746	261
747	236
748	245
749	239
750	217
751	248
752	236
753	246
754	271
755	229
756	223
757	232
758	230
759	248
760	251
761	261
762	230
763	282
764	261
765	227
766	261
767	265
768	250
769	260
770	261
771	248
772	239
773	238
774	224
775	276
776	267
777	275
778	252
779	257
780	275
781	259
782	273
783	271
784	281
785	265
786	259
787	268
788	273
789	230
790	243
791	246
792	292
793	270
794	246
795	252
796	257
797	255
798	244
799	273
800	244
801	245
802	262
803	281
804	275
805	258
806	274
807	256
808	276
809	270
810	277
811	276
812	259
813	278
814	244
815	289
816	245
817	284
818	262
819	251
820	258
821	281
822	268
823	297
824	246
825	258
826	278
827	284
828	276
829	274
830	268
831	292
832	266
833	281
834	247
835	287
836	279
837	253
838	253
839	249
840	287
841	252
842	271
843	258
844	281
845	279
846	289
847	268
848	277
849	268
850	287
851	262
852	291
853	254
854	277
855	275
856	288
857	251
858	294
859	299
860	257
861	281
862	267
863	277
864	248
865	264
866	272
867	257
868	288
869	273
870	260
871	264
872	266
873	258
874	293
875	282
876	275
877	278
878	253
879	295
880	241
881	289
882	277
883	287
884	287
885	293
886	307
887	268
888	284
889	284
890	285
891	285
892	262
893	278
894	250
895	285
896	260
897	285
898	275
899	265
900	264
901	279
902	285
903	271
904	268
905	252
906	284
907	283
908	298
909	255
910	263
911	280
912	279
913	260
914	282
915	291
916	302
917	246
918	273
919	250
920	261
921	280
922	327
923	257
924	273
925	289
926	293
927	281
928	257
929	291
930	282
931	289
932	285
933	292
934	295
935	313
936	267
937	260
938	311
939	287
940	295
941	268
942	282
943	255
944	254
945	248
946	266
947	257
948	272
949	276
950	293
951	291
952	262
953	289
954	263
955	296
956	277
957	289
958	252
959	293
960	268
961	267
962	292
963	261
964	280
965	297
966	285
967	293
968	281
969	279
970	252
971	267
972	304
973	256
974	294
975	257
976	267
977	263
978	263
979	280
980	276
981	303
982	281
983	285
984	310
985	278
986	270
987	277
988	275
989	263
990	263
991	257
992	265
993	276
994	287
995	306
996	282
997	258
998	272
999	250
1000	285
1001	245
1002	247
1003	267
1004	226
1005	277
1006	266
1007	264
1008	256
1009	240
1010	283
1011	300
1012	258
1013	280
1014	250
1015	289
1016	288
1017	266
1018	273
1019	282
1020	268
1021	243
1022	245
1023	284
1024	281
1025	284
1026	274
1027	277
1028	273
1029	291
1030	251
1031	249
1032	266
1033	261
1034	246
1035	273
1036	245
1037	225
1038	308
1039	268
1040	258
1041	241
1042	268
1043	266
1044	253
1045	272
1046	269
1047	275
1048	272
1049	266
1050	274
1051	274
1052	259
1053	260
1054	293
1055	247
1056	262
1057	273
1058	257
1059	258
1060	244
1061	251
1062	244
1063	267
1064	242
1065	239
1066	275
1067	243
1068	257
1069	222
1070	241
1071	240
1072	251
1073	252
1074	243
1075	234
1076	267
1077	268
1078	242
1079	267
1080	268
1081	261
1082	277
1083	267
1084	250
1085	280
1086	261
1087	259
1088	272
1089	272
1090	240
1091	269
1092	238
1093	254
1094	260
1095	229
1096	267
1097	233
1098	228
1099	219
1100	221
1101	240
1102	227
1103	221
1104	218
1105	231
1106	265
1107	237
1108	286
1109	254
1110	240
1111	237
1112	252
1113	251
1114	255
1115	261
1116	243
1117	244
1118	240
1119	256
1120	252
1121	238
1122	239
1123	269
1124	219
1125	248
1126	248
1127	262
1128	245
1129	231
1130	237
1131	259
1132	250
1133	253
1134	247
1135	243
1136	251
1137	244
1138	238
1139	277
1140	231
1141	211
1142	250
1143	230
1144	244
1145	234
1146	222
1147	223
1148	242
1149	251
1150	231
1151	236
1152	239
1153	255
1154	229
1155	242
1156	242
1157	220
1158	220
1159	249
1160	223
1161	207
1162	250
1163	248
1164	254
1165	238
1166	243
1167	236
1168	231
1169	247
1170	205
1171	242
1172	209
1173	234
1174	209
1175	253
1176	213
1177	226
1178	241
1179	228
1180	213
1181	257
1182	227
1183	203
1184	220
1185	230
1186	236
1187	243
1188	234
1189	212
1190	222
1191	215
1192	250
1193	215
1194	234
1195	217
1196	228
1197	234
1198	221
1199	229
1200	242
1201	257
1202	230
1203	222
1204	227
1205	193
1206	217
1207	233
1208	232
1209	227
1210	199
1211	209
1212	220
1213	204
1214	225
1215	218
1216	224
1217	197
1218	230
1219	206
1220	218
1221	198
1222	242
1223	227
1224	209
1225	228
1226	218
1227	206
1228	224
1229	228
1230	194
1231	238
1232	216
1233	231
1234	213
1235	218
1236	212
1237	234
1238	216
1239	236
1240	217
1241	219
1242	200
1243	205
1244	229
1245	239
1246	229
1247	187
1248	225
1249	226
1250	214
1251	209
1252	248
1253	226
1254	205
1255	206
1256	206
1257	207
1258	215
1259	205
1260	209
1261	221
1262	229
1263	204
1264	193
1265	219
1266	211
1267	231
1268	211
1269	212
1270	229
1271	208
1272	213
1273	214
1274	199
1275	194
1276	223
1277	222
1278	235
1279	198
1280	213
1281	216
1282	228
1283	187
1284	217
1285	207
1286	217
1287	210
1288	210
1289	186
1290	199
1291	180
1292	213
1293	208
1294	217
1295	215
1296	247
1297	211
1298	212
1299	215
1300	222
1301	237
1302	200
1303	183
1304	181
1305	201
1306	176
1307	212
1308	201
1309	197
1310	227
1311	182
1312	242
1313	209
1314	210
1315	199
1316	206
1317	164
1318	186
1319	188
1320	176
1321	175
1322	191
1323	192
1324	161
1325	199
1326	220
1327	189
1328	203
1329	197
1330	201
1331	210
1332	208
1333	193
1334	206
1335	212
1336	163
1337	194
1338	196
1339	196
1340	200
1341	197
1342	223
1343	188
1344	206
1345	183
1346	198
1347	205
1348	174
1349	172
1350	174
1351	209
1352	187
1353	227
1354	176
1355	200
1356	193
1357	184
1358	182
1359	212
1360	178
1361	205
1362	198
1363	173
1364	212
1365	189
1366	168
1367	192
1368	177
1369	207
1370	166
1371	182
1372	177
1373	157
1374	194
1375	178
1376	209
1377	196
1378	196
1379	173
1380	187
1381	194
1382	167
1383	192
1384	192
1385	192
1386	145
1387	201
1388	199
1389	202
1390	196
1391	192
1392	189
1393	198
1394	190
1395	148
1396	185
1397	189
1398	160
1399	189
1400	185
1401	163
1402	189
1403	161
1404	181
1405	184
1406	164
1407	201
1408	178
1409	162
1410	164
1411	190
1412	200
1413	179
1414	163
1415	186
1416	195
1417	182
1418	179
1419	187
1420	172
1421	171
1422	155
1423	185
1424	185
1425	175
1426	169
1427	144
1428	177
1429	166
1430	173
1431	189
1432	202
1433	213
1434	192
1435	160
1436	181
1437	188
1438	163
1439	181
1440	143
1441	165
1442	165
1443	169
1444	177
1445	172
1446	177
1447	180
1448	175
1449	178
1450	155
1451	167
1452	167
1453	164
1454	191
1455	165
1456	160
1457	170
1458	184
1459	162
1460	165
1461	178
1462	186
1463	162
1464	169
1465	173
1466	168
1467	157
1468	185
1469	186
1470	170
1471	166
1472	158
1473	176
1474	160
1475	163
1476	168
1477	184
1478	143
1479	192
1480	179
1481	149
1482	162
1483	148
1484	182
1485	136
1486	177
1487	141
1488	182
1489	162
1490	173
1491	147
1492	159
1493	144
1494	159
1495	150
1496	174
1497	170
1498	146
1499	149
1500	183
1501	176
1502	153
1503	165
1504	157
1505	158
1506	187
1507	131
1508	162
1509	164
1510	164
1511	161
1512	155
1513	167
1514	145
1515	146
1516	165
1517	158
1518	167
1519	168
1520	162
1521	150
1522	153
1523	159
1524	155
1525	173
1526	156
1527	155
1528	158
1529	163
1530	146
1531	179
1532	146
1533	156
1534	137
1535	146
1536	170
1537	148
1538	148
1539	138
1540	161
1541	130
1542	156
1543	152
1544	139
1545	154
1546	144
1547	155
1548	128
1549	144
1550	140
1551	144
1552	141
1553	146
1554	144
1555	136
1556	131
1557	144
1558	127
1559	140
1560	131
1561	153
1562	151
1563	150
1564	148
1565	131
1566	159
1567	161
1568	154
1569	146
1570	145
1571	138
1572	126
1573	158
1574	128
1575	128
1576	134
1577	144
1578	146
1579	141
1580	150
1581	154
1582	138
1583	143
1584	132
1585	151
1586	145
1587	151
1588	152
1589	141
1590	155
1591	150
1592	151
1593	147
1594	122
1595	132
1596	129
1597	138
1598	145
1599	141
1600	131
1601	127
1602	136
1603	126
1604	164
1605	140
1606	140
1607	125
1608	151
1609	147
1610	145
1611	138
1612	146
1613	139
1614	139
1615	137
1616	127
1617	137
1618	113
1619	148
1620	124
1621	127
1622	141
1623	149
1624	153
1625	133
1626	132
1627	115
1628	143
1629	128
1630	116
1631	123
1632	154
1633	140
1634	135
1635	162
1636	120
1637	154
1638	136
1639	122
1640	127
1641	124
1642	140
1643	143
1644	137
1645	153
1646	153
1647	150
1648	132
1649	143
1650	128
1651	140
1652	124
1653	152
1654	112
1655	117
1656	146
1657	131
1658	105
1659	144
1660	130
1661	130
1662	147
1663	127
1664	137
1665	122
1666	129
1667	143
1668	127
1669	147
1670	112
1671	104
1672	116
1673	121
1674	138
1675	139
1676	127
1677	159
1678	130
1679	128
1680	150
1681	119
1682	137
1683	138
1684	106
1685	121
1686	135
1687	127
1688	140
1689	106
1690	131
1691	153
1692	139
1693	139
1694	136
1695	106
1696	99
1697	125
1698	128
1699	103
1700	140
1701	113
1702	128
1703	144
1704	116
1705	117
1706	122
1707	130
1708	114
1709	123
1710	135
1711	116
1712	136
1713	136
1714	136
1715	146
1716	113
1717	147
1718	121
1719	137
1720	123
1721	123
1722	129
1723	116
1724	125
1725	130
1726	120
1727	118
1728	137
1729	130
1730	139
1731	123
1732	136
1733	126
1734	112
1735	134
1736	121
1737	152
1738	131
1739	146
1740	137
1741	128
1742	139
1743	148
1744	130
1745	117
1746	128
1747	133
1748	113
1749	143
1750	138
1751	138
1752	106
1753	129
1754	130
1755	118
1756	110
1757	114
1758	136
1759	129
1760	151
1761	153
1762	120
1763	143
1764	108
1765	131
1766	156
1767	110
1768	146
1769	136
1770	131
1771	140
1772	145
1773	121
1774	136
1775	139
1776	115
1777	142
1778	139
1779	134
1780	117
1781	120
1782	124
1783	130
1784	125
1785	123
1786	129
1787	140
1788	123
1789	133
1790	151
1791	119
1792	119
1793	123
1794	119
1795	126
1796	134
1797	116
1798	132
1799	131
1800	142
1801	141
1802	145
1803	138
1804	122
1805	125
1806	128
1807	134
1808	155
1809	155
1810	128
1811	112
1812	140
1813	115
1814	117
1815	141
1816	119
1817	142
1818	137
1819	135
1820	150
1821	136
1822	124
1823	137
1824	142
1825	132
1826	123
1827	136
1828	144
1829	118
1830	139
1831	149
1832	134
1833	134
1834	124
1835	112
1836	151
1837	130
1838	127
1839	137
1840	127
1841	125
1842	141
1843	136
1844	132
1845	141
1846	151
1847	130
1848	140
1849	135
1850	136
1851	141
1852	119
1853	155
1854	135
1855	126
1856	134
1857	126
1858	172
1859	137
1860	130
1861	157
1862	156
1863	134
1864	136
1865	140
1866	123
1867	150
1868	157
1869	147
1870	150
1871	143
1872	138
1873	132
1874	147
1875	151
1876	146
1877	130
1878	130
1879	123
1880	135
1881	130
1882	132
1883	145
1884	145
1885	143
1886	142
1887	124
1888	148
1889	141
1890	159
1891	171
1892	170
1893	137
1894	137
1895	144
1896	161
1897	151
1898	169
1899	141
1900	137
1901	151
1902	149
1903	135
1904	144
1905	174
1906	156
1907	135
1908	171
1909	150
1910	156
1911	161
1912	171
1913	152
1914	171
1915	155
1916	153
1917	160
1918	173
1919	167
1920	177
1921	152
1922	170
1923	168
1924	183
1925	158
1926	161
1927	143
1928	157
1929	168
1930	169
1931	155
1932	138
1933	148
1934	155
1935	174
1936	187
1937	193
1938	184
1939	169
1940	177
1941	137
1942	162
1943	162
1944	161
1945	168
1946	157
1947	191
1948	169
1949	193
1950	160
1951	169
1952	169
1953	184
1954	198
1955	171
1956	159
1957	166
1958	185
1959	181
1960	165
1961	200
1962	180
1963	170
1964	197
1965	199
1966	189
1967	195
1968	180
1969	173
1970	192
1971	173
1972	181
1973	171
1974	162
1975	202
1976	183
1977	189
1978	188
1979	167
1980	191
1981	168
1982	205
1983	216
1984	179
1985	186
1986	182
1987	187
1988	164
1989	191
1990	216
1991	172
1992	196
1993	178
1994	182
1995	209
1996	177
1997	179
1998	211
1999	181
2000	211
2001	193
2002	190
2003	211
2004	218
2005	176
2006	210
2007	182
2008	193
2009	185
2010	217
2011	216
2012	202
2013	197
2014	204
2015	178
2016	207
2017	217
2018	203
2019	219
2020	199
2021	203
2022	196
2023	198
2024	213
2025	187
2026	252
2027	218
2028	219
2029	203
2030	214
2031	224
2032	200
2033	203
2034	216
2035	234
2036	202
2037	238
2038	212
2039	227
2040	239
2041	222
2042	195
2043	241
2044	221
2045	226
2046	225
2047	231
2048	229
2049	224
2050	239
2051	239
2052	215
2053	247
2054	251
2055	216
2056	229
2057	259
2058	248
2059	240
2060	211
2061	251
2062	270
2063	219
2064	247
2065	232
2066	243
2067	256
2068	211
2069	233
2070	249
2071	279
2072	237
2073	230
2074	256
2075	240
2076	218
2077	251
2078	235
2079	271
2080	276
2081	261
2082	248
2083	233
2084	221
2085	279
2086	259
2087	276
2088	274
2089	264
2090	265
2091	217
2092	242
2093	221
2094	226
2095	252
2096	251
2097	237
2098	265
2099	244
2100	259
2101	273
2102	258
2103	288
2104	254
2105	268
2106	274
2107	252
2108	261
2109	284
2110	239
2111	276
2112	263
2113	288
2114	265
2115	274
2116	286
2117	279
2118	243
2119	263
2120	270
2121	285
2122	258
2123	266
2124	257
2125	263
2126	276
2127	268
2128	290
2129	278
2130	275
2131	271
2132	289
2133	271
2134	290
2135	306
2136	276
2137	306
2138	290
2139	312
2140	292
2141	276
2142	277
2143	273
2144	305
2145	286
2146	289
2147	320
2148	281
2149	307
2150	295
2151	273
2152	289
2153	289
2154	266
2155	291
2156	328
2157	282
2158	288
2159	307
2160	308
2161	312
2162	295
2163	300
2164	326
2165	331
2166	283
2167	276
2168	303
2169	315
2170	275
2171	303
2172	325
2173	279
2174	318
2175	321
2176	304
2177	314
2178	281
2179	293
2180	296
2181	307
2182	306
2183	283
2184	294
2185	324
2186	309
2187	308
2188	299
2189	333
2190	322
2191	315
2192	347
2193	282
2194	331
2195	330
2196	319
2197	320
2198	315
2199	351
2200	317
2201	318
2202	321
2203	325
2204	340
2205	280
2206	356
2207	292
2208	298
2209	318
2210	319
2211	309
2212	342
2213	324
2214	324
2215	338
2216	324
2217	338
2218	332
2219	311
2220	308
2221	334
2222	298
2223	341
2224	330
2225	329
2226	326
2227	348
2228	340
2229	347
2230	323
2231	341
2232	326
2233	356
2234	322
2235	351
2236	330
2237	352
2238	350
2239	311
2240	350
2241	324
2242	325
2243	353
2244	338
2245	349
2246	300
2247	351
2248	331
2249	343
2250	292
2251	339
2252	356
2253	320
2254	308
2255	351
2256	296
2257	361
2258	357
2259	338
2260	371
2261	322
2262	333
2263	332
2264	345
2265	354
2266	323
2267	332
2268	329
2269	338
2270	337
2271	361
2272	366
2273	334
2274	346
2275	347
2276	328
2277	348
2278	325
2279	373
2280	336
2281	335
2282	359
2283	335
2284	337
2285	329
2286	340
2287	346
2288	360
2289	351
2290	355
2291	339
2292	368
2293	349
2294	366
2295	381
2296	373
2297	337
2298	344
2299	362
2300	359
2301	330
2302	348
2303	314
2304	355
2305	323
2306	398
2307	325
2308	333
2309	362
2310	313
2311	344
2312	341
2313	358
2314	349
2315	330
2316	336
2317	317
2318	382
2319	328
2320	377
2321	383
2322	397
2323	361
2324	339
2325	357
2326	363
2327	349
2328	362
2329	364
2330	331
2331	354
2332	343
2333	354
2334	341
2335	351
2336	333
2337	366
2338	318
2339	336
2340	373
2341	349
2342	349
2343	325
2344	360
2345	334
2346	353
2347	326
2348	343
2349	368
2350	323
2351	333
2352	324
2353	354
2354	327
2355	353
2356	324
2357	336
2358	344
2359	340
2360	350
2361	329
2362	319
2363	338
2364	334
2365	336
2366	330
2367	316
2368	353
2369	340
2370	338
2371	337
2372	328
2373	317
2374	342
2375	323
2376	309
2377	318
2378	356
2379	342
2380	344
2381	316
2382	309
2383	371
2384	314
2385	313
2386	325
2387	314
2388	307
2389	333
2390	318
2391	320
2392	292
2393	338
2394	318
2395	311
2396	316
2397	330
2398	345
2399	334
2400	310
2401	312
2402	313
2403	307
2404	287
2405	320
2406	312
2407	305
2408	308
2409	297
2410	288
2411	305
2412	283
2413	321
2414	314
2415	290
2416	288
2417	293
2418	314
2419	308
2420	293
2421	311
2422	321
2423	302
2424	264
2425	270
2426	286
2427	316
2428	291
2429	307
2430	334
2431	326
2432	271
2433	277
2434	329
2435	319
2436	291
2437	317
2438	268
2439	279
2440	338
2441	274
2442	292
2443	312
2444	285
2445	307
2446	266
2447	281
2448	283
2449	301
2450	306
2451	297
2452	314
2453	285
2454	294
2455	276
2456	291
2457	297
2458	305
2459	291
2460	275
2461	268
2462	299
2463	267
2464	282
2465	269
2466	294
2467	314
2468	276
2469	272
2470	262
2471	222
2472	270
2473	270
2474	284
2475	260
2476	297
2477	279
2478	283
2479	264
2480	276
2481	267
2482	248
2483	278
2484	257
2485	258
2486	252
2487	250
2488	274
2489	284
2490	261
2491	283
2492	261
2493	283
2494	285
2495	259
2496	259
2497	274
2498	287
2499	263
2500	274
2501	246
2502	235
2503	248
2504	227
2505	235
2506	263
2507	217
2508	269
2509	250
2510	242
2511	220
2512	254
2513	249
2514	279
2515	251
2516	249
2517	256
2518	222
2519	249
2520	232
2521	242
2522	236
2523	231
2524	238
2525	240
2526	224
2527	232
2528	229
2529	249
2530	247
2531	248
2532	238
2533	218
2534	245
2535	238
2536	242
2537	230
2538	220
2539	234
2540	205
2541	235
2542	245
2543	214
2544	227
2545	208
2546	248
2547	222
2548	222
2549	219
2550	193
2551	210
2552	206
2553	219
2554	211
2555	233
2556	243
2557	199
2558	227
2559	211
2560	244
2561	216
2562	197
2563	206
2564	206
2565	194
2566	204
2567	200
2568	213
2569	216
2570	194
2571	205
2572	227
2573	212
2574	193
2575	221
2576	182
2577	202
2578	212
2579	168
2580	210
2581	207
2582	204
2583	198
2584	207
2585	189
2586	191
2587	198
2588	187
2589	196
2590	201
2591	182
2592	214
2593	192
2594	184
2595	185
2596	206
2597	183
2598	175
2599	162
2600	185
2601	169
2602	188
2603	182
2604	182
2605	183
2606	179
2607	163
2608	186
2609	178
2610	179
2611	184
2612	170
2613	147
2614	172
2615	172
2616	171
2617	149
2618	172
2619	165
2620	179
2621	175
2622	171
2623	206
2624	186
2625	164
2626	188
2627	161
2628	178
2629	162
2630	178
2631	162
2632	163
2633	165
2634	168
2635	168
2636	174
2637	178
2638	165
2639	143
2640	172
2641	152
2642	160
2643	166
2644	138
2645	152
2646	187
2647	146
2648	186
2649	178
2650	162
2651	159
2652	152
2653	152
2654	157
2655	133
2656	157
2657	157
2658	150
2659	151
2660	139
2661	164
2662	124
2663	156
2664	156
2665	153
2666	152
2667	148
2668	154
2669	133
2670	142
2671	132
2672	150
2673	153
2674	150
2675	143
2676	159
2677	153
2678	150
2679	163
2680	177
2681	138
2682	120
2683	156
2684	137
2685	136
2686	146
2687	141
2688	119
2689	150
2690	121
2691	139
2692	147
2693	157
2694	145
2695	149
2696	140
2697	125
2698	153
2699	137
2700	160
2701	134
2702	131
2703	155
2704	138
2705	154
2706	112
2707	118
2708	126
2709	128
2710	122
2711	146
2712	141
2713	125
2714	155
2715	153
2716	124
2717	145
2718	135
2719	123
2720	124
2721	132
2722	122
2723	120
2724	138
2725	130
2726	124
2727	128
2728	136
2729	116
2730	125
2731	120
2732	120
2733	135
2734	118
2735	136
2736	129
2737	124
2738	133
2739	123
2740	107
2741	122
2742	132
2743	110
2744	114
2745	130
2746	105
2747	99
2748	120
2749	111
2750	161
2751	124
2752	140
2753	145
2754	124
2755	119
2756	122
2757	109
2758	115
2759	116
2760	120
2761	107
2762	132
2763	121
2764	123
2765	122
2766	105
2767	128
2768	123
2769	128
2770	96
2771	102
2772	135
2773	147
2774	118
2775	101
2776	104
2777	106
2778	129
2779	97
2780	124
2781	133
2782	122
2783	114
2784	129
2785	109
2786	105
2787	102
2788	113
2789	136
2790	133
2791	107
2792	111
2793	124
2794	119
2795	104
2796	108
2797	122
2798	96
2799	95
2800	107
2801	122
2802	109
2803	109
2804	115
2805	98
2806	139
2807	113
2808	106
2809	121
2810	108
2811	120
2812	115
2813	124
2814	105
2815	98
2816	119
2817	97
2818	111
2819	113
2820	129
2821	107
2822	103
2823	97
2824	107
2825	108
2826	128
2827	108
2828	124
2829	82
2830	111
2831	107
2832	92
2833	107
2834	114
2835	114
2836	109
2837	110
2838	127
2839	105
2840	112
2841	108
2842	113
2843	120
2844	119
2845	104
2846	96
2847	126
2848	96
2849	109
2850	100
2851	126
2852	130
2853	97
2854	105
2855	109
2856	114
2857	92
2858	129
2859	109
2860	107
2861	105
2862	93
2863	102
2864	105
2865	103
2866	83
2867	123
2868	99
2869	136
2870	106
2871	102
2872	82
2873	125
2874	103
2875	101
2876	94
2877	115
2878	100
2879	102
2880	107
2881	114
2882	103
2883	107
2884	98
2885	89
2886	100
2887	134
2888	99
2889	84
2890	100
2891	119
2892	115
2893	116
2894	102
2895	97
2896	105
2897	98
2898	116
2899	107
2900	98
2901	100
2902	104
2903	124
2904	97
2905	98
2906	98
2907	104
2908	132
2909	111
2910	106
2911	109
2912	104
2913	108
2914	113
2915	110
2916	110
2917	97
2918	113
2919	115
2920	103
2921	109
2922	98
2923	94
2924	110
2925	108
2926	112
2927	96
2928	94
2929	110
2930	102
2931	91
2932	104
2933	103
2934	108
2935	94
2936	110
2937	81
2938	90
2939	110
2940	109
2941	94
2942	91
2943	105
2944	113
2945	110
2946	94
2947	95
2948	97
2949	80
2950	90
2951	96
2952	94
2953	93
2954	98
2955	107
2956	118
2957	107
2958	92
2959	98
2960	101
2961	98
2962	93
2963	99
2964	107
2965	123
2966	105
2967	100
2968	94
2969	100
2970	89
2971	102
2972	94
2973	82
2974	99
2975	94
2976	92
2977	113
2978	113
2979	108
2980	83
2981	89
2982	88
2983	79
2984	86
2985	107
2986	94
2987	87
2988	88
2989	104
2990	92
2991	114
2992	103
2993	105
2994	98
2995	91
2996	95
2997	98
2998	104
2999	88
3000	91
3001	97
3002	109
3003	95
3004	81
3005	84
3006	105
3007	96
3008	89
3009	106
3010	116
3011	80
3012	82
3013	82
3014	91
3015	96
3016	99
3017	91
3018	108
3019	91
3020	89
3021	97
3022	96
3023	75
3024	93
3025	84
3026	76
3027	95
3028	93
3029	70
3030	93
3031	81
3032	93
3033	85
3034	80
3035	94
3036	84
3037	84
3038	85
3039	113
3040	81
3041	99
3042	98
3043	91
3044	80
3045	90
3046	84
3047	90
3048	94
3049	87
3050	80
3051	103
3052	97
3053	81
3054	101
3055	82
3056	79
3057	101
3058	79
3059	90
3060	81
3061	85
3062	85
3063	87
3064	97
3065	83
3066	87
3067	81
3068	73
3069	87
3070	89
3071	96
3072	89
3073	87
3074	94
3075	81
3076	85
3077	88
3078	74
3079	86
3080	97
3081	89
3082	82
3083	76
3084	71
3085	75
3086	84
3087	72
3088	94
3089	66
3090	75
3091	87
3092	77
3093	90
3094	88
3095	84
3096	73
3097	80
3098	75
3099	73
3100	94
3101	73
3102	80
3103	78
3104	77
3105	81
3106	67
3107	73
3108	65
3109	75
3110	84
3111	98
3112	81
3113	63
3114	50
3115	79
3116	74
3117	82
3118	69
3119	80
3120	76
3121	82
3122	68
3123	79
3124	81
3125	81
3126	67
3127	67
3128	68
3129	63
3130	50
3131	79
3132	75
3133	83
3134	73
3135	78
3136	88
3137	71
3138	78
3139	79
3140	78
3141	74
3142	63
3143	72
3144	91
3145	74
3146	72
3147	73
3148	66
3149	66
3150	91
3151	61
3152	71
3153	66
3154	70
3155	87
3156	53
3157	47
3158	89
3159	60
3160	57
3161	63
3162	75
3163	77
3164	66
3165	55
3166	79
3167	59
3168	66
3169	78
3170	67
3171	69
3172	53
3173	63
3174	52
3175	59
3176	67
3177	60
3178	65
3179	60
3180	68
3181	63
3182	64
3183	62
3184	60
3185	65
3186	61
3187	78
3188	72
3189	73
3190	69
3191	55
3192	60
3193	56
3194	64
3195	64
3196	69
3197	68
3198	59
3199	57
3200	59
3201	61
3202	66
3203	59
3204	50
3205	56
3206	60
3207	59
3208	46
3209	64
3210	67
3211	51
3212	67
3213	62
3214	57
3215	58
3216	64
3217	49
3218	51
3219	58
3220	39
3221	54
3222	55
3223	57
3224	44
3225	53
3226	58
3227	60
3228	61
3229	61
3230	53
3231	55
3232	51
3233	44
3234	70
3235	45
3236	52
3237	55
3238	55
3239	61
3240	60
3241	57
3242	64
3243	46
3244	48
3245	38
3246	65
3247	47
3248	49
3249	42
3250	61
3251	51
3252	57
3253	54
3254	48
3255	48
3256	65
3257	49
3258	50
3259	42
3260	40
3261	43
3262	44
3263	42
3264	51
3265	46
3266	42
3267	61
3268	48
3269	40
3270	32
3271	47
3272	47
3273	51
3274	49
3275	42
3276	44
3277	38
3278	40
3279	55
3280	54
3281	50
3282	48
3283	42
3284	45
3285	39
3286	43
3287	46
3288	41
3289	40
3290	45
3291	50
3292	46
3293	41
3294	47
3295	40
3296	42
3297	52
3298	40
3299	50
3300	44
3301	35
3302	45
3303	49
3304	32
3305	41
3306	44
3307	37
3308	36
3309	42
3310	34
3311	33
3312	51
3313	36
3314	40
3315	38
3316	37
3317	48
3318	40
3319	43
3320	38
3321	46
3322	48
3323	42
3324	43
3325	26
3326	44
3327	40
3328	31
3329	34
3330	30
3331	38
3332	38
3333	39
3334	38
3335	35
3336	35
3337	30
3338	50
3339	34
3340	41
3341	44
3342	47
3343	38
3344	35
3345	48
3346	36
3347	27
3348	39
3349	33
3350	40
3351	26
3352	41
3353	26
3354	30
3355	30
3356	40
3357	31
3358	25
3359	44
3360	27
3361	28
3362	25
3363	19
3364	22
3365	26
3366	33
3367	43
3368	37
3369	30
3370	28
3371	22
3372	31
3373	26
3374	36
3375	32
3376	35
3377	38
3378	39
3379	36
3380	26
3381	26
3382	36
3383	26
3384	19
3385	29
3386	40
3387	26
3388	22
3389	28
3390	18
3391	33
3392	30
3393	25
3394	28
3395	28
3396	26
3397	30
3398	25
3399	26
3400	24
3401	25
3402	20
3403	16
3404	26
3405	28
3406	25
3407	22
3408	23
3409	31
3410	27
3411	27
3412	16
3413	22
3414	31
3415	17
3416	21
3417	17
3418	23
3419	31
3420	25
3421	22
3422	23
3423	38
3424	25
3425	26
3426	22
3427	21
3428	28
3429	23
3430	26
3431	25
3432	22
3433	35
3434	24
3435	24
3436	28
3437	16
3438	30
3439	23
3440	16
3441	16
3442	22
3443	17
3444	14
3445	20
3446	21
3447	20
3448	19
3449	20
3450	33
3451	17
3452	24
3453	15
3454	18
3455	18
3456	23
3457	16
3458	23
3459	23
3460	19
3461	14
3462	19
3463	16
3464	14
3465	16
3466	21
3467	13
3468	18
3469	21
3470	25
3471	14
3472	20
3473	19
3474	25
3475	17
3476	20
3477	17
3478	15
3479	23
3480	21
3481	14
3482	11
3483	19
3484	10
3485	12
3486	14
3487	12
3488	12
3489	12
3490	13
3491	14
3492	22
3493	17
3494	17
3495	16
3496	14
3497	13
3498	15
3499	15
3500	13
3501	15
3502	12
3503	17
3504	15
3505	15
3506	22
3507	9
3508	18
3509	15
3510	9
3511	11
3512	16
3513	16
3514	21
3515	18
3516	16
3517	14
3518	8
3519	11
3520	15
3521	13
3522	8
3523	9
3524	19
3525	8
3526	9
3527	17
3528	16
3529	11
3530	12
3531	11
3532	7
3533	9
3534	8
3535	6
3536	19
3537	7
3538	8
3539	14
3540	13
3541	9
3542	8
3543	20
3544	16
3545	7
3546	14
3547	14
3548	8
3549	9
3550	8
3551	11
3552	12
3553	9
3554	8
3555	7
3556	10
3557	12
3558	11
3559	13
3560	10
3561	13
3562	7
3563	9
3564	9
3565	4
3566	5
3567	7
3568	13
3569	10
3570	10
3571	1
3572	10
3573	14
3574	6
3575	3
3576	13
3577	9
3578	4
3579	13
3580	4
3581	7
3582	11
3583	9
3584	12
3585	14
3586	8
3587	13
3588	7
3589	5
3590	7
3591	7
3592	8
3593	8
3594	5
3595	6
3596	9
3597	6
3598	9
3599	11
3600	11
3601	7
3602	9
3603	9
3604	7
3605	6
3606	3
3607	11
3608	9
3609	8
3610	11
3611	11
3612	11
3613	14
3614	10
3615	3
3616	7
3617	10
3618	10
3619	6
3620	12
3621	8
3622	8
3623	6
3624	11
3625	10
3626	6
3627	8
3628	8
3629	6
3630	5
3631	11
3632	7
3633	8
3634	8
3635	11
3636	6
3637	6
3638	12
3639	7
3640	2
3641	8
3642	6
3643	4
3644	7
3645	4
3646	6
3647	4
3648	6
3649	9
3650	7
3651	5
3652	5
3653	5
3654	5
3655	4
3656	6
3657	9
3658	6
3659	8
3660	4
3661	0
3662	1
3663	6
3664	6
3665	6
3666	7
3667	2
3668	5
3669	5
3670	4
3671	1
3672	6
3673	5
3674	3
3675	5
3676	2
3677	6
3678	5
3679	3
3680	4
3681	1
3682	3
3683	5
3684	3
3685	5
3686	4
3687	2
3688	5
3689	2
3690	4
3691	9
3692	4
3693	2
3694	4
3695	6
3696	8
3697	3
3698	7
3699	4
3700	5
3701	4
3702	5
3703	5
3704	1
3705	6
3706	1
3707	3
3708	7
3709	1
3710	3
3711	6
3712	6
3713	2
3714	6
3715	5
3716	4
3717	10
3718	4
3719	6
3720	4
3721	4
3722	5
3723	8
3724	8
3725	6
3726	2
3727	1
3728	5
3729	3
3730	3
3731	4
3732	4
3733	7
3734	3
3735	2
3736	1
3737	3
3738	3
3739	5
3740	3
3741	6
3742	5
3743	4
3744	2
3745	5
3746	7
3747	7
3748	3
3749	4
3750	5
3751	4
3752	2
3753	2
3754	2
3755	3
3756	2
3757	7
3758	4
3759	3
3760	2
3761	3
3762	3
3763	6
3764	3
3765	3
3766	1
3767	3
3768	3
3769	3
3770	1
3771	3
3772	3
3773	1
3774	3
3775	2
3776	4
3777	2
3778	3
3779	6
3780	3
3781	2
3782	1
3783	4
3784	2
3785	2
3786	3
3787	4
3788	2
3789	1
3790	1
3791	4
3792	2
3793	1
3794	1
3795	1
3796	3
3797	2
3798	4
3799	1
3800	4
3801	1
3802	3
3803	2
3804	1
3805	3
3806	3
3807	3
3808	7
3809	0
3810	2
3811	8
3812	1
3813	0
3814	3
3815	2
3816	3
3817	0
3818	1
3819	3
3820	1
3821	5
3822	5
3823	0
3824	7
3825	1
3826	3
3827	2
3828	2
3829	0
3830	1
3831	2
3832	2
3833	1
3834	4
3835	1
3836	2
3837	1
3838	3
3839	0
3840	2
3841	3
3842	1
3843	4
3844	1
3845	1
3846	2
3847	4
3848	1
3849	1
3850	1
3851	2
3852	1
3853	2
3854	1
3855	2
3856	2
3857	1
3858	3
3859	1
3860	2
3861	0
3862	3
3863	2
3864	3
3865	0
3866	2
3867	3
3868	4
3869	2
3870	2
3871	2
3872	2
3873	0
3874	1
3875	3
3876	1
3877	5
3878	2
3879	0
3880	0
3881	0
3882	1
3883	1
3884	3
3885	1
3886	0
3887	3
3888	1
3889	2
3890	0
3891	3
3892	0
3893	2
3894	1
3895	0
3896	2
3897	2
3898	1
3899	2
3900	2
3901	5
3902	2
3903	0
3904	3
3905	0
3906	2
3907	1
3908	0
3909	2
3910	1
3911	0
3912	2
3913	0
3914	1
3915	2
3916	2
3917	2
3918	0
3919	0
3920	0
3921	0
3922	2
3923	1
3924	5
3925	0
3926	0
3927	2
3928	1
3929	2
3930	2
3931	1
3932	4
3933	0
3934	1
3935	2
3936	0
3937	2
3938	3
3939	1
3940	1
3941	1
3942	1
3943	1
3944	1
3945	2
3946	4
3947	0
3948	0
3949	1
3950	2
3951	2
3952	1
3953	1
3954	2
3955	0
3956	2
3957	2
3958	2
3959	1
3960	2
3961	2
3962	1
3963	0
3964	0
3965	0
3966	0
3967	2
3968	1
3969	4
3970	1
3971	1
3972	1
3973	2
3974	1
3975	2
3976	0
3977	0
3978	0
3979	2
3980	1
3981	1
3982	3
3983	0
3984	0
3985	2
3986	2
3987	1
3988	2
3989	1
3990	0
3991	1
3992	0
3993	0
3994	1
3995	0
3996	1
3997	1
3998	0
3999	1
4000	0
4001	0
4002	0
4003	0
4004	1
4005	0
4006	0
4007	0
4008	0
4009	2
4010	0
4011	1
4012	1
4013	0
4014	0
4015	2
4016	2
4017	1
4018	3
4019	1
4020	0
4021	0
4022	2
4023	3
4024	2
4025	1
4026	0
4027	1
4028	0
4029	0
4030	0
4031	0
4032	0
4033	2
4034	1
4035	1
4036	1
4037	1
4038	1
4039	0
4040	0
4041	0
4042	0
4043	1
4044	1
4045	1
4046	2
4047	2
4048	1
4049	1
4050	0
4051	2
4052	0
4053	0
4054	0
4055	1
4056	2
4057	0
4058	2
4059	2
4060	1
4061	1
4062	2
4063	1
4064	2
4065	0
4066	1
4067	4
4068	0
4069	2
4070	2
4071	0
4072	0
4073	1
4074	4
4075	1
4076	0
4077	2
4078	1
4079	0
4080	1
4081	1
4082	0
4083	1
4084	2
4085	2
4086	2
4087	0
4088	1
4089	1
4090	3
4091	1
4092	0
4093	1
4094	0
4095	0
