0	0
1	0
2	0
3	0
4	0
5	0
6	0
7	0
8	0
9	0
10	0
11	0
12	0
13	0
14	0
15	0
16	0
17	0
18	0
19	0
20	0
21	0
22	0
23	0
24	0
25	0
26	0
27	0
28	0
29	0
30	0
31	0
32	0
33	0
34	0
35	0
36	0
37	0
38	1
39	2
40	1
41	1
42	0
43	0
44	0
45	2
46	2
47	1
48	3
49	6
50	2
51	5
52	1
53	3
54	3
55	3
56	5
57	7
58	5
59	1
60	5
61	18
62	80
63	260
64	366
65	322
66	295
67	269
68	241
69	210
70	175
71	162
72	127
73	145
74	109
75	121
76	99
77	111
78	77
79	85
80	79
81	89
82	67
83	75
84	62
85	74
86	65
87	78
88	56
89	58
90	55
91	63
92	57
93	48
94	68
95	72
96	65
97	51
98	46
99	55
100	61
101	64
102	61
103	58
104	54
105	71
106	51
107	52
108	62
109	56
110	65
111	58
112	60
113	62
114	53
115	55
116	52
117	69
118	55
119	54
120	44
121	59
122	63
123	65
124	52
125	57
126	54
127	47
128	64
129	76
130	53
131	59
132	48
133	62
134	65
135	56
136	56
137	57
138	68
139	76
140	62
141	66
142	58
143	49
144	57
145	50
146	48
147	60
148	62
149	56
150	70
151	57
152	41
153	50
154	51
155	70
156	82
157	50
158	66
159	59
160	42
161	48
162	48
163	69
164	46
165	72
166	56
167	55
168	57
169	55
170	60
171	70
172	62
173	64
174	58
175	65
176	44
177	58
178	60
179	56
180	54
181	52
182	59
183	55
184	59
185	60
186	58
187	45
188	62
189	59
190	51
191	69
192	55
193	68
194	61
195	55
196	50
197	55
198	64
199	57
200	60
201	78
202	70
203	60
204	55
205	65
206	66
207	60
208	72
209	48
210	66
211	67
212	61
213	43
214	60
215	52
216	55
217	55
218	58
219	62
220	47
221	51
222	61
223	64
224	67
225	57
226	60
227	61
228	72
229	53
230	49
231	55
232	80
233	57
234	48
235	50
236	59
237	61
238	63
239	69
240	72
241	67
242	57
243	66
244	57
245	62
246	51
247	58
248	64
249	58
250	57
251	63
252	71
253	60
254	56
255	54
256	56
257	56
258	56
259	66
260	64
261	58
262	58
263	53
264	54
265	63
266	73
267	57
268	53
269	63
270	48
271	61
272	52
273	60
274	67
275	66
276	52
277	55
278	66
279	53
280	66
281	57
282	50
283	66
284	49
285	67
286	88
287	62
288	69
289	65
290	59
291	67
292	64
293	75
294	65
295	53
296	49
297	48
298	63
299	48
300	59
301	61
302	57
303	53
304	51
305	75
306	74
307	60
308	64
309	61
310	66
311	66
312	49
313	64
314	71
315	91
316	61
317	79
318	70
319	61
320	62
321	55
322	66
323	66
324	66
325	63
326	64
327	60
328	71
329	66
330	70
331	64
332	53
333	68
334	70
335	61
336	67
337	66
338	76
339	50
340	71
341	60
342	81
343	55
344	77
345	54
346	71
347	66
348	79
349	68
350	61
351	74
352	77
353	72
354	63
355	80
356	72
357	82
358	68
359	79
360	96
361	60
362	80
363	65
364	61
365	81
366	75
367	67
368	59
369	102
370	60
371	84
372	77
373	57
374	51
375	65
376	64
377	85
378	73
379	74
380	66
381	66
382	70
383	70
384	86
385	80
386	75
387	78
388	84
389	69
390	69
391	67
392	85
393	72
394	70
395	87
396	81
397	63
398	93
399	77
400	91
401	58
402	77
403	65
404	89
405	85
406	75
407	77
408	71
409	85
410	83
411	73
412	86
413	88
414	80
415	82
416	73
417	84
418	101
419	87
420	91
421	100
422	69
423	85
424	75
425	80
426	67
427	82
428	77
429	77
430	85
431	91
432	89
433	76
434	83
435	90
436	83
437	96
438	73
439	78
440	100
441	84
442	87
443	74
444	66
445	74
446	90
447	80
448	79
449	70
450	79
451	78
452	82
453	74
454	97
455	90
456	77
457	73
458	81
459	86
460	77
461	88
462	74
463	82
464	84
465	88
466	92
467	90
468	91
469	85
470	102
471	81
472	75
473	86
474	86
475	76
476	83
477	71
478	79
479	91
480	84
481	91
482	76
483	96
484	80
485	76
486	90
487	68
488	84
489	80
490	71
491	82
492	95
493	92
494	70
495	87
496	87
497	89
498	72
499	109
500	90
501	92
502	85
503	70
504	80
505	91
506	64
507	88
508	69
509	98
510	80
511	95
512	97
513	87
514	76
515	91
516	77
517	73
518	82
519	73
520	75
521	71
522	88
523	84
524	92
525	88
526	77
527	86
528	78
529	98
530	65
531	77
532	72
533	67
534	80
535	80
536	75
537	82
538	79
539	70
540	91
541	83
542	91
543	82
544	86
545	66
546	95
547	76
548	91
549	73
550	79
551	80
552	91
553	77
554	73
555	83
556	83
557	74
558	77
559	91
560	76
561	92
562	90
563	79
564	71
565	84
566	76
567	85
568	95
569	96
570	91
571	78
572	84
573	95
574	90
575	85
576	100
577	81
578	95
579	93
580	75
581	83
582	84
583	80
584	77
585	101
586	80
587	89
588	98
589	78
590	73
591	90
592	94
593	92
594	80
595	106
596	89
597	89
598	95
599	93
600	92
601	97
602	86
603	71
604	94
605	87
606	67
607	95
608	105
609	86
610	87
611	97
612	84
613	88
614	88
615	91
616	103
617	120
618	101
619	78
620	85
621	93
622	83
623	102
624	77
625	90
626	80
627	88
628	90
629	104
630	111
631	101
632	109
633	113
634	87
635	101
636	87
637	103
638	92
639	107
640	84
641	105
642	92
643	127
644	101
645	98
646	103
647	112
648	94
649	112
650	113
651	104
652	102
653	117
654	106
655	90
656	116
657	114
658	102
659	109
660	104
661	92
662	96
663	95
664	117
665	114
666	94
667	102
668	113
669	92
670	95
671	87
672	118
673	120
674	107
675	109
676	99
677	116
678	108
679	115
680	92
681	129
682	123
683	118
684	113
685	116
686	105
687	124
688	111
689	102
690	115
691	126
692	142
693	114
694	103
695	117
696	107
697	122
698	121
699	136
700	109
701	107
702	132
703	124
704	122
705	110
706	109
707	117
708	111
709	131
710	108
711	100
712	125
713	122
714	126
715	127
716	126
717	95
718	126
719	135
720	118
721	116
722	142
723	119
724	128
725	116
726	106
727	134
728	126
729	118
730	108
731	117
732	148
733	118
734	112
735	132
736	109
737	132
738	118
739	114
740	126
741	114
742	119
743	132
744	140
745	119
746	112
747	124
748	129
749	135
750	121
751	123
752	101
753	119
754	135
755	113
756	132
757	123
758	116
759	131
760	124
761	115
762	128
763	101
764	113
765	129
766	142
767	133
768	120
769	128
770	113
771	120
772	143
773	129
774	119
775	132
776	141
777	142
778	117
779	116
780	110
781	120
782	127
783	124
784	125
785	131
786	117
787	140
788	125
789	100
790	143
791	124
792	120
793	138
794	152
795	124
796	126
797	125
798	127
799	124
800	122
801	138
802	116
803	119
804	119
805	130
806	107
807	99
808	136
809	120
810	109
811	130
812	109
813	133
814	127
815	129
816	105
817	130
818	123
819	143
820	109
821	125
822	127
823	138
824	127
825	117
826	118
827	123
828	111
829	113
830	129
831	124
832	108
833	128
834	116
835	125
836	125
837	142
838	103
839	113
840	126
841	130
842	137
843	116
844	109
845	113
846	110
847	106
848	127
849	135
850	137
851	99
852	143
853	106
854	115
855	119
856	89
857	122
858	106
859	112
860	117
861	122
862	119
863	123
864	110
865	121
866	130
867	121
868	105
869	119
870	115
871	116
872	115
873	114
874	128
875	110
876	129
877	142
878	101
879	123
880	115
881	103
882	105
883	115
884	101
885	137
886	103
887	106
888	97
889	96
890	116
891	104
892	104
893	122
894	122
895	110
896	123
897	114
898	107
899	115
900	103
901	119
902	97
903	112
904	137
905	121
906	109
907	100
908	106
909	116
910	116
911	115
912	93
913	105
914	110
915	107
916	117
917	98
918	93
919	108
920	106
921	101
922	94
923	98
924	104
925	119
926	125
927	101
928	104
929	107
930	112
931	90
932	118
933	97
934	100
935	120
936	114
937	104
938	91
939	110
940	97
941	102
942	99
943	92
944	114
945	103
946	113
947	104
948	105
949	95
950	102
951	104
952	102
953	93
954	114
955	111
956	97
957	87
958	113
959	102
960	100
961	88
962	113
963	94
964	103
965	95
966	94
967	97
968	121
969	87
970	119
971	83
972	109
973	98
974	83
975	89
976	94
977	97
978	82
979	89
980	107
981	96
982	93
983	106
984	87
985	114
986	102
987	79
988	93
989	85
990	107
991	96
992	100
993	88
994	97
995	112
996	96
997	96
998	98
999	105
1000	87
1001	88
1002	105
1003	81
1004	86
1005	86
1006	89
1007	94
1008	94
1009	78
1010	101
1011	84
1012	92
1013	105
1014	91
1015	89
1016	87
1017	111
1018	73
1019	94
1020	85
1021	91
1022	102
1023	98
1024	85
1025	96
1026	88
1027	101
1028	98
1029	79
1030	88
1031	81
1032	86
1033	101
1034	86
1035	85
1036	85
1037	99
1038	77
1039	80
1040	100
1041	95
1042	97
1043	93
1044	99
1045	84
1046	98
1047	86
1048	103
1049	85
1050	99
1051	82
1052	95
1053	87
1054	93
1055	79
1056	85
1057	88
1058	85
1059	82
1060	93
1061	107
1062	93
1063	88
1064	81
1065	79
1066	86
1067	94
1068	99
1069	86
1070	74
1071	92
1072	76
1073	73
1074	104
1075	82
1076	76
1077	101
1078	102
1079	79
1080	96
1081	84
1082	81
1083	93
1084	95
1085	93
1086	100
1087	100
1088	86
1089	88
1090	93
1091	94
1092	86
1093	87
1094	87
1095	95
1096	80
1097	92
1098	90
1099	73
1100	93
1101	85
1102	100
1103	81
1104	88
1105	82
1106	83
1107	90
1108	109
1109	98
1110	100
1111	98
1112	97
1113	91
1114	80
1115	103
1116	105
1117	84
1118	85
1119	87
1120	95
1121	82
1122	107
1123	102
1124	95
1125	83
1126	75
1127	83
1128	81
1129	102
1130	80
1131	96
1132	77
1133	101
1134	96
1135	89
1136	94
1137	114
1138	99
1139	85
1140	91
1141	95
1142	96
1143	89
1144	95
1145	100
1146	95
1147	104
1148	98
1149	103
1150	93
1151	94
1152	100
1153	112
1154	82
1155	89
1156	100
1157	81
1158	86
1159	98
1160	98
1161	94
1162	102
1163	89
1164	103
1165	96
1166	111
1167	104
1168	109
1169	96
1170	113
1171	91
1172	102
1173	86
1174	101
1175	105
1176	110
1177	96
1178	96
1179	108
1180	95
1181	121
1182	109
1183	102
1184	100
1185	91
1186	108
1187	89
1188	92
1189	99
1190	113
1191	106
1192	98
1193	98
1194	110
1195	113
1196	101
1197	103
1198	104
1199	108
1200	105
1201	113
1202	109
1203	86
1204	112
1205	122
1206	128
1207	99
1208	114
1209	120
1210	116
1211	97
1212	122
1213	94
1214	98
1215	121
1216	121
1217	122
1218	102
1219	121
1220	130
1221	122
1222	112
1223	111
1224	131
1225	116
1226	124
1227	128
1228	118
1229	148
1230	128
1231	118
1232	140
1233	139
1234	115
1235	138
1236	136
1237	134
1238	111
1239	118
1240	118
1241	134
1242	132
1243	135
1244	138
1245	124
1246	134
1247	124
1248	134
1249	145
1250	119
1251	120
1252	124
1253	144
1254	134
1255	134
1256	166
1257	156
1258	136
1259	141
1260	134
1261	153
1262	134
1263	125
1264	139
1265	121
1266	125
1267	156
1268	134
1269	172
1270	137
1271	141
1272	151
1273	158
1274	150
1275	171
1276	163
1277	140
1278	133
1279	150
1280	150
1281	159
1282	153
1283	141
1284	132
1285	146
1286	153
1287	168
1288	161
1289	163
1290	182
1291	159
1292	196
1293	170
1294	168
1295	172
1296	170
1297	180
1298	168
1299	185
1300	188
1301	167
1302	164
1303	183
1304	184
1305	168
1306	209
1307	177
1308	176
1309	190
1310	176
1311	200
1312	177
1313	182
1314	168
1315	176
1316	168
1317	192
1318	186
1319	179
1320	196
1321	186
1322	191
1323	167
1324	205
1325	207
1326	223
1327	223
1328	195
1329	199
1330	225
1331	184
1332	199
1333	191
1334	203
1335	210
1336	207
1337	222
1338	208
1339	218
1340	222
1341	197
1342	202
1343	227
1344	219
1345	207
1346	232
1347	231
1348	256
1349	222
1350	232
1351	236
1352	215
1353	222
1354	236
1355	244
1356	204
1357	246
1358	211
1359	233
1360	258
1361	247
1362	250
1363	229
1364	207
1365	228
1366	264
1367	223
1368	254
1369	227
1370	232
1371	252
1372	253
1373	235
1374	254
1375	276
1376	253
1377	222
1378	262
1379	273
1380	270
1381	214
1382	248
1383	251
1384	276
1385	248
1386	273
1387	277
1388	256
1389	292
1390	282
1391	266
1392	274
1393	276
1394	280
1395	282
1396	272
1397	270
1398	299
1399	280
1400	278
1401	278
1402	272
1403	283
1404	272
1405	272
1406	281
1407	279
1408	288
1409	306
1410	278
1411	329
1412	291
1413	301
1414	284
1415	318
1416	303
1417	313
1418	300
1419	289
1420	330
1421	292
1422	312
1423	297
1424	297
1425	303
1426	282
1427	289
1428	318
1429	318
1430	293
1431	296
1432	320
1433	332
1434	332
1435	318
1436	323
1437	321
1438	298
1439	333
1440	328
1441	307
1442	316
1443	303
1444	334
1445	305
1446	335
1447	355
1448	296
1449	327
1450	336
1451	346
1452	325
1453	312
1454	318
1455	323
1456	338
1457	329
1458	309
1459	354
1460	308
1461	349
1462	338
1463	331
1464	308
1465	347
1466	318
1467	339
1468	344
1469	338
1470	337
1471	341
1472	360
1473	335
1474	335
1475	331
1476	335
1477	314
1478	361
1479	352
1480	360
1481	338
1482	351
1483	344
1484	343
1485	346
1486	338
1487	363
1488	321
1489	339
1490	342
1491	368
1492	359
1493	347
1494	372
1495	321
1496	329
1497	334
1498	331
1499	357
1500	371
1501	363
1502	351
1503	351
1504	372
1505	317
1506	354
1507	384
1508	307
1509	326
1510	320
1511	352
1512	375
1513	363
1514	357
1515	318
1516	360
1517	317
1518	346
1519	344
1520	388
1521	344
1522	354
1523	338
1524	368
1525	353
1526	353
1527	304
1528	338
1529	363
1530	354
1531	359
1532	320
1533	343
1534	308
1535	312
1536	353
1537	350
1538	356
1539	328
1540	349
1541	329
1542	361
1543	338
1544	330
1545	351
1546	372
1547	338
1548	339
1549	368
1550	319
1551	324
1552	361
1553	352
1554	319
1555	332
1556	330
1557	339
1558	355
1559	346
1560	337
1561	302
1562	369
1563	318
1564	350
1565	313
1566	283
1567	344
1568	330
1569	321
1570	306
1571	333
1572	305
1573	364
1574	338
1575	286
1576	335
1577	344
1578	322
1579	304
1580	324
1581	310
1582	312
1583	288
1584	323
1585	305
1586	302
1587	323
1588	324
1589	296
1590	286
1591	307
1592	321
1593	324
1594	271
1595	313
1596	303
1597	314
1598	292
1599	310
1600	299
1601	285
1602	302
1603	305
1604	330
1605	289
1606	302
1607	312
1608	324
1609	289
1610	265
1611	305
1612	264
1613	246
1614	295
1615	260
1616	263
1617	315
1618	301
1619	289
1620	287
1621	263
1622	278
1623	269
1624	272
1625	269
1626	298
1627	306
1628	251
1629	258
1630	290
1631	244
1632	262
1633	267
1634	258
1635	242
1636	266
1637	263
1638	264
1639	235
1640	211
1641	267
1642	256
1643	255
1644	274
1645	235
1646	212
1647	248
1648	216
1649	243
1650	238
1651	265
1652	239
1653	240
1654	237
1655	250
1656	220
1657	255
1658	237
1659	226
1660	208
1661	236
1662	231
1663	213
1664	227
1665	258
1666	252
1667	240
1668	233
1669	210
1670	229
1671	205
1672	211
1673	244
1674	209
1675	211
1676	240
1677	208
1678	210
1679	205
1680	181
1681	208
1682	192
1683	201
1684	195
1685	198
1686	186
1687	207
1688	184
1689	197
1690	200
1691	186
1692	188
1693	209
1694	200
1695	168
1696	196
1697	173
1698	191
1699	193
1700	170
1701	205
1702	183
1703	181
1704	163
1705	169
1706	177
1707	177
1708	176
1709	171
1710	181
1711	196
1712	176
1713	171
1714	154
1715	195
1716	178
1717	173
1718	154
1719	145
1720	167
1721	170
1722	152
1723	170
1724	141
1725	166
1726	164
1727	144
1728	163
1729	148
1730	158
1731	142
1732	139
1733	152
1734	155
1735	142
1736	135
1737	147
1738	138
1739	139
1740	134
1741	142
1742	133
1743	123
1744	134
1745	142
1746	141
1747	134
1748	137
1749	108
1750	108
1751	114
1752	122
1753	137
1754	145
1755	115
1756	122
1757	142
1758	129
1759	129
1760	141
1761	122
1762	116
1763	135
1764	121
1765	108
1766	128
1767	134
1768	115
1769	130
1770	128
1771	125
1772	115
1773	96
1774	108
1775	103
1776	112
1777	117
1778	115
1779	111
1780	104
1781	100
1782	114
1783	89
1784	93
1785	97
1786	115
1787	109
1788	96
1789	85
1790	94
1791	93
1792	85
1793	104
1794	83
1795	69
1796	91
1797	98
1798	98
1799	77
1800	98
1801	81
1802	81
1803	81
1804	89
1805	87
1806	83
1807	82
1808	87
1809	80
1810	81
1811	64
1812	98
1813	66
1814	81
1815	69
1816	72
1817	73
1818	89
1819	61
1820	84
1821	70
1822	83
1823	79
1824	74
1825	80
1826	70
1827	63
1828	60
1829	68
1830	60
1831	59
1832	56
1833	59
1834	52
1835	73
1836	66
1837	59
1838	65
1839	65
1840	54
1841	79
1842	66
1843	63
1844	54
1845	60
1846	56
1847	64
1848	58
1849	53
1850	60
1851	60
1852	49
1853	59
1854	57
1855	49
1856	47
1857	48
1858	45
1859	65
1860	50
1861	68
1862	53
1863	50
1864	45
1865	54
1866	42
1867	50
1868	57
1869	49
1870	45
1871	44
1872	44
1873	47
1874	47
1875	53
1876	43
1877	47
1878	43
1879	55
1880	43
1881	43
1882	26
1883	49
1884	43
1885	39
1886	58
1887	44
1888	35
1889	41
1890	38
1891	51
1892	40
1893	31
1894	43
1895	44
1896	31
1897	46
1898	47
1899	36
1900	40
1901	43
1902	28
1903	37
1904	33
1905	42
1906	40
1907	32
1908	28
1909	37
1910	24
1911	33
1912	27
1913	33
1914	34
1915	30
1916	31
1917	34
1918	32
1919	37
1920	39
1921	27
1922	30
1923	35
1924	34
1925	24
1926	32
1927	31
1928	31
1929	29
1930	33
1931	30
1932	42
1933	23
1934	20
1935	29
1936	16
1937	26
1938	28
1939	24
1940	25
1941	25
1942	20
1943	25
1944	34
1945	25
1946	30
1947	29
1948	25
1949	33
1950	34
1951	17
1952	24
1953	22
1954	24
1955	20
1956	29
1957	23
1958	27
1959	25
1960	25
1961	26
1962	21
1963	24
1964	20
1965	21
1966	18
1967	22
1968	23
1969	12
1970	29
1971	28
1972	21
1973	22
1974	17
1975	33
1976	25
1977	31
1978	17
1979	21
1980	22
1981	20
1982	16
1983	26
1984	20
1985	17
1986	23
1987	21
1988	19
1989	15
1990	27
1991	25
1992	8
1993	18
1994	16
1995	21
1996	21
1997	18
1998	27
1999	17
2000	21
2001	28
2002	23
2003	22
2004	16
2005	23
2006	28
2007	15
2008	18
2009	19
2010	24
2011	11
2012	24
2013	16
2014	18
2015	18
2016	16
2017	25
2018	15
2019	23
2020	17
2021	17
2022	16
2023	15
2024	10
2025	22
2026	10
2027	27
2028	14
2029	19
2030	20
2031	14
2032	18
2033	13
2034	20
2035	16
2036	20
2037	16
2038	23
2039	21
2040	20
2041	22
2042	17
2043	16
2044	16
2045	18
2046	17
2047	17
2048	11
2049	18
2050	14
2051	18
2052	9
2053	14
2054	23
2055	18
2056	14
2057	14
2058	8
2059	15
2060	23
2061	21
2062	9
2063	22
2064	25
2065	18
2066	17
2067	14
2068	20
2069	13
2070	15
2071	17
2072	9
2073	13
2074	14
2075	17
2076	21
2077	18
2078	20
2079	21
2080	13
2081	21
2082	12
2083	11
2084	14
2085	7
2086	13
2087	13
2088	13
2089	18
2090	16
2091	17
2092	10
2093	17
2094	12
2095	15
2096	12
2097	17
2098	14
2099	12
2100	18
2101	12
2102	15
2103	16
2104	9
2105	12
2106	10
2107	16
2108	15
2109	14
2110	10
2111	12
2112	8
2113	14
2114	18
2115	8
2116	13
2117	14
2118	12
2119	11
2120	10
2121	9
2122	12
2123	16
2124	13
2125	12
2126	13
2127	10
2128	16
2129	14
2130	14
2131	14
2132	15
2133	11
2134	16
2135	11
2136	11
2137	16
2138	9
2139	14
2140	15
2141	15
2142	16
2143	16
2144	12
2145	17
2146	11
2147	15
2148	10
2149	18
2150	11
2151	11
2152	13
2153	9
2154	14
2155	10
2156	4
2157	7
2158	16
2159	11
2160	13
2161	15
2162	8
2163	10
2164	14
2165	8
2166	13
2167	11
2168	13
2169	16
2170	16
2171	14
2172	9
2173	17
2174	15
2175	11
2176	8
2177	12
2178	15
2179	8
2180	11
2181	7
2182	6
2183	12
2184	16
2185	13
2186	10
2187	10
2188	13
2189	10
2190	19
2191	14
2192	8
2193	7
2194	10
2195	20
2196	7
2197	17
2198	18
2199	9
2200	15
2201	11
2202	9
2203	25
2204	12
2205	6
2206	14
2207	10
2208	7
2209	11
2210	10
2211	8
2212	15
2213	15
2214	12
2215	8
2216	14
2217	17
2218	10
2219	14
2220	15
2221	10
2222	12
2223	16
2224	14
2225	15
2226	15
2227	14
2228	11
2229	10
2230	15
2231	14
2232	17
2233	15
2234	5
2235	22
2236	13
2237	17
2238	14
2239	17
2240	7
2241	12
2242	14
2243	7
2244	11
2245	15
2246	10
2247	3
2248	7
2249	11
2250	17
2251	10
2252	11
2253	10
2254	10
2255	15
2256	8
2257	15
2258	14
2259	10
2260	14
2261	7
2262	14
2263	12
2264	15
2265	9
2266	14
2267	11
2268	8
2269	8
2270	11
2271	12
2272	12
2273	11
2274	12
2275	17
2276	9
2277	12
2278	9
2279	13
2280	8
2281	10
2282	15
2283	11
2284	10
2285	11
2286	14
2287	10
2288	10
2289	9
2290	11
2291	15
2292	13
2293	14
2294	20
2295	13
2296	16
2297	11
2298	13
2299	12
2300	8
2301	11
2302	9
2303	9
2304	7
2305	15
2306	12
2307	15
2308	6
2309	8
2310	22
2311	8
2312	5
2313	11
2314	12
2315	8
2316	11
2317	9
2318	7
2319	11
2320	19
2321	14
2322	10
2323	11
2324	8
2325	19
2326	12
2327	9
2328	11
2329	10
2330	10
2331	12
2332	6
2333	24
2334	10
2335	9
2336	13
2337	12
2338	11
2339	14
2340	8
2341	7
2342	10
2343	8
2344	9
2345	10
2346	12
2347	13
2348	6
2349	9
2350	5
2351	13
2352	11
2353	14
2354	10
2355	11
2356	10
2357	14
2358	13
2359	12
2360	10
2361	16
2362	8
2363	11
2364	8
2365	20
2366	7
2367	9
2368	15
2369	13
2370	14
2371	17
2372	7
2373	15
2374	15
2375	13
2376	5
2377	13
2378	8
2379	10
2380	11
2381	9
2382	12
2383	9
2384	5
2385	14
2386	16
2387	3
2388	9
2389	11
2390	14
2391	14
2392	13
2393	9
2394	14
2395	14
2396	7
2397	9
2398	13
2399	7
2400	5
2401	10
2402	7
2403	13
2404	10
2405	16
2406	15
2407	9
2408	8
2409	11
2410	16
2411	5
2412	9
2413	18
2414	14
2415	12
2416	12
2417	12
2418	7
2419	7
2420	13
2421	14
2422	10
2423	11
2424	12
2425	12
2426	15
2427	9
2428	10
2429	11
2430	17
2431	14
2432	5
2433	7
2434	9
2435	6
2436	14
2437	9
2438	13
2439	11
2440	11
2441	9
2442	8
2443	13
2444	6
2445	12
2446	10
2447	17
2448	15
2449	12
2450	8
2451	10
2452	7
2453	8
2454	9
2455	9
2456	12
2457	8
2458	14
2459	14
2460	4
2461	12
2462	7
2463	10
2464	8
2465	12
2466	12
2467	10
2468	12
2469	16
2470	14
2471	9
2472	10
2473	9
2474	18
2475	15
2476	17
2477	9
2478	11
2479	9
2480	9
2481	10
2482	11
2483	9
2484	13
2485	10
2486	16
2487	12
2488	8
2489	12
2490	2
2491	15
2492	8
2493	12
2494	10
2495	13
2496	10
2497	10
2498	12
2499	7
2500	11
2501	11
2502	9
2503	9
2504	13
2505	12
2506	13
2507	17
2508	9
2509	14
2510	13
2511	11
2512	11
2513	9
2514	9
2515	10
2516	9
2517	8
2518	11
2519	9
2520	10
2521	7
2522	10
2523	9
2524	10
2525	4
2526	12
2527	3
2528	9
2529	8
2530	5
2531	10
2532	11
2533	9
2534	10
2535	12
2536	3
2537	8
2538	13
2539	7
2540	10
2541	15
2542	15
2543	13
2544	13
2545	12
2546	4
2547	10
2548	13
2549	11
2550	9
2551	15
2552	6
2553	12
2554	10
2555	9
2556	7
2557	9
2558	5
2559	7
2560	7
2561	8
2562	9
2563	13
2564	4
2565	12
2566	6
2567	13
2568	8
2569	12
2570	9
2571	11
2572	3
2573	15
2574	9
2575	7
2576	12
2577	6
2578	10
2579	8
2580	10
2581	7
2582	10
2583	16
2584	10
2585	16
2586	4
2587	11
2588	15
2589	8
2590	10
2591	10
2592	5
2593	10
2594	12
2595	9
2596	12
2597	7
2598	18
2599	14
2600	15
2601	5
2602	5
2603	6
2604	8
2605	8
2606	9
2607	10
2608	13
2609	6
2610	12
2611	4
2612	3
2613	7
2614	9
2615	15
2616	13
2617	9
2618	7
2619	5
2620	11
2621	11
2622	8
2623	8
2624	9
2625	8
2626	10
2627	8
2628	7
2629	7
2630	10
2631	6
2632	11
2633	9
2634	5
2635	2
2636	9
2637	5
2638	10
2639	5
2640	11
2641	5
2642	13
2643	10
2644	10
2645	7
2646	4
2647	8
2648	12
2649	6
2650	12
2651	14
2652	7
2653	6
2654	11
2655	7
2656	10
2657	10
2658	6
2659	14
2660	4
2661	11
2662	11
2663	10
2664	17
2665	7
2666	9
2667	9
2668	7
2669	6
2670	9
2671	9
2672	10
2673	10
2674	12
2675	10
2676	11
2677	7
2678	10
2679	3
2680	10
2681	6
2682	10
2683	6
2684	8
2685	8
2686	12
2687	9
2688	8
2689	7
2690	7
2691	16
2692	13
2693	9
2694	8
2695	10
2696	12
2697	10
2698	6
2699	8
2700	6
2701	5
2702	6
2703	4
2704	11
2705	8
2706	9
2707	6
2708	8
2709	8
2710	7
2711	8
2712	9
2713	7
2714	4
2715	11
2716	6
2717	15
2718	7
2719	12
2720	12
2721	9
2722	8
2723	12
2724	7
2725	5
2726	8
2727	6
2728	7
2729	6
2730	12
2731	6
2732	12
2733	8
2734	7
2735	7
2736	9
2737	11
2738	11
2739	9
2740	9
2741	6
2742	12
2743	6
2744	7
2745	8
2746	8
2747	5
2748	4
2749	6
2750	3
2751	9
2752	10
2753	9
2754	7
2755	7
2756	14
2757	7
2758	5
2759	4
2760	4
2761	10
2762	11
2763	7
2764	7
2765	5
2766	9
2767	13
2768	2
2769	6
2770	5
2771	9
2772	12
2773	10
2774	8
2775	9
2776	8
2777	8
2778	4
2779	8
2780	8
2781	6
2782	9
2783	7
2784	7
2785	7
2786	6
2787	12
2788	7
2789	6
2790	8
2791	11
2792	11
2793	4
2794	5
2795	10
2796	6
2797	5
2798	8
2799	11
2800	7
2801	5
2802	7
2803	9
2804	12
2805	3
2806	8
2807	10
2808	8
2809	11
2810	4
2811	6
2812	9
2813	14
2814	10
2815	12
2816	3
2817	8
2818	8
2819	10
2820	4
2821	7
2822	5
2823	12
2824	5
2825	12
2826	9
2827	9
2828	5
2829	6
2830	12
2831	15
2832	11
2833	10
2834	10
2835	4
2836	10
2837	6
2838	10
2839	9
2840	9
2841	10
2842	10
2843	6
2844	4
2845	7
2846	8
2847	7
2848	9
2849	6
2850	7
2851	12
2852	12
2853	5
2854	8
2855	8
2856	8
2857	13
2858	7
2859	6
2860	9
2861	6
2862	5
2863	8
2864	9
2865	9
2866	12
2867	3
2868	9
2869	11
2870	5
2871	3
2872	12
2873	7
2874	9
2875	7
2876	10
2877	4
2878	17
2879	9
2880	5
2881	3
2882	4
2883	6
2884	7
2885	8
2886	5
2887	11
2888	6
2889	10
2890	11
2891	8
2892	8
2893	6
2894	7
2895	4
2896	8
2897	7
2898	8
2899	7
2900	7
2901	6
2902	5
2903	7
2904	3
2905	7
2906	5
2907	6
2908	5
2909	4
2910	7
2911	5
2912	7
2913	6
2914	7
2915	4
2916	3
2917	10
2918	6
2919	11
2920	3
2921	5
2922	3
2923	7
2924	15
2925	9
2926	5
2927	10
2928	8
2929	9
2930	6
2931	8
2932	10
2933	10
2934	3
2935	6
2936	6
2937	9
2938	10
2939	8
2940	8
2941	7
2942	8
2943	8
2944	6
2945	8
2946	7
2947	10
2948	3
2949	3
2950	6
2951	9
2952	7
2953	3
2954	4
2955	8
2956	8
2957	2
2958	10
2959	13
2960	9
2961	6
2962	3
2963	7
2964	11
2965	7
2966	6
2967	8
2968	10
2969	6
2970	6
2971	5
2972	2
2973	7
2974	7
2975	3
2976	8
2977	12
2978	7
2979	6
2980	7
2981	6
2982	6
2983	3
2984	6
2985	9
2986	3
2987	3
2988	3
2989	8
2990	3
2991	3
2992	7
2993	8
2994	6
2995	6
2996	9
2997	5
2998	3
2999	5
3000	6
3001	6
3002	6
3003	3
3004	9
3005	5
3006	5
3007	9
3008	5
3009	12
3010	9
3011	3
3012	6
3013	7
3014	7
3015	9
3016	8
3017	7
3018	11
3019	4
3020	2
3021	9
3022	9
3023	9
3024	6
3025	6
3026	8
3027	1
3028	6
3029	7
3030	10
3031	2
3032	9
3033	4
3034	8
3035	7
3036	8
3037	4
3038	9
3039	6
3040	9
3041	5
3042	8
3043	5
3044	6
3045	8
3046	7
3047	10
3048	9
3049	5
3050	5
3051	7
3052	4
3053	7
3054	5
3055	2
3056	11
3057	10
3058	7
3059	9
3060	7
3061	5
3062	7
3063	9
3064	8
3065	5
3066	6
3067	3
3068	9
3069	5
3070	4
3071	7
3072	4
3073	6
3074	10
3075	7
3076	8
3077	8
3078	5
3079	6
3080	9
3081	10
3082	10
3083	3
3084	8
3085	12
3086	6
3087	6
3088	5
3089	6
3090	1
3091	5
3092	7
3093	8
3094	2
3095	6
3096	6
3097	8
3098	4
3099	3
3100	3
3101	9
3102	4
3103	6
3104	2
3105	11
3106	8
3107	6
3108	8
3109	7
3110	4
3111	7
3112	11
3113	7
3114	8
3115	5
3116	3
3117	13
3118	6
3119	12
3120	9
3121	10
3122	6
3123	8
3124	9
3125	1
3126	8
3127	5
3128	7
3129	6
3130	5
3131	6
3132	6
3133	3
3134	7
3135	6
3136	10
3137	5
3138	10
3139	5
3140	6
3141	5
3142	4
3143	6
3144	5
3145	11
3146	7
3147	3
3148	11
3149	4
3150	7
3151	7
3152	2
3153	5
3154	2
3155	14
3156	9
3157	9
3158	6
3159	5
3160	5
3161	5
3162	8
3163	3
3164	5
3165	7
3166	7
3167	6
3168	4
3169	10
3170	3
3171	4
3172	11
3173	12
3174	3
3175	5
3176	5
3177	7
3178	4
3179	2
3180	3
3181	8
3182	8
3183	8
3184	6
3185	3
3186	5
3187	11
3188	8
3189	6
3190	12
3191	6
3192	10
3193	6
3194	6
3195	7
3196	4
3197	4
3198	4
3199	7
3200	6
3201	6
3202	4
3203	11
3204	2
3205	5
3206	5
3207	7
3208	8
3209	8
3210	9
3211	5
3212	8
3213	11
3214	10
3215	8
3216	3
3217	7
3218	6
3219	6
3220	7
3221	3
3222	7
3223	8
3224	3
3225	9
3226	9
3227	8
3228	7
3229	5
3230	8
3231	10
3232	3
3233	3
3234	7
3235	6
3236	7
3237	7
3238	5
3239	5
3240	6
3241	3
3242	3
3243	5
3244	7
3245	12
3246	10
3247	6
3248	8
3249	4
3250	6
3251	8
3252	6
3253	8
3254	4
3255	3
3256	8
3257	3
3258	2
3259	8
3260	6
3261	7
3262	8
3263	7
3264	8
3265	4
3266	8
3267	4
3268	3
3269	4
3270	2
3271	5
3272	7
3273	7
3274	4
3275	3
3276	4
3277	8
3278	8
3279	4
3280	5
3281	5
3282	6
3283	6
3284	6
3285	8
3286	4
3287	6
3288	8
3289	9
3290	9
3291	5
3292	5
3293	6
3294	1
3295	1
3296	6
3297	8
3298	8
3299	7
3300	7
3301	5
3302	5
3303	3
3304	8
3305	11
3306	3
3307	3
3308	3
3309	5
3310	7
3311	6
3312	1
3313	8
3314	8
3315	8
3316	8
3317	8
3318	7
3319	10
3320	5
3321	7
3322	10
3323	3
3324	9
3325	5
3326	9
3327	4
3328	6
3329	6
3330	6
3331	6
3332	3
3333	9
3334	8
3335	12
3336	5
3337	4
3338	3
3339	6
3340	3
3341	6
3342	3
3343	2
3344	9
3345	6
3346	3
3347	3
3348	7
3349	11
3350	3
3351	5
3352	4
3353	4
3354	6
3355	9
3356	4
3357	4
3358	6
3359	9
3360	5
3361	4
3362	5
3363	4
3364	6
3365	5
3366	5
3367	8
3368	5
3369	6
3370	4
3371	5
3372	7
3373	4
3374	7
3375	10
3376	6
3377	5
3378	2
3379	6
3380	6
3381	4
3382	6
3383	7
3384	7
3385	3
3386	8
3387	7
3388	2
3389	3
3390	5
3391	8
3392	6
3393	2
3394	3
3395	3
3396	3
3397	5
3398	4
3399	4
3400	4
3401	4
3402	1
3403	3
3404	8
3405	5
3406	8
3407	10
3408	5
3409	6
3410	10
3411	10
3412	1
3413	5
3414	7
3415	4
3416	6
3417	5
3418	5
3419	5
3420	4
3421	6
3422	7
3423	6
3424	2
3425	9
3426	2
3427	5
3428	13
3429	6
3430	5
3431	2
3432	8
3433	5
3434	3
3435	2
3436	3
3437	3
3438	4
3439	6
3440	3
3441	6
3442	5
3443	6
3444	6
3445	7
3446	3
3447	3
3448	6
3449	6
3450	7
3451	5
3452	3
3453	2
3454	3
3455	4
3456	4
3457	3
3458	9
3459	3
3460	5
3461	4
3462	4
3463	7
3464	3
3465	0
3466	5
3467	8
3468	6
3469	2
3470	1
3471	6
3472	7
3473	4
3474	8
3475	10
3476	0
3477	2
3478	5
3479	3
3480	5
3481	3
3482	5
3483	5
3484	2
3485	1
3486	2
3487	3
3488	6
3489	3
3490	5
3491	2
3492	5
3493	5
3494	1
3495	5
3496	2
3497	1
3498	2
3499	4
3500	5
3501	4
3502	3
3503	4
3504	2
3505	1
3506	4
3507	3
3508	2
3509	8
3510	6
3511	6
3512	7
3513	3
3514	4
3515	6
3516	4
3517	1
3518	6
3519	5
3520	5
3521	5
3522	4
3523	5
3524	3
3525	2
3526	7
3527	3
3528	4
3529	2
3530	3
3531	6
3532	3
3533	2
3534	1
3535	6
3536	3
3537	4
3538	2
3539	2
3540	1
3541	4
3542	3
3543	6
3544	2
3545	1
3546	6
3547	2
3548	5
3549	3
3550	3
3551	6
3552	1
3553	2
3554	6
3555	4
3556	2
3557	5
3558	2
3559	7
3560	3
3561	6
3562	2
3563	3
3564	3
3565	6
3566	5
3567	6
3568	3
3569	5
3570	0
3571	5
3572	3
3573	5
3574	0
3575	4
3576	4
3577	3
3578	3
3579	2
3580	6
3581	4
3582	8
3583	4
3584	4
3585	4
3586	7
3587	1
3588	2
3589	5
3590	0
3591	4
3592	7
3593	4
3594	3
3595	3
3596	1
3597	3
3598	3
3599	4
3600	1
3601	4
3602	4
3603	3
3604	2
3605	1
3606	1
3607	1
3608	1
3609	2
3610	5
3611	3
3612	5
3613	4
3614	5
3615	2
3616	0
3617	4
3618	5
3619	4
3620	5
3621	3
3622	4
3623	0
3624	3
3625	2
3626	0
3627	2
3628	0
3629	2
3630	1
3631	3
3632	4
3633	1
3634	1
3635	3
3636	2
3637	1
3638	2
3639	5
3640	1
3641	0
3642	3
3643	1
3644	3
3645	3
3646	3
3647	1
3648	4
3649	1
3650	1
3651	1
3652	2
3653	0
3654	2
3655	8
3656	2
3657	1
3658	1
3659	2
3660	5
3661	2
3662	4
3663	1
3664	4
3665	1
3666	0
3667	3
3668	3
3669	4
3670	2
3671	2
3672	2
3673	1
3674	1
3675	2
3676	2
3677	0
3678	5
3679	2
3680	4
3681	0
3682	2
3683	0
3684	3
3685	3
3686	4
3687	0
3688	2
3689	2
3690	1
3691	3
3692	2
3693	1
3694	2
3695	3
3696	3
3697	0
3698	2
3699	2
3700	1
3701	0
3702	2
3703	2
3704	1
3705	0
3706	2
3707	1
3708	1
3709	2
3710	1
3711	1
3712	3
3713	1
3714	0
3715	1
3716	1
3717	1
3718	0
3719	2
3720	2
3721	5
3722	1
3723	2
3724	2
3725	5
3726	3
3727	0
3728	0
3729	3
3730	5
3731	1
3732	1
3733	0
3734	2
3735	0
3736	3
3737	2
3738	3
3739	2
3740	4
3741	2
3742	3
3743	1
3744	2
3745	2
3746	2
3747	0
3748	0
3749	0
3750	4
3751	1
3752	0
3753	3
3754	3
3755	0
3756	1
3757	3
3758	1
3759	1
3760	1
3761	2
3762	1
3763	1
3764	1
3765	2
3766	2
3767	3
3768	0
3769	1
3770	2
3771	1
3772	0
3773	2
3774	2
3775	4
3776	1
3777	1
3778	1
3779	1
3780	3
3781	0
3782	0
3783	1
3784	1
3785	0
3786	2
3787	1
3788	1
3789	2
3790	0
3791	2
3792	0
3793	1
3794	0
3795	0
3796	1
3797	0
3798	2
3799	1
3800	1
3801	0
3802	0
3803	1
3804	3
3805	1
3806	0
3807	1
3808	2
3809	1
3810	0
3811	0
3812	0
3813	1
3814	0
3815	0
3816	3
3817	2
3818	2
3819	1
3820	1
3821	0
3822	1
3823	2
3824	1
3825	1
3826	2
3827	0
3828	0
3829	0
3830	1
3831	0
3832	1
3833	0
3834	2
3835	1
3836	1
3837	1
3838	1
3839	1
3840	1
3841	0
3842	0
3843	0
3844	0
3845	2
3846	1
3847	0
3848	0
3849	0
3850	0
3851	1
3852	2
3853	0
3854	0
3855	0
3856	1
3857	1
3858	2
3859	1
3860	0
3861	1
3862	1
3863	0
3864	1
3865	0
3866	0
3867	0
3868	1
3869	0
3870	0
3871	1
3872	0
3873	2
3874	0
3875	2
3876	0
3877	1
3878	0
3879	1
3880	0
3881	0
3882	1
3883	1
3884	2
3885	1
3886	0
3887	0
3888	1
3889	1
3890	2
3891	0
3892	1
3893	0
3894	0
3895	1
3896	1
3897	0
3898	2
3899	0
3900	0
3901	2
3902	2
3903	1
3904	2
3905	1
3906	0
3907	1
3908	0
3909	0
3910	0
3911	0
3912	2
3913	1
3914	0
3915	0
3916	1
3917	0
3918	0
3919	0
3920	0
3921	0
3922	0
3923	1
3924	0
3925	0
3926	0
3927	2
3928	0
3929	0
3930	0
3931	0
3932	1
3933	0
3934	0
3935	1
3936	0
3937	3
3938	1
3939	0
3940	1
3941	0
3942	0
3943	1
3944	0
3945	1
3946	0
3947	1
3948	0
3949	0
3950	1
3951	0
3952	0
3953	0
3954	0
3955	1
3956	0
3957	1
3958	0
3959	0
3960	1
3961	1
3962	0
3963	0
3964	0
3965	0
3966	0
3967	0
3968	1
3969	0
3970	0
3971	0
3972	2
3973	0
3974	2
3975	0
3976	1
3977	1
3978	1
3979	1
3980	3
3981	0
3982	2
3983	1
3984	0
3985	0
3986	0
3987	1
3988	0
3989	0
3990	0
3991	1
3992	0
3993	2
3994	0
3995	1
3996	0
3997	0
3998	1
3999	0
4000	1
4001	0
4002	0
4003	0
4004	0
4005	0
4006	0
4007	1
4008	0
4009	0
4010	0
4011	0
4012	1
4013	0
4014	0
4015	0
4016	1
4017	0
4018	0
4019	1
4020	0
4021	1
4022	0
4023	1
4024	0
4025	0
4026	0
4027	1
4028	0
4029	1
4030	0
4031	0
4032	1
4033	0
4034	0
4035	1
4036	0
4037	0
4038	0
4039	0
4040	0
4041	0
4042	0
4043	0
4044	0
4045	0
4046	1
4047	1
4048	0
4049	0
4050	0
4051	0
4052	0
4053	0
4054	1
4055	0
4056	0
4057	0
4058	0
4059	0
4060	0
4061	2
4062	0
4063	0
4064	0
4065	1
4066	0
4067	0
4068	1
4069	0
4070	0
4071	0
4072	0
4073	0
4074	0
4075	1
4076	0
4077	0
4078	0
4079	1
4080	0
4081	0
4082	0
4083	1
4084	0
4085	1
4086	0
4087	0
4088	1
4089	0
4090	0
4091	0
4092	1
4093	0
4094	1
4095	1
