0	0
1	0
2	0
3	0
4	0
5	0
6	0
7	0
8	0
9	0
10	0
11	0
12	0
13	0
14	0
15	0
16	0
17	0
18	0
19	0
20	0
21	0
22	0
23	0
24	0
25	1
26	0
27	0
28	0
29	0
30	0
31	0
32	0
33	0
34	0
35	0
36	0
37	0
38	0
39	0
40	1
41	0
42	1
43	0
44	0
45	1
46	0
47	0
48	0
49	1
50	3
51	4
52	1
53	3
54	6
55	4
56	8
57	4
58	2
59	11
60	7
61	16
62	60
63	204
64	283
65	270
66	276
67	216
68	197
69	181
70	137
71	111
72	108
73	100
74	90
75	85
76	83
77	79
78	62
79	56
80	61
81	60
82	57
83	56
84	51
85	52
86	56
87	31
88	60
89	54
90	39
91	39
92	44
93	59
94	59
95	48
96	39
97	34
98	55
99	48
100	38
101	55
102	61
103	46
104	44
105	48
106	56
107	43
108	40
109	45
110	51
111	48
112	50
113	47
114	59
115	46
116	43
117	55
118	51
119	57
120	49
121	42
122	48
123	58
124	49
125	53
126	35
127	41
128	43
129	51
130	32
131	50
132	45
133	48
134	62
135	50
136	47
137	43
138	50
139	48
140	45
141	63
142	52
143	51
144	50
145	48
146	46
147	45
148	37
149	48
150	37
151	54
152	40
153	41
154	37
155	58
156	38
157	39
158	57
159	47
160	38
161	34
162	42
163	40
164	37
165	59
166	57
167	41
168	60
169	45
170	45
171	53
172	47
173	42
174	58
175	44
176	44
177	38
178	50
179	51
180	47
181	48
182	38
183	55
184	38
185	51
186	49
187	60
188	46
189	44
190	37
191	56
192	44
193	38
194	52
195	49
196	45
197	54
198	48
199	44
200	53
201	56
202	55
203	41
204	48
205	49
206	49
207	37
208	42
209	47
210	57
211	42
212	43
213	58
214	45
215	44
216	47
217	58
218	53
219	43
220	58
221	52
222	49
223	52
224	37
225	54
226	45
227	54
228	48
229	58
230	47
231	45
232	45
233	48
234	41
235	42
236	38
237	62
238	44
239	45
240	51
241	41
242	37
243	50
244	40
245	50
246	70
247	60
248	52
249	52
250	47
251	51
252	54
253	38
254	59
255	55
256	50
257	47
258	49
259	41
260	51
261	43
262	42
263	53
264	53
265	63
266	57
267	61
268	51
269	51
270	69
271	52
272	43
273	56
274	51
275	57
276	49
277	55
278	53
279	52
280	43
281	48
282	56
283	52
284	51
285	42
286	47
287	56
288	43
289	53
290	44
291	58
292	43
293	60
294	42
295	49
296	59
297	45
298	49
299	38
300	42
301	67
302	41
303	41
304	50
305	45
306	50
307	59
308	52
309	43
310	56
311	56
312	51
313	54
314	53
315	54
316	56
317	63
318	60
319	62
320	49
321	48
322	58
323	63
324	52
325	59
326	65
327	48
328	58
329	54
330	62
331	57
332	51
333	37
334	55
335	50
336	59
337	65
338	51
339	67
340	40
341	52
342	48
343	69
344	75
345	58
346	60
347	58
348	56
349	51
350	59
351	67
352	57
353	61
354	49
355	64
356	62
357	65
358	48
359	69
360	67
361	51
362	65
363	62
364	42
365	80
366	66
367	74
368	78
369	71
370	65
371	67
372	55
373	60
374	68
375	64
376	67
377	54
378	70
379	67
380	69
381	55
382	69
383	57
384	67
385	70
386	80
387	68
388	60
389	63
390	64
391	81
392	56
393	76
394	60
395	64
396	70
397	77
398	65
399	71
400	85
401	69
402	62
403	78
404	72
405	65
406	69
407	78
408	80
409	61
410	56
411	89
412	77
413	67
414	74
415	84
416	63
417	64
418	74
419	79
420	84
421	74
422	91
423	74
424	65
425	72
426	77
427	68
428	64
429	79
430	67
431	72
432	73
433	72
434	70
435	84
436	80
437	69
438	87
439	86
440	87
441	72
442	55
443	74
444	77
445	85
446	63
447	72
448	73
449	78
450	71
451	64
452	68
453	81
454	74
455	83
456	80
457	72
458	71
459	79
460	83
461	78
462	63
463	107
464	73
465	88
466	82
467	69
468	63
469	76
470	84
471	79
472	87
473	79
474	79
475	77
476	89
477	83
478	80
479	75
480	70
481	71
482	65
483	73
484	74
485	79
486	74
487	77
488	88
489	82
490	86
491	92
492	76
493	75
494	78
495	86
496	72
497	73
498	91
499	70
500	79
501	76
502	57
503	82
504	87
505	59
506	80
507	76
508	85
509	83
510	59
511	55
512	85
513	70
514	85
515	81
516	79
517	75
518	68
519	81
520	93
521	62
522	84
523	68
524	75
525	77
526	96
527	88
528	80
529	82
530	79
531	85
532	75
533	79
534	99
535	71
536	83
537	73
538	90
539	88
540	67
541	78
542	75
543	80
544	87
545	83
546	88
547	69
548	86
549	79
550	73
551	76
552	91
553	75
554	86
555	83
556	96
557	64
558	78
559	92
560	64
561	82
562	83
563	82
564	61
565	79
566	81
567	76
568	80
569	90
570	69
571	73
572	82
573	84
574	85
575	98
576	70
577	93
578	82
579	57
580	89
581	92
582	96
583	92
584	94
585	87
586	79
587	96
588	92
589	87
590	85
591	103
592	91
593	74
594	107
595	86
596	99
597	78
598	103
599	99
600	90
601	88
602	99
603	79
604	88
605	86
606	102
607	86
608	100
609	100
610	101
611	91
612	97
613	76
614	66
615	71
616	85
617	83
618	108
619	102
620	98
621	95
622	80
623	93
624	103
625	84
626	95
627	105
628	94
629	88
630	90
631	105
632	112
633	100
634	104
635	106
636	110
637	100
638	100
639	95
640	105
641	99
642	93
643	112
644	88
645	110
646	103
647	105
648	88
649	98
650	97
651	100
652	89
653	118
654	114
655	83
656	86
657	100
658	93
659	108
660	94
661	100
662	86
663	97
664	133
665	108
666	96
667	87
668	95
669	106
670	102
671	102
672	85
673	90
674	113
675	95
676	106
677	93
678	97
679	115
680	102
681	97
682	92
683	99
684	106
685	106
686	112
687	100
688	117
689	124
690	92
691	109
692	102
693	113
694	111
695	93
696	118
697	100
698	103
699	112
700	105
701	127
702	113
703	112
704	106
705	97
706	122
707	112
708	123
709	96
710	109
711	119
712	116
713	134
714	118
715	115
716	124
717	105
718	133
719	89
720	98
721	118
722	97
723	100
724	109
725	105
726	130
727	128
728	113
729	103
730	112
731	110
732	125
733	103
734	113
735	120
736	120
737	105
738	116
739	105
740	123
741	101
742	132
743	114
744	119
745	120
746	104
747	130
748	115
749	120
750	112
751	115
752	111
753	113
754	93
755	126
756	116
757	111
758	103
759	118
760	122
761	131
762	117
763	115
764	121
765	128
766	101
767	106
768	116
769	103
770	109
771	129
772	112
773	122
774	100
775	99
776	102
777	111
778	115
779	119
780	105
781	110
782	115
783	118
784	126
785	99
786	96
787	118
788	133
789	114
790	135
791	115
792	98
793	104
794	138
795	129
796	116
797	123
798	112
799	114
800	112
801	109
802	110
803	119
804	107
805	116
806	112
807	121
808	105
809	107
810	110
811	118
812	114
813	106
814	109
815	94
816	107
817	107
818	110
819	100
820	111
821	90
822	119
823	105
824	98
825	113
826	112
827	118
828	118
829	101
830	115
831	115
832	127
833	96
834	115
835	109
836	109
837	118
838	136
839	109
840	100
841	94
842	106
843	131
844	122
845	118
846	120
847	119
848	99
849	100
850	125
851	96
852	108
853	114
854	114
855	124
856	109
857	110
858	122
859	115
860	91
861	113
862	110
863	110
864	105
865	89
866	138
867	96
868	114
869	117
870	121
871	123
872	93
873	98
874	125
875	114
876	116
877	119
878	101
879	107
880	109
881	96
882	111
883	113
884	108
885	110
886	108
887	122
888	108
889	101
890	106
891	116
892	103
893	112
894	109
895	118
896	123
897	137
898	115
899	91
900	118
901	102
902	104
903	103
904	122
905	123
906	103
907	120
908	105
909	131
910	118
911	118
912	116
913	103
914	94
915	120
916	109
917	131
918	122
919	104
920	108
921	124
922	128
923	105
924	106
925	116
926	109
927	100
928	113
929	119
930	115
931	115
932	108
933	118
934	130
935	108
936	90
937	104
938	96
939	129
940	103
941	116
942	112
943	118
944	127
945	125
946	120
947	112
948	113
949	115
950	133
951	117
952	114
953	138
954	135
955	125
956	123
957	108
958	132
959	116
960	116
961	133
962	122
963	130
964	112
965	109
966	119
967	136
968	95
969	141
970	137
971	132
972	131
973	113
974	125
975	142
976	121
977	141
978	114
979	111
980	121
981	138
982	138
983	132
984	131
985	144
986	115
987	129
988	132
989	130
990	129
991	134
992	138
993	153
994	131
995	162
996	136
997	140
998	139
999	136
1000	164
1001	143
1002	154
1003	131
1004	155
1005	160
1006	119
1007	163
1008	118
1009	147
1010	151
1011	116
1012	154
1013	160
1014	160
1015	138
1016	165
1017	140
1018	164
1019	166
1020	158
1021	170
1022	147
1023	125
1024	126
1025	162
1026	156
1027	157
1028	150
1029	166
1030	171
1031	161
1032	163
1033	201
1034	187
1035	150
1036	191
1037	194
1038	157
1039	175
1040	169
1041	176
1042	171
1043	187
1044	171
1045	156
1046	180
1047	160
1048	170
1049	166
1050	189
1051	194
1052	180
1053	195
1054	198
1055	176
1056	182
1057	179
1058	193
1059	191
1060	200
1061	189
1062	188
1063	200
1064	211
1065	192
1066	197
1067	212
1068	211
1069	199
1070	200
1071	215
1072	225
1073	225
1074	226
1075	216
1076	212
1077	199
1078	215
1079	226
1080	218
1081	203
1082	222
1083	227
1084	236
1085	227
1086	201
1087	242
1088	247
1089	225
1090	235
1091	222
1092	213
1093	217
1094	249
1095	254
1096	223
1097	237
1098	227
1099	264
1100	255
1101	243
1102	261
1103	240
1104	231
1105	280
1106	253
1107	274
1108	240
1109	275
1110	286
1111	299
1112	270
1113	277
1114	309
1115	300
1116	274
1117	286
1118	248
1119	303
1120	266
1121	279
1122	299
1123	255
1124	296
1125	298
1126	283
1127	287
1128	281
1129	313
1130	318
1131	329
1132	312
1133	288
1134	292
1135	293
1136	310
1137	324
1138	307
1139	345
1140	303
1141	332
1142	306
1143	277
1144	351
1145	315
1146	326
1147	334
1148	322
1149	319
1150	338
1151	314
1152	326
1153	326
1154	313
1155	362
1156	328
1157	334
1158	317
1159	344
1160	344
1161	325
1162	341
1163	319
1164	354
1165	336
1166	316
1167	309
1168	330
1169	367
1170	357
1171	367
1172	360
1173	357
1174	350
1175	367
1176	354
1177	367
1178	377
1179	392
1180	372
1181	383
1182	414
1183	388
1184	358
1185	361
1186	408
1187	382
1188	331
1189	375
1190	356
1191	375
1192	398
1193	369
1194	396
1195	396
1196	407
1197	379
1198	406
1199	412
1200	403
1201	374
1202	413
1203	369
1204	410
1205	401
1206	425
1207	375
1208	399
1209	400
1210	422
1211	393
1212	409
1213	384
1214	430
1215	392
1216	410
1217	390
1218	380
1219	375
1220	396
1221	424
1222	420
1223	405
1224	436
1225	428
1226	407
1227	453
1228	373
1229	398
1230	430
1231	431
1232	429
1233	457
1234	406
1235	424
1236	451
1237	398
1238	407
1239	435
1240	433
1241	429
1242	459
1243	418
1244	422
1245	444
1246	404
1247	413
1248	430
1249	436
1250	454
1251	429
1252	430
1253	388
1254	432
1255	410
1256	425
1257	447
1258	437
1259	430
1260	415
1261	397
1262	471
1263	449
1264	436
1265	449
1266	445
1267	432
1268	411
1269	433
1270	432
1271	415
1272	430
1273	458
1274	415
1275	430
1276	417
1277	427
1278	439
1279	440
1280	434
1281	451
1282	379
1283	460
1284	449
1285	390
1286	429
1287	414
1288	435
1289	427
1290	431
1291	433
1292	413
1293	428
1294	422
1295	392
1296	421
1297	436
1298	403
1299	406
1300	418
1301	404
1302	446
1303	421
1304	383
1305	411
1306	432
1307	393
1308	411
1309	358
1310	403
1311	422
1312	389
1313	410
1314	412
1315	374
1316	394
1317	405
1318	390
1319	397
1320	379
1321	394
1322	366
1323	432
1324	362
1325	382
1326	389
1327	391
1328	410
1329	400
1330	401
1331	389
1332	358
1333	371
1334	335
1335	364
1336	366
1337	340
1338	362
1339	362
1340	399
1341	369
1342	344
1343	369
1344	374
1345	344
1346	383
1347	366
1348	366
1349	343
1350	342
1351	335
1352	337
1353	347
1354	342
1355	338
1356	324
1357	337
1358	319
1359	356
1360	315
1361	363
1362	339
1363	349
1364	306
1365	323
1366	332
1367	335
1368	336
1369	308
1370	282
1371	322
1372	306
1373	319
1374	311
1375	297
1376	305
1377	308
1378	317
1379	297
1380	318
1381	302
1382	259
1383	298
1384	263
1385	305
1386	276
1387	292
1388	278
1389	254
1390	275
1391	279
1392	259
1393	270
1394	268
1395	281
1396	273
1397	277
1398	292
1399	298
1400	301
1401	273
1402	253
1403	236
1404	255
1405	236
1406	247
1407	274
1408	243
1409	264
1410	222
1411	261
1412	224
1413	240
1414	255
1415	207
1416	256
1417	223
1418	199
1419	230
1420	238
1421	197
1422	213
1423	179
1424	229
1425	250
1426	215
1427	207
1428	226
1429	237
1430	221
1431	238
1432	232
1433	199
1434	227
1435	215
1436	175
1437	189
1438	180
1439	201
1440	203
1441	210
1442	181
1443	207
1444	176
1445	187
1446	178
1447	190
1448	168
1449	178
1450	181
1451	192
1452	171
1453	176
1454	188
1455	184
1456	166
1457	152
1458	191
1459	156
1460	170
1461	168
1462	173
1463	153
1464	163
1465	151
1466	136
1467	150
1468	145
1469	140
1470	139
1471	148
1472	142
1473	157
1474	135
1475	158
1476	137
1477	146
1478	152
1479	152
1480	138
1481	140
1482	130
1483	145
1484	140
1485	127
1486	108
1487	124
1488	148
1489	117
1490	110
1491	126
1492	116
1493	128
1494	119
1495	108
1496	128
1497	88
1498	111
1499	116
1500	127
1501	105
1502	134
1503	125
1504	102
1505	119
1506	99
1507	98
1508	104
1509	104
1510	94
1511	100
1512	106
1513	95
1514	113
1515	93
1516	84
1517	130
1518	95
1519	94
1520	88
1521	86
1522	79
1523	99
1524	98
1525	108
1526	106
1527	100
1528	81
1529	86
1530	80
1531	65
1532	82
1533	79
1534	79
1535	69
1536	75
1537	73
1538	58
1539	76
1540	86
1541	73
1542	67
1543	71
1544	77
1545	71
1546	66
1547	79
1548	79
1549	78
1550	63
1551	83
1552	51
1553	48
1554	67
1555	70
1556	74
1557	71
1558	63
1559	57
1560	67
1561	43
1562	57
1563	56
1564	64
1565	68
1566	54
1567	49
1568	59
1569	54
1570	57
1571	52
1572	58
1573	53
1574	50
1575	47
1576	44
1577	56
1578	55
1579	49
1580	44
1581	48
1582	60
1583	45
1584	47
1585	48
1586	50
1587	51
1588	42
1589	47
1590	55
1591	46
1592	57
1593	44
1594	47
1595	38
1596	52
1597	44
1598	42
1599	38
1600	49
1601	36
1602	45
1603	40
1604	33
1605	42
1606	50
1607	46
1608	35
1609	37
1610	31
1611	44
1612	47
1613	45
1614	38
1615	29
1616	24
1617	39
1618	21
1619	37
1620	31
1621	25
1622	30
1623	41
1624	33
1625	37
1626	29
1627	42
1628	41
1629	35
1630	36
1631	26
1632	35
1633	34
1634	38
1635	31
1636	29
1637	28
1638	36
1639	36
1640	30
1641	26
1642	31
1643	32
1644	36
1645	31
1646	39
1647	37
1648	26
1649	29
1650	34
1651	29
1652	25
1653	33
1654	29
1655	34
1656	22
1657	26
1658	15
1659	21
1660	20
1661	30
1662	28
1663	29
1664	21
1665	27
1666	28
1667	22
1668	32
1669	28
1670	24
1671	26
1672	18
1673	25
1674	20
1675	20
1676	18
1677	18
1678	22
1679	32
1680	24
1681	18
1682	23
1683	26
1684	22
1685	18
1686	24
1687	20
1688	18
1689	22
1690	24
1691	21
1692	21
1693	22
1694	29
1695	25
1696	25
1697	25
1698	26
1699	24
1700	23
1701	18
1702	23
1703	21
1704	15
1705	22
1706	22
1707	18
1708	16
1709	22
1710	21
1711	20
1712	15
1713	17
1714	21
1715	22
1716	26
1717	19
1718	24
1719	14
1720	24
1721	17
1722	16
1723	23
1724	15
1725	29
1726	12
1727	15
1728	24
1729	23
1730	9
1731	17
1732	23
1733	23
1734	14
1735	15
1736	20
1737	21
1738	9
1739	23
1740	19
1741	19
1742	25
1743	16
1744	17
1745	11
1746	20
1747	22
1748	23
1749	15
1750	13
1751	18
1752	12
1753	19
1754	17
1755	14
1756	23
1757	20
1758	18
1759	11
1760	18
1761	25
1762	13
1763	15
1764	19
1765	13
1766	15
1767	13
1768	17
1769	14
1770	15
1771	9
1772	16
1773	13
1774	20
1775	16
1776	15
1777	21
1778	17
1779	10
1780	10
1781	16
1782	17
1783	14
1784	18
1785	19
1786	16
1787	10
1788	13
1789	13
1790	22
1791	12
1792	13
1793	18
1794	14
1795	8
1796	19
1797	9
1798	17
1799	21
1800	21
1801	12
1802	14
1803	15
1804	17
1805	15
1806	13
1807	14
1808	17
1809	20
1810	18
1811	20
1812	9
1813	25
1814	14
1815	18
1816	12
1817	20
1818	12
1819	10
1820	18
1821	9
1822	16
1823	21
1824	10
1825	13
1826	9
1827	13
1828	16
1829	11
1830	14
1831	18
1832	14
1833	16
1834	10
1835	16
1836	18
1837	19
1838	15
1839	18
1840	8
1841	14
1842	18
1843	8
1844	17
1845	14
1846	17
1847	15
1848	19
1849	24
1850	16
1851	22
1852	15
1853	16
1854	10
1855	20
1856	15
1857	5
1858	18
1859	13
1860	16
1861	11
1862	16
1863	15
1864	7
1865	11
1866	15
1867	14
1868	18
1869	12
1870	11
1871	15
1872	16
1873	11
1874	16
1875	15
1876	18
1877	8
1878	12
1879	14
1880	8
1881	9
1882	19
1883	7
1884	7
1885	13
1886	11
1887	18
1888	11
1889	12
1890	15
1891	16
1892	13
1893	19
1894	8
1895	9
1896	10
1897	3
1898	9
1899	16
1900	13
1901	15
1902	8
1903	13
1904	21
1905	6
1906	16
1907	13
1908	16
1909	15
1910	8
1911	15
1912	16
1913	20
1914	10
1915	16
1916	16
1917	14
1918	17
1919	19
1920	11
1921	14
1922	6
1923	12
1924	18
1925	18
1926	11
1927	11
1928	17
1929	13
1930	11
1931	16
1932	11
1933	11
1934	16
1935	13
1936	9
1937	18
1938	16
1939	14
1940	9
1941	15
1942	16
1943	16
1944	15
1945	18
1946	13
1947	9
1948	15
1949	7
1950	8
1951	9
1952	11
1953	18
1954	11
1955	10
1956	22
1957	9
1958	22
1959	12
1960	17
1961	21
1962	7
1963	8
1964	8
1965	12
1966	8
1967	10
1968	13
1969	14
1970	15
1971	6
1972	9
1973	12
1974	12
1975	13
1976	16
1977	10
1978	13
1979	9
1980	12
1981	14
1982	9
1983	11
1984	19
1985	11
1986	14
1987	15
1988	10
1989	14
1990	7
1991	11
1992	16
1993	16
1994	12
1995	13
1996	8
1997	13
1998	12
1999	8
2000	16
2001	16
2002	11
2003	15
2004	18
2005	10
2006	13
2007	13
2008	17
2009	11
2010	16
2011	13
2012	9
2013	17
2014	14
2015	11
2016	11
2017	14
2018	17
2019	15
2020	19
2021	19
2022	17
2023	12
2024	14
2025	18
2026	8
2027	13
2028	11
2029	11
2030	14
2031	19
2032	13
2033	11
2034	14
2035	18
2036	10
2037	12
2038	17
2039	10
2040	9
2041	14
2042	15
2043	16
2044	16
2045	17
2046	15
2047	8
2048	11
2049	11
2050	12
2051	11
2052	10
2053	7
2054	10
2055	12
2056	11
2057	12
2058	14
2059	12
2060	8
2061	12
2062	21
2063	6
2064	15
2065	11
2066	10
2067	13
2068	13
2069	14
2070	17
2071	15
2072	19
2073	13
2074	10
2075	17
2076	14
2077	17
2078	15
2079	11
2080	9
2081	7
2082	15
2083	8
2084	17
2085	11
2086	15
2087	17
2088	10
2089	11
2090	11
2091	13
2092	7
2093	16
2094	7
2095	14
2096	9
2097	12
2098	12
2099	12
2100	9
2101	12
2102	13
2103	6
2104	11
2105	13
2106	16
2107	10
2108	21
2109	6
2110	10
2111	8
2112	10
2113	8
2114	12
2115	2
2116	13
2117	8
2118	12
2119	12
2120	12
2121	13
2122	12
2123	13
2124	10
2125	7
2126	7
2127	9
2128	9
2129	9
2130	9
2131	11
2132	17
2133	9
2134	8
2135	11
2136	9
2137	14
2138	14
2139	12
2140	12
2141	18
2142	11
2143	8
2144	12
2145	12
2146	10
2147	16
2148	8
2149	14
2150	11
2151	15
2152	9
2153	13
2154	11
2155	14
2156	9
2157	6
2158	17
2159	16
2160	21
2161	19
2162	15
2163	2
2164	8
2165	8
2166	11
2167	15
2168	14
2169	7
2170	7
2171	6
2172	13
2173	13
2174	13
2175	12
2176	14
2177	9
2178	13
2179	13
2180	18
2181	13
2182	12
2183	20
2184	9
2185	11
2186	12
2187	10
2188	20
2189	9
2190	8
2191	8
2192	14
2193	9
2194	11
2195	18
2196	5
2197	7
2198	11
2199	13
2200	13
2201	9
2202	11
2203	8
2204	13
2205	10
2206	11
2207	6
2208	9
2209	10
2210	6
2211	9
2212	8
2213	14
2214	12
2215	10
2216	18
2217	7
2218	5
2219	10
2220	12
2221	5
2222	7
2223	5
2224	10
2225	10
2226	9
2227	10
2228	8
2229	5
2230	11
2231	13
2232	10
2233	15
2234	14
2235	8
2236	11
2237	10
2238	11
2239	17
2240	11
2241	12
2242	14
2243	11
2244	12
2245	13
2246	18
2247	14
2248	8
2249	15
2250	12
2251	15
2252	4
2253	16
2254	15
2255	11
2256	3
2257	8
2258	13
2259	15
2260	12
2261	8
2262	11
2263	9
2264	10
2265	10
2266	8
2267	19
2268	12
2269	5
2270	16
2271	14
2272	11
2273	9
2274	11
2275	9
2276	13
2277	12
2278	18
2279	12
2280	16
2281	5
2282	11
2283	8
2284	14
2285	15
2286	17
2287	8
2288	9
2289	12
2290	9
2291	8
2292	7
2293	7
2294	8
2295	9
2296	5
2297	11
2298	11
2299	8
2300	8
2301	8
2302	11
2303	14
2304	6
2305	9
2306	10
2307	11
2308	14
2309	11
2310	5
2311	8
2312	15
2313	13
2314	12
2315	11
2316	7
2317	7
2318	15
2319	5
2320	13
2321	16
2322	10
2323	6
2324	10
2325	12
2326	9
2327	9
2328	8
2329	10
2330	11
2331	8
2332	7
2333	11
2334	17
2335	12
2336	16
2337	10
2338	13
2339	18
2340	9
2341	10
2342	11
2343	11
2344	10
2345	15
2346	7
2347	9
2348	15
2349	14
2350	13
2351	7
2352	5
2353	9
2354	14
2355	6
2356	11
2357	12
2358	10
2359	9
2360	8
2361	10
2362	13
2363	7
2364	12
2365	10
2366	8
2367	6
2368	13
2369	11
2370	14
2371	8
2372	7
2373	16
2374	12
2375	7
2376	7
2377	15
2378	7
2379	10
2380	11
2381	13
2382	13
2383	12
2384	7
2385	11
2386	13
2387	15
2388	7
2389	13
2390	12
2391	15
2392	11
2393	7
2394	11
2395	8
2396	12
2397	12
2398	5
2399	11
2400	8
2401	12
2402	7
2403	7
2404	10
2405	10
2406	9
2407	15
2408	9
2409	7
2410	5
2411	14
2412	8
2413	7
2414	9
2415	10
2416	10
2417	9
2418	10
2419	8
2420	6
2421	16
2422	13
2423	10
2424	12
2425	5
2426	9
2427	5
2428	9
2429	8
2430	11
2431	6
2432	10
2433	9
2434	9
2435	8
2436	5
2437	10
2438	10
2439	14
2440	12
2441	9
2442	8
2443	7
2444	13
2445	10
2446	10
2447	10
2448	16
2449	13
2450	5
2451	8
2452	12
2453	12
2454	6
2455	12
2456	13
2457	7
2458	6
2459	9
2460	18
2461	9
2462	6
2463	11
2464	13
2465	14
2466	11
2467	7
2468	7
2469	10
2470	8
2471	7
2472	6
2473	10
2474	10
2475	13
2476	9
2477	12
2478	9
2479	8
2480	7
2481	5
2482	16
2483	9
2484	9
2485	5
2486	11
2487	7
2488	5
2489	7
2490	13
2491	9
2492	10
2493	10
2494	9
2495	13
2496	6
2497	8
2498	8
2499	7
2500	9
2501	6
2502	13
2503	9
2504	5
2505	10
2506	12
2507	8
2508	8
2509	6
2510	7
2511	7
2512	8
2513	10
2514	10
2515	8
2516	7
2517	15
2518	13
2519	13
2520	11
2521	11
2522	8
2523	8
2524	14
2525	6
2526	5
2527	7
2528	20
2529	6
2530	7
2531	13
2532	8
2533	16
2534	7
2535	5
2536	5
2537	9
2538	11
2539	9
2540	6
2541	7
2542	10
2543	13
2544	9
2545	3
2546	11
2547	12
2548	10
2549	10
2550	12
2551	9
2552	11
2553	12
2554	6
2555	14
2556	16
2557	6
2558	6
2559	9
2560	6
2561	6
2562	9
2563	14
2564	9
2565	12
2566	8
2567	10
2568	7
2569	12
2570	7
2571	12
2572	10
2573	8
2574	8
2575	10
2576	6
2577	6
2578	2
2579	12
2580	9
2581	15
2582	11
2583	10
2584	10
2585	4
2586	9
2587	10
2588	8
2589	11
2590	9
2591	3
2592	11
2593	15
2594	5
2595	9
2596	8
2597	5
2598	9
2599	7
2600	12
2601	7
2602	16
2603	9
2604	8
2605	7
2606	9
2607	12
2608	10
2609	11
2610	10
2611	10
2612	11
2613	15
2614	5
2615	8
2616	13
2617	5
2618	12
2619	10
2620	11
2621	10
2622	8
2623	9
2624	5
2625	10
2626	8
2627	10
2628	10
2629	9
2630	9
2631	6
2632	12
2633	11
2634	13
2635	3
2636	4
2637	10
2638	6
2639	11
2640	15
2641	8
2642	7
2643	6
2644	15
2645	3
2646	7
2647	9
2648	10
2649	10
2650	10
2651	9
2652	12
2653	12
2654	7
2655	6
2656	9
2657	8
2658	16
2659	6
2660	3
2661	7
2662	11
2663	13
2664	11
2665	6
2666	11
2667	8
2668	7
2669	10
2670	4
2671	7
2672	4
2673	4
2674	4
2675	11
2676	9
2677	7
2678	5
2679	8
2680	5
2681	9
2682	5
2683	17
2684	19
2685	7
2686	10
2687	14
2688	11
2689	7
2690	13
2691	12
2692	10
2693	14
2694	8
2695	9
2696	10
2697	5
2698	3
2699	9
2700	8
2701	6
2702	8
2703	10
2704	9
2705	11
2706	9
2707	11
2708	14
2709	10
2710	4
2711	12
2712	14
2713	9
2714	15
2715	4
2716	12
2717	6
2718	9
2719	7
2720	10
2721	11
2722	9
2723	5
2724	13
2725	11
2726	9
2727	5
2728	12
2729	11
2730	4
2731	7
2732	6
2733	5
2734	13
2735	8
2736	15
2737	17
2738	13
2739	7
2740	14
2741	7
2742	5
2743	7
2744	6
2745	6
2746	11
2747	7
2748	8
2749	10
2750	8
2751	5
2752	13
2753	5
2754	10
2755	7
2756	7
2757	4
2758	11
2759	15
2760	8
2761	6
2762	10
2763	9
2764	10
2765	7
2766	14
2767	8
2768	9
2769	3
2770	7
2771	5
2772	7
2773	9
2774	8
2775	8
2776	17
2777	10
2778	12
2779	9
2780	10
2781	14
2782	13
2783	8
2784	8
2785	11
2786	9
2787	15
2788	7
2789	12
2790	16
2791	11
2792	13
2793	13
2794	14
2795	12
2796	7
2797	16
2798	14
2799	8
2800	15
2801	5
2802	8
2803	9
2804	10
2805	10
2806	12
2807	7
2808	10
2809	9
2810	9
2811	9
2812	6
2813	7
2814	7
2815	7
2816	5
2817	9
2818	10
2819	13
2820	11
2821	10
2822	10
2823	15
2824	9
2825	10
2826	13
2827	8
2828	8
2829	11
2830	6
2831	9
2832	8
2833	10
2834	10
2835	7
2836	17
2837	11
2838	11
2839	14
2840	15
2841	7
2842	9
2843	7
2844	8
2845	12
2846	10
2847	10
2848	7
2849	7
2850	13
2851	10
2852	12
2853	11
2854	12
2855	7
2856	13
2857	3
2858	11
2859	10
2860	4
2861	5
2862	6
2863	13
2864	12
2865	4
2866	14
2867	10
2868	14
2869	14
2870	12
2871	10
2872	5
2873	7
2874	10
2875	12
2876	11
2877	8
2878	6
2879	8
2880	6
2881	13
2882	11
2883	13
2884	13
2885	6
2886	9
2887	8
2888	9
2889	5
2890	5
2891	9
2892	9
2893	8
2894	11
2895	15
2896	14
2897	9
2898	8
2899	15
2900	18
2901	11
2902	3
2903	9
2904	10
2905	8
2906	13
2907	7
2908	10
2909	12
2910	8
2911	13
2912	7
2913	9
2914	10
2915	14
2916	8
2917	9
2918	5
2919	4
2920	6
2921	9
2922	13
2923	11
2924	11
2925	4
2926	7
2927	11
2928	8
2929	8
2930	4
2931	9
2932	12
2933	7
2934	10
2935	9
2936	7
2937	9
2938	11
2939	7
2940	17
2941	5
2942	13
2943	6
2944	11
2945	12
2946	14
2947	5
2948	10
2949	7
2950	6
2951	8
2952	14
2953	5
2954	6
2955	13
2956	7
2957	7
2958	10
2959	8
2960	12
2961	6
2962	4
2963	8
2964	6
2965	13
2966	8
2967	6
2968	8
2969	11
2970	6
2971	13
2972	16
2973	9
2974	8
2975	8
2976	11
2977	5
2978	14
2979	14
2980	9
2981	10
2982	13
2983	10
2984	7
2985	11
2986	6
2987	13
2988	9
2989	9
2990	12
2991	7
2992	11
2993	4
2994	13
2995	10
2996	8
2997	12
2998	5
2999	10
3000	12
3001	6
3002	15
3003	11
3004	8
3005	11
3006	7
3007	11
3008	11
3009	9
3010	6
3011	12
3012	15
3013	5
3014	7
3015	8
3016	13
3017	10
3018	13
3019	6
3020	14
3021	12
3022	9
3023	13
3024	14
3025	13
3026	4
3027	8
3028	10
3029	8
3030	7
3031	13
3032	5
3033	8
3034	7
3035	10
3036	9
3037	9
3038	8
3039	12
3040	7
3041	10
3042	16
3043	5
3044	9
3045	11
3046	11
3047	10
3048	4
3049	9
3050	12
3051	8
3052	13
3053	10
3054	13
3055	7
3056	8
3057	7
3058	11
3059	10
3060	16
3061	3
3062	8
3063	9
3064	7
3065	5
3066	7
3067	13
3068	7
3069	13
3070	7
3071	10
3072	10
3073	14
3074	15
3075	14
3076	8
3077	13
3078	11
3079	8
3080	11
3081	6
3082	14
3083	8
3084	10
3085	10
3086	13
3087	6
3088	13
3089	8
3090	10
3091	10
3092	11
3093	14
3094	14
3095	11
3096	9
3097	8
3098	12
3099	19
3100	13
3101	11
3102	14
3103	13
3104	7
3105	10
3106	9
3107	9
3108	4
3109	8
3110	13
3111	10
3112	16
3113	10
3114	14
3115	14
3116	9
3117	10
3118	11
3119	8
3120	10
3121	13
3122	11
3123	8
3124	15
3125	8
3126	19
3127	11
3128	6
3129	14
3130	10
3131	5
3132	12
3133	9
3134	11
3135	14
3136	10
3137	10
3138	6
3139	12
3140	14
3141	12
3142	14
3143	13
3144	10
3145	10
3146	10
3147	10
3148	9
3149	11
3150	11
3151	13
3152	8
3153	5
3154	12
3155	10
3156	9
3157	11
3158	1
3159	6
3160	14
3161	16
3162	10
3163	9
3164	14
3165	12
3166	13
3167	11
3168	12
3169	4
3170	9
3171	10
3172	11
3173	13
3174	7
3175	11
3176	9
3177	5
3178	11
3179	12
3180	7
3181	7
3182	13
3183	13
3184	7
3185	9
3186	13
3187	11
3188	11
3189	12
3190	6
3191	16
3192	6
3193	11
3194	11
3195	9
3196	10
3197	14
3198	6
3199	9
3200	13
3201	4
3202	12
3203	13
3204	10
3205	7
3206	11
3207	12
3208	11
3209	11
3210	11
3211	9
3212	8
3213	9
3214	2
3215	8
3216	12
3217	13
3218	10
3219	10
3220	12
3221	17
3222	10
3223	11
3224	11
3225	13
3226	12
3227	11
3228	14
3229	18
3230	7
3231	5
3232	6
3233	6
3234	12
3235	11
3236	10
3237	12
3238	11
3239	14
3240	9
3241	7
3242	6
3243	10
3244	12
3245	15
3246	8
3247	7
3248	12
3249	12
3250	13
3251	8
3252	11
3253	10
3254	17
3255	8
3256	12
3257	13
3258	4
3259	10
3260	12
3261	8
3262	15
3263	3
3264	9
3265	10
3266	6
3267	18
3268	12
3269	7
3270	10
3271	11
3272	14
3273	12
3274	15
3275	15
3276	11
3277	6
3278	7
3279	12
3280	10
3281	11
3282	8
3283	12
3284	8
3285	8
3286	8
3287	10
3288	15
3289	4
3290	13
3291	14
3292	12
3293	3
3294	6
3295	8
3296	10
3297	11
3298	7
3299	15
3300	9
3301	18
3302	9
3303	12
3304	13
3305	6
3306	9
3307	11
3308	10
3309	6
3310	8
3311	8
3312	14
3313	9
3314	9
3315	12
3316	17
3317	13
3318	11
3319	8
3320	11
3321	7
3322	12
3323	13
3324	12
3325	12
3326	11
3327	11
3328	13
3329	11
3330	11
3331	6
3332	10
3333	7
3334	10
3335	13
3336	7
3337	8
3338	11
3339	5
3340	9
3341	9
3342	12
3343	8
3344	9
3345	9
3346	11
3347	8
3348	5
3349	5
3350	16
3351	10
3352	8
3353	5
3354	8
3355	8
3356	8
3357	10
3358	8
3359	13
3360	14
3361	11
3362	5
3363	5
3364	6
3365	8
3366	8
3367	7
3368	5
3369	9
3370	4
3371	7
3372	8
3373	7
3374	12
3375	7
3376	12
3377	11
3378	5
3379	8
3380	5
3381	6
3382	8
3383	11
3384	8
3385	4
3386	5
3387	8
3388	7
3389	11
3390	5
3391	6
3392	8
3393	10
3394	11
3395	10
3396	6
3397	5
3398	12
3399	11
3400	7
3401	10
3402	4
3403	8
3404	9
3405	12
3406	5
3407	7
3408	7
3409	7
3410	10
3411	8
3412	8
3413	9
3414	7
3415	9
3416	8
3417	7
3418	10
3419	5
3420	10
3421	8
3422	12
3423	4
3424	5
3425	3
3426	8
3427	4
3428	6
3429	15
3430	10
3431	8
3432	11
3433	3
3434	9
3435	6
3436	7
3437	8
3438	8
3439	7
3440	7
3441	6
3442	6
3443	6
3444	9
3445	10
3446	4
3447	8
3448	9
3449	6
3450	8
3451	11
3452	10
3453	7
3454	5
3455	5
3456	4
3457	6
3458	6
3459	8
3460	8
3461	14
3462	4
3463	12
3464	8
3465	6
3466	8
3467	8
3468	7
3469	9
3470	9
3471	9
3472	7
3473	6
3474	3
3475	7
3476	6
3477	7
3478	7
3479	6
3480	9
3481	3
3482	10
3483	6
3484	2
3485	8
3486	12
3487	1
3488	6
3489	6
3490	2
3491	6
3492	2
3493	6
3494	5
3495	4
3496	6
3497	5
3498	9
3499	3
3500	4
3501	8
3502	7
3503	7
3504	4
3505	5
3506	6
3507	4
3508	3
3509	5
3510	5
3511	7
3512	6
3513	4
3514	4
3515	1
3516	5
3517	4
3518	6
3519	4
3520	4
3521	3
3522	2
3523	4
3524	6
3525	1
3526	3
3527	3
3528	7
3529	3
3530	6
3531	6
3532	4
3533	3
3534	2
3535	10
3536	4
3537	6
3538	6
3539	5
3540	2
3541	1
3542	6
3543	7
3544	4
3545	1
3546	3
3547	3
3548	3
3549	3
3550	6
3551	2
3552	3
3553	7
3554	6
3555	6
3556	3
3557	5
3558	2
3559	4
3560	6
3561	5
3562	6
3563	2
3564	5
3565	7
3566	5
3567	3
3568	7
3569	6
3570	5
3571	4
3572	5
3573	6
3574	4
3575	5
3576	5
3577	2
3578	7
3579	6
3580	5
3581	7
3582	4
3583	4
3584	4
3585	2
3586	4
3587	1
3588	4
3589	3
3590	1
3591	12
3592	1
3593	2
3594	3
3595	3
3596	2
3597	4
3598	1
3599	3
3600	6
3601	5
3602	6
3603	5
3604	2
3605	0
3606	5
3607	5
3608	5
3609	5
3610	1
3611	6
3612	2
3613	4
3614	2
3615	3
3616	2
3617	2
3618	1
3619	2
3620	2
3621	4
3622	4
3623	5
3624	2
3625	5
3626	6
3627	2
3628	4
3629	11
3630	2
3631	3
3632	1
3633	2
3634	2
3635	5
3636	0
3637	2
3638	4
3639	1
3640	5
3641	4
3642	4
3643	2
3644	4
3645	8
3646	1
3647	3
3648	2
3649	2
3650	1
3651	1
3652	7
3653	2
3654	2
3655	1
3656	1
3657	2
3658	4
3659	1
3660	4
3661	6
3662	2
3663	2
3664	6
3665	3
3666	1
3667	4
3668	2
3669	0
3670	2
3671	2
3672	6
3673	5
3674	3
3675	1
3676	2
3677	1
3678	1
3679	1
3680	1
3681	2
3682	3
3683	2
3684	1
3685	4
3686	3
3687	4
3688	5
3689	2
3690	3
3691	2
3692	3
3693	2
3694	3
3695	7
3696	2
3697	3
3698	1
3699	0
3700	4
3701	3
3702	4
3703	3
3704	3
3705	2
3706	0
3707	3
3708	1
3709	1
3710	1
3711	0
3712	1
3713	0
3714	2
3715	1
3716	0
3717	3
3718	2
3719	3
3720	3
3721	0
3722	4
3723	1
3724	2
3725	2
3726	3
3727	2
3728	2
3729	0
3730	2
3731	2
3732	0
3733	0
3734	1
3735	5
3736	0
3737	2
3738	2
3739	3
3740	1
3741	2
3742	2
3743	0
3744	2
3745	3
3746	1
3747	0
3748	2
3749	2
3750	4
3751	2
3752	1
3753	2
3754	2
3755	2
3756	2
3757	1
3758	0
3759	0
3760	3
3761	1
3762	2
3763	0
3764	4
3765	1
3766	1
3767	2
3768	0
3769	1
3770	3
3771	2
3772	2
3773	1
3774	1
3775	1
3776	1
3777	0
3778	0
3779	0
3780	1
3781	0
3782	3
3783	5
3784	2
3785	0
3786	1
3787	1
3788	2
3789	0
3790	0
3791	2
3792	2
3793	0
3794	2
3795	1
3796	1
3797	0
3798	0
3799	0
3800	1
3801	0
3802	1
3803	1
3804	3
3805	3
3806	0
3807	3
3808	1
3809	0
3810	1
3811	1
3812	1
3813	0
3814	1
3815	1
3816	2
3817	2
3818	1
3819	0
3820	1
3821	1
3822	0
3823	0
3824	0
3825	0
3826	0
3827	1
3828	2
3829	1
3830	1
3831	0
3832	1
3833	1
3834	0
3835	0
3836	2
3837	0
3838	1
3839	1
3840	0
3841	2
3842	0
3843	1
3844	0
3845	0
3846	1
3847	1
3848	0
3849	0
3850	0
3851	1
3852	1
3853	1
3854	1
3855	1
3856	0
3857	0
3858	1
3859	0
3860	0
3861	0
3862	0
3863	2
3864	0
3865	0
3866	2
3867	1
3868	1
3869	0
3870	1
3871	3
3872	1
3873	0
3874	1
3875	0
3876	2
3877	0
3878	1
3879	0
3880	0
3881	2
3882	1
3883	1
3884	0
3885	0
3886	1
3887	0
3888	0
3889	1
3890	0
3891	0
3892	0
3893	0
3894	0
3895	1
3896	1
3897	0
3898	1
3899	2
3900	0
3901	1
3902	0
3903	0
3904	0
3905	0
3906	0
3907	0
3908	1
3909	2
3910	0
3911	1
3912	1
3913	0
3914	1
3915	0
3916	1
3917	0
3918	1
3919	1
3920	1
3921	2
3922	0
3923	1
3924	1
3925	0
3926	0
3927	0
3928	1
3929	0
3930	0
3931	0
3932	1
3933	0
3934	1
3935	0
3936	0
3937	0
3938	0
3939	3
3940	0
3941	0
3942	0
3943	0
3944	0
3945	1
3946	1
3947	0
3948	1
3949	0
3950	0
3951	0
3952	0
3953	0
3954	0
3955	0
3956	2
3957	0
3958	1
3959	0
3960	0
3961	0
3962	0
3963	1
3964	0
3965	1
3966	0
3967	0
3968	1
3969	0
3970	1
3971	1
3972	0
3973	0
3974	1
3975	1
3976	0
3977	0
3978	0
3979	0
3980	0
3981	1
3982	1
3983	1
3984	1
3985	0
3986	1
3987	0
3988	0
3989	0
3990	1
3991	0
3992	0
3993	0
3994	0
3995	1
3996	2
3997	0
3998	0
3999	0
4000	2
4001	0
4002	0
4003	1
4004	0
4005	1
4006	0
4007	0
4008	0
4009	2
4010	0
4011	0
4012	0
4013	0
4014	0
4015	1
4016	0
4017	0
4018	0
4019	0
4020	0
4021	0
4022	0
4023	0
4024	0
4025	0
4026	0
4027	0
4028	0
4029	1
4030	0
4031	0
4032	1
4033	0
4034	1
4035	2
4036	1
4037	0
4038	0
4039	1
4040	0
4041	0
4042	0
4043	0
4044	0
4045	0
4046	0
4047	0
4048	0
4049	0
4050	0
4051	0
4052	0
4053	1
4054	0
4055	1
4056	0
4057	1
4058	1
4059	1
4060	0
4061	0
4062	1
4063	0
4064	1
4065	0
4066	0
4067	0
4068	0
4069	2
4070	0
4071	0
4072	0
4073	1
4074	0
4075	1
4076	1
4077	1
4078	0
4079	0
4080	0
4081	0
4082	0
4083	0
4084	0
4085	1
4086	0
4087	0
4088	0
4089	0
4090	0
4091	1
4092	0
4093	0
4094	0
4095	0
