0	0
1	0
2	0
3	0
4	0
5	0
6	0
7	0
8	0
9	0
10	0
11	0
12	0
13	0
14	0
15	0
16	0
17	0
18	0
19	0
20	0
21	0
22	0
23	0
24	0
25	0
26	0
27	0
28	0
29	0
30	0
31	0
32	0
33	0
34	0
35	0
36	0
37	1
38	0
39	1
40	0
41	0
42	1
43	0
44	2
45	0
46	1
47	2
48	1
49	1
50	1
51	0
52	3
53	4
54	5
55	8
56	8
57	15
58	3
59	12
60	39
61	271
62	1022
63	4473
64	11529
65	14038
66	12381
67	10698
68	9084
69	7736
70	6388
71	5708
72	4705
73	3972
74	3380
75	2809
76	2416
77	1983
78	1747
79	1385
80	1209
81	1027
82	855
83	757
84	653
85	561
86	506
87	414
88	400
89	347
90	334
91	278
92	264
93	241
94	220
95	223
96	218
97	197
98	206
99	211
100	155
101	167
102	182
103	197
104	180
105	205
106	193
107	158
108	197
109	154
110	176
111	161
112	174
113	157
114	156
115	166
116	166
117	194
118	170
119	163
120	178
121	196
122	171
123	158
124	156
125	181
126	173
127	188
128	182
129	151
130	161
131	161
132	163
133	165
134	188
135	170
136	183
137	176
138	163
139	157
140	213
141	162
142	173
143	170
144	156
145	162
146	186
147	157
148	156
149	164
150	144
151	181
152	177
153	184
154	184
155	183
156	184
157	149
158	183
159	186
160	161
161	175
162	177
163	187
164	159
165	161
166	153
167	177
168	195
169	165
170	175
171	183
172	177
173	163
174	175
175	192
176	191
177	171
178	193
179	180
180	151
181	185
182	199
183	210
184	168
185	166
186	175
187	173
188	189
189	167
190	179
191	169
192	186
193	161
194	155
195	193
196	198
197	189
198	174
199	177
200	166
201	198
202	185
203	166
204	185
205	162
206	213
207	184
208	177
209	166
210	168
211	169
212	179
213	195
214	191
215	170
216	177
217	185
218	192
219	158
220	188
221	176
222	195
223	188
224	201
225	167
226	173
227	174
228	173
229	169
230	215
231	218
232	193
233	197
234	178
235	173
236	200
237	195
238	196
239	200
240	180
241	188
242	176
243	197
244	192
245	203
246	212
247	198
248	172
249	203
250	190
251	176
252	167
253	184
254	178
255	205
256	196
257	177
258	197
259	190
260	178
261	190
262	177
263	165
264	169
265	197
266	184
267	201
268	174
269	190
270	192
271	182
272	178
273	209
274	206
275	199
276	196
277	181
278	216
279	184
280	195
281	184
282	172
283	174
284	192
285	194
286	178
287	180
288	193
289	200
290	203
291	180
292	184
293	173
294	182
295	194
296	191
297	204
298	181
299	191
300	209
301	204
302	213
303	211
304	188
305	214
306	192
307	213
308	197
309	201
310	185
311	204
312	189
313	199
314	184
315	211
316	213
317	209
318	207
319	202
320	191
321	212
322	209
323	206
324	213
325	199
326	215
327	182
328	207
329	196
330	206
331	208
332	201
333	188
334	208
335	226
336	207
337	232
338	211
339	207
340	197
341	228
342	214
343	218
344	245
345	212
346	227
347	232
348	216
349	230
350	212
351	219
352	216
353	236
354	209
355	235
356	218
357	218
358	248
359	229
360	229
361	216
362	234
363	223
364	258
365	232
366	213
367	232
368	216
369	237
370	251
371	248
372	232
373	231
374	231
375	246
376	238
377	232
378	227
379	205
380	244
381	236
382	250
383	216
384	232
385	266
386	241
387	249
388	222
389	252
390	252
391	243
392	231
393	260
394	245
395	242
396	242
397	242
398	257
399	239
400	259
401	257
402	242
403	278
404	231
405	272
406	263
407	246
408	247
409	244
410	251
411	269
412	222
413	255
414	225
415	243
416	254
417	229
418	265
419	242
420	231
421	241
422	253
423	269
424	275
425	271
426	275
427	258
428	245
429	284
430	262
431	236
432	236
433	281
434	259
435	274
436	250
437	274
438	247
439	268
440	239
441	278
442	253
443	224
444	241
445	256
446	217
447	229
448	249
449	249
450	265
451	259
452	269
453	226
454	260
455	255
456	246
457	269
458	267
459	245
460	236
461	244
462	274
463	271
464	253
465	250
466	246
467	247
468	249
469	264
470	271
471	254
472	240
473	250
474	263
475	238
476	235
477	264
478	259
479	256
480	236
481	229
482	269
483	253
484	258
485	241
486	251
487	271
488	238
489	259
490	237
491	242
492	228
493	208
494	247
495	257
496	264
497	241
498	266
499	272
500	263
501	226
502	243
503	210
504	249
505	241
506	244
507	250
508	271
509	258
510	242
511	246
512	236
513	241
514	251
515	222
516	238
517	251
518	285
519	235
520	208
521	251
522	246
523	217
524	256
525	230
526	257
527	242
528	230
529	237
530	236
531	238
532	255
533	224
534	231
535	271
536	208
537	218
538	248
539	195
540	248
541	243
542	216
543	239
544	253
545	232
546	257
547	240
548	243
549	236
550	250
551	225
552	246
553	220
554	243
555	261
556	215
557	220
558	234
559	247
560	246
561	234
562	251
563	249
564	260
565	241
566	229
567	238
568	235
569	226
570	237
571	213
572	229
573	238
574	239
575	255
576	271
577	222
578	212
579	246
580	222
581	243
582	247
583	204
584	244
585	263
586	249
587	244
588	227
589	252
590	230
591	225
592	244
593	272
594	241
595	253
596	249
597	231
598	225
599	249
600	245
601	248
602	247
603	237
604	229
605	237
606	225
607	226
608	250
609	263
610	227
611	255
612	245
613	243
614	247
615	244
616	244
617	306
618	222
619	255
620	232
621	238
622	241
623	249
624	237
625	265
626	247
627	238
628	242
629	229
630	278
631	215
632	249
633	259
634	241
635	250
636	244
637	231
638	268
639	245
640	253
641	242
642	238
643	274
644	238
645	238
646	240
647	222
648	262
649	266
650	266
651	255
652	228
653	240
654	249
655	264
656	233
657	238
658	265
659	268
660	255
661	256
662	278
663	253
664	231
665	287
666	294
667	255
668	282
669	296
670	277
671	263
672	240
673	273
674	235
675	257
676	263
677	246
678	291
679	246
680	269
681	270
682	272
683	243
684	247
685	284
686	284
687	255
688	251
689	245
690	272
691	271
692	265
693	257
694	275
695	284
696	263
697	252
698	297
699	300
700	248
701	248
702	255
703	259
704	310
705	267
706	290
707	271
708	275
709	289
710	263
711	258
712	270
713	259
714	255
715	295
716	265
717	264
718	260
719	267
720	286
721	286
722	240
723	281
724	257
725	309
726	267
727	273
728	285
729	278
730	247
731	269
732	278
733	263
734	271
735	293
736	264
737	301
738	258
739	271
740	275
741	257
742	289
743	303
744	289
745	274
746	274
747	255
748	282
749	279
750	290
751	313
752	301
753	251
754	279
755	302
756	280
757	268
758	284
759	299
760	274
761	295
762	311
763	300
764	289
765	294
766	286
767	280
768	300
769	292
770	297
771	298
772	316
773	302
774	275
775	267
776	273
777	277
778	306
779	303
780	286
781	290
782	313
783	278
784	290
785	293
786	319
787	283
788	315
789	259
790	304
791	305
792	298
793	288
794	310
795	312
796	258
797	300
798	313
799	258
800	294
801	287
802	312
803	294
804	272
805	299
806	319
807	272
808	289
809	301
810	285
811	265
812	302
813	299
814	334
815	319
816	299
817	301
818	247
819	293
820	286
821	260
822	299
823	294
824	286
825	300
826	301
827	306
828	299
829	289
830	308
831	315
832	310
833	312
834	277
835	334
836	318
837	297
838	305
839	319
840	316
841	350
842	288
843	315
844	336
845	288
846	302
847	347
848	312
849	280
850	307
851	329
852	318
853	298
854	300
855	267
856	303
857	309
858	312
859	292
860	298
861	284
862	315
863	286
864	306
865	306
866	323
867	323
868	289
869	317
870	316
871	322
872	305
873	320
874	321
875	310
876	331
877	337
878	319
879	333
880	306
881	311
882	330
883	316
884	313
885	300
886	307
887	358
888	310
889	305
890	298
891	330
892	330
893	328
894	330
895	313
896	300
897	302
898	319
899	319
900	322
901	311
902	326
903	318
904	300
905	347
906	335
907	327
908	333
909	315
910	311
911	350
912	313
913	287
914	294
915	333
916	322
917	336
918	348
919	333
920	282
921	288
922	325
923	337
924	336
925	324
926	332
927	346
928	343
929	311
930	307
931	302
932	309
933	299
934	322
935	306
936	354
937	287
938	338
939	352
940	308
941	316
942	360
943	307
944	327
945	334
946	309
947	348
948	318
949	369
950	303
951	332
952	326
953	363
954	343
955	323
956	327
957	317
958	315
959	318
960	297
961	305
962	284
963	313
964	338
965	313
966	369
967	319
968	325
969	357
970	301
971	318
972	323
973	296
974	307
975	317
976	308
977	301
978	350
979	329
980	313
981	273
982	299
983	329
984	333
985	305
986	318
987	302
988	321
989	318
990	305
991	338
992	342
993	309
994	344
995	311
996	321
997	303
998	305
999	305
1000	290
1001	295
1002	285
1003	296
1004	306
1005	296
1006	289
1007	322
1008	317
1009	313
1010	347
1011	341
1012	316
1013	321
1014	320
1015	300
1016	324
1017	298
1018	308
1019	310
1020	333
1021	316
1022	314
1023	338
1024	297
1025	329
1026	299
1027	290
1028	321
1029	320
1030	343
1031	308
1032	320
1033	309
1034	335
1035	305
1036	348
1037	312
1038	315
1039	290
1040	270
1041	309
1042	291
1043	295
1044	289
1045	327
1046	286
1047	320
1048	322
1049	323
1050	333
1051	301
1052	316
1053	313
1054	286
1055	312
1056	298
1057	280
1058	303
1059	296
1060	300
1061	295
1062	306
1063	296
1064	311
1065	323
1066	286
1067	294
1068	284
1069	316
1070	308
1071	330
1072	301
1073	285
1074	306
1075	328
1076	307
1077	292
1078	292
1079	297
1080	295
1081	296
1082	278
1083	301
1084	296
1085	323
1086	293
1087	279
1088	314
1089	293
1090	269
1091	318
1092	330
1093	286
1094	276
1095	305
1096	310
1097	313
1098	300
1099	322
1100	325
1101	325
1102	288
1103	277
1104	257
1105	263
1106	304
1107	303
1108	279
1109	289
1110	296
1111	312
1112	303
1113	292
1114	293
1115	269
1116	286
1117	319
1118	295
1119	258
1120	308
1121	296
1122	284
1123	284
1124	286
1125	271
1126	280
1127	297
1128	289
1129	277
1130	305
1131	303
1132	287
1133	291
1134	270
1135	281
1136	285
1137	272
1138	279
1139	294
1140	282
1141	283
1142	255
1143	273
1144	292
1145	271
1146	281
1147	291
1148	270
1149	263
1150	281
1151	309
1152	259
1153	266
1154	282
1155	263
1156	269
1157	291
1158	266
1159	276
1160	282
1161	303
1162	259
1163	276
1164	262
1165	305
1166	248
1167	262
1168	286
1169	238
1170	284
1171	246
1172	263
1173	299
1174	296
1175	255
1176	244
1177	279
1178	289
1179	266
1180	236
1181	273
1182	280
1183	260
1184	284
1185	276
1186	249
1187	259
1188	232
1189	232
1190	255
1191	286
1192	308
1193	230
1194	242
1195	292
1196	256
1197	266
1198	291
1199	259
1200	251
1201	248
1202	263
1203	268
1204	297
1205	274
1206	241
1207	250
1208	274
1209	259
1210	243
1211	262
1212	263
1213	263
1214	276
1215	238
1216	239
1217	266
1218	256
1219	274
1220	260
1221	259
1222	271
1223	253
1224	254
1225	255
1226	262
1227	270
1228	270
1229	258
1230	267
1231	243
1232	260
1233	278
1234	234
1235	249
1236	233
1237	226
1238	263
1239	231
1240	283
1241	239
1242	268
1243	250
1244	264
1245	262
1246	274
1247	260
1248	241
1249	245
1250	228
1251	257
1252	262
1253	257
1254	266
1255	239
1256	235
1257	237
1258	242
1259	251
1260	264
1261	262
1262	257
1263	247
1264	240
1265	229
1266	227
1267	259
1268	232
1269	249
1270	260
1271	262
1272	275
1273	246
1274	277
1275	246
1276	243
1277	247
1278	258
1279	294
1280	241
1281	246
1282	231
1283	269
1284	262
1285	262
1286	230
1287	233
1288	252
1289	242
1290	258
1291	228
1292	225
1293	249
1294	239
1295	249
1296	244
1297	259
1298	278
1299	231
1300	261
1301	213
1302	232
1303	249
1304	263
1305	232
1306	242
1307	250
1308	221
1309	228
1310	257
1311	244
1312	263
1313	220
1314	220
1315	225
1316	211
1317	247
1318	237
1319	240
1320	234
1321	230
1322	225
1323	219
1324	223
1325	260
1326	226
1327	237
1328	237
1329	242
1330	227
1331	247
1332	262
1333	231
1334	242
1335	236
1336	194
1337	241
1338	255
1339	260
1340	249
1341	211
1342	246
1343	243
1344	251
1345	231
1346	243
1347	226
1348	242
1349	232
1350	250
1351	232
1352	252
1353	237
1354	247
1355	242
1356	227
1357	229
1358	234
1359	218
1360	230
1361	256
1362	234
1363	226
1364	233
1365	239
1366	246
1367	242
1368	252
1369	221
1370	236
1371	209
1372	217
1373	233
1374	237
1375	244
1376	237
1377	220
1378	224
1379	212
1380	231
1381	270
1382	251
1383	223
1384	223
1385	237
1386	226
1387	240
1388	232
1389	244
1390	249
1391	197
1392	223
1393	222
1394	222
1395	198
1396	261
1397	243
1398	214
1399	214
1400	210
1401	205
1402	232
1403	242
1404	222
1405	227
1406	213
1407	219
1408	208
1409	212
1410	202
1411	206
1412	197
1413	239
1414	230
1415	204
1416	218
1417	217
1418	183
1419	228
1420	227
1421	229
1422	221
1423	220
1424	223
1425	211
1426	197
1427	200
1428	218
1429	232
1430	213
1431	233
1432	210
1433	206
1434	223
1435	214
1436	219
1437	231
1438	197
1439	224
1440	226
1441	214
1442	219
1443	214
1444	205
1445	210
1446	224
1447	223
1448	205
1449	199
1450	199
1451	221
1452	208
1453	203
1454	214
1455	203
1456	242
1457	208
1458	199
1459	218
1460	219
1461	207
1462	213
1463	228
1464	236
1465	175
1466	193
1467	195
1468	205
1469	216
1470	221
1471	219
1472	196
1473	244
1474	205
1475	199
1476	218
1477	203
1478	214
1479	197
1480	200
1481	206
1482	207
1483	225
1484	202
1485	177
1486	197
1487	192
1488	213
1489	226
1490	203
1491	203
1492	191
1493	213
1494	209
1495	191
1496	223
1497	208
1498	209
1499	198
1500	201
1501	196
1502	197
1503	206
1504	211
1505	226
1506	236
1507	184
1508	219
1509	208
1510	213
1511	188
1512	203
1513	202
1514	205
1515	192
1516	188
1517	203
1518	208
1519	203
1520	187
1521	180
1522	182
1523	189
1524	184
1525	207
1526	196
1527	204
1528	204
1529	182
1530	197
1531	206
1532	200
1533	186
1534	192
1535	214
1536	203
1537	196
1538	221
1539	209
1540	194
1541	191
1542	204
1543	201
1544	166
1545	183
1546	199
1547	185
1548	203
1549	217
1550	183
1551	205
1552	180
1553	188
1554	180
1555	197
1556	184
1557	181
1558	193
1559	178
1560	172
1561	175
1562	161
1563	202
1564	195
1565	207
1566	180
1567	208
1568	193
1569	192
1570	164
1571	175
1572	181
1573	176
1574	184
1575	163
1576	160
1577	192
1578	150
1579	199
1580	188
1581	170
1582	206
1583	185
1584	209
1585	168
1586	178
1587	189
1588	173
1589	198
1590	197
1591	171
1592	177
1593	190
1594	178
1595	172
1596	181
1597	186
1598	181
1599	164
1600	184
1601	200
1602	189
1603	196
1604	168
1605	182
1606	177
1607	169
1608	172
1609	190
1610	181
1611	155
1612	199
1613	169
1614	188
1615	166
1616	199
1617	178
1618	179
1619	158
1620	186
1621	209
1622	186
1623	179
1624	177
1625	187
1626	166
1627	199
1628	180
1629	174
1630	176
1631	194
1632	171
1633	189
1634	169
1635	204
1636	193
1637	185
1638	146
1639	172
1640	213
1641	161
1642	166
1643	133
1644	166
1645	168
1646	205
1647	166
1648	177
1649	172
1650	152
1651	157
1652	173
1653	170
1654	184
1655	188
1656	201
1657	159
1658	186
1659	167
1660	158
1661	171
1662	150
1663	169
1664	147
1665	170
1666	178
1667	180
1668	152
1669	180
1670	183
1671	167
1672	190
1673	146
1674	176
1675	171
1676	141
1677	139
1678	168
1679	168
1680	164
1681	162
1682	142
1683	179
1684	166
1685	169
1686	153
1687	165
1688	160
1689	194
1690	162
1691	164
1692	141
1693	166
1694	160
1695	154
1696	155
1697	193
1698	177
1699	151
1700	146
1701	157
1702	175
1703	158
1704	162
1705	153
1706	157
1707	180
1708	162
1709	167
1710	175
1711	171
1712	139
1713	168
1714	168
1715	142
1716	157
1717	174
1718	149
1719	142
1720	176
1721	169
1722	151
1723	142
1724	157
1725	148
1726	146
1727	156
1728	158
1729	152
1730	164
1731	159
1732	161
1733	132
1734	162
1735	142
1736	155
1737	128
1738	160
1739	160
1740	160
1741	140
1742	145
1743	146
1744	139
1745	151
1746	149
1747	166
1748	133
1749	148
1750	154
1751	154
1752	134
1753	139
1754	156
1755	150
1756	159
1757	159
1758	154
1759	160
1760	163
1761	149
1762	137
1763	161
1764	134
1765	162
1766	159
1767	162
1768	157
1769	142
1770	148
1771	167
1772	152
1773	148
1774	145
1775	155
1776	139
1777	159
1778	144
1779	134
1780	149
1781	142
1782	163
1783	166
1784	142
1785	145
1786	172
1787	148
1788	149
1789	126
1790	158
1791	161
1792	155
1793	151
1794	161
1795	136
1796	123
1797	153
1798	140
1799	166
1800	160
1801	149
1802	137
1803	139
1804	169
1805	136
1806	159
1807	149
1808	146
1809	147
1810	137
1811	155
1812	149
1813	127
1814	154
1815	163
1816	147
1817	156
1818	161
1819	134
1820	153
1821	160
1822	144
1823	174
1824	156
1825	149
1826	129
1827	138
1828	141
1829	147
1830	153
1831	156
1832	148
1833	144
1834	140
1835	140
1836	164
1837	152
1838	131
1839	143
1840	167
1841	129
1842	141
1843	144
1844	142
1845	124
1846	146
1847	149
1848	177
1849	139
1850	141
1851	119
1852	142
1853	122
1854	153
1855	138
1856	137
1857	160
1858	175
1859	149
1860	175
1861	133
1862	168
1863	143
1864	151
1865	157
1866	160
1867	143
1868	122
1869	148
1870	123
1871	139
1872	148
1873	141
1874	147
1875	151
1876	140
1877	135
1878	123
1879	143
1880	120
1881	135
1882	143
1883	163
1884	143
1885	143
1886	158
1887	160
1888	132
1889	162
1890	145
1891	140
1892	161
1893	139
1894	139
1895	116
1896	136
1897	140
1898	142
1899	159
1900	158
1901	134
1902	150
1903	152
1904	143
1905	152
1906	146
1907	157
1908	128
1909	133
1910	142
1911	164
1912	165
1913	158
1914	147
1915	156
1916	156
1917	161
1918	156
1919	158
1920	144
1921	160
1922	157
1923	145
1924	138
1925	157
1926	152
1927	150
1928	138
1929	136
1930	145
1931	155
1932	167
1933	131
1934	144
1935	137
1936	138
1937	154
1938	151
1939	174
1940	148
1941	163
1942	146
1943	133
1944	172
1945	151
1946	144
1947	134
1948	144
1949	148
1950	154
1951	169
1952	163
1953	164
1954	154
1955	156
1956	142
1957	167
1958	143
1959	160
1960	149
1961	172
1962	145
1963	161
1964	140
1965	141
1966	147
1967	159
1968	158
1969	172
1970	140
1971	175
1972	176
1973	152
1974	145
1975	159
1976	161
1977	155
1978	160
1979	158
1980	166
1981	150
1982	180
1983	137
1984	169
1985	147
1986	133
1987	183
1988	178
1989	160
1990	178
1991	141
1992	173
1993	170
1994	140
1995	165
1996	169
1997	141
1998	153
1999	153
2000	164
2001	185
2002	158
2003	142
2004	180
2005	160
2006	160
2007	171
2008	159
2009	173
2010	167
2011	151
2012	168
2013	157
2014	170
2015	169
2016	190
2017	170
2018	171
2019	174
2020	187
2021	145
2022	181
2023	151
2024	156
2025	148
2026	164
2027	162
2028	181
2029	157
2030	191
2031	183
2032	172
2033	180
2034	164
2035	170
2036	166
2037	196
2038	175
2039	172
2040	166
2041	168
2042	166
2043	183
2044	214
2045	192
2046	148
2047	196
2048	190
2049	171
2050	198
2051	186
2052	182
2053	165
2054	194
2055	187
2056	189
2057	168
2058	195
2059	192
2060	186
2061	175
2062	198
2063	186
2064	199
2065	187
2066	177
2067	188
2068	188
2069	211
2070	187
2071	193
2072	213
2073	174
2074	193
2075	217
2076	189
2077	204
2078	205
2079	209
2080	201
2081	199
2082	223
2083	198
2084	192
2085	179
2086	204
2087	180
2088	186
2089	226
2090	182
2091	208
2092	174
2093	197
2094	206
2095	213
2096	209
2097	194
2098	214
2099	200
2100	218
2101	187
2102	204
2103	183
2104	243
2105	194
2106	220
2107	172
2108	237
2109	213
2110	219
2111	215
2112	207
2113	213
2114	211
2115	207
2116	228
2117	209
2118	225
2119	238
2120	195
2121	225
2122	225
2123	234
2124	225
2125	207
2126	219
2127	232
2128	235
2129	243
2130	214
2131	211
2132	224
2133	238
2134	216
2135	233
2136	255
2137	228
2138	206
2139	235
2140	223
2141	224
2142	217
2143	270
2144	213
2145	215
2146	225
2147	241
2148	227
2149	236
2150	252
2151	243
2152	213
2153	227
2154	236
2155	248
2156	267
2157	245
2158	212
2159	268
2160	234
2161	250
2162	258
2163	256
2164	242
2165	242
2166	209
2167	248
2168	235
2169	243
2170	231
2171	227
2172	255
2173	254
2174	223
2175	247
2176	237
2177	265
2178	247
2179	223
2180	268
2181	279
2182	271
2183	261
2184	256
2185	250
2186	247
2187	251
2188	254
2189	264
2190	246
2191	269
2192	268
2193	268
2194	254
2195	245
2196	256
2197	259
2198	257
2199	276
2200	291
2201	274
2202	253
2203	275
2204	268
2205	232
2206	266
2207	270
2208	296
2209	257
2210	283
2211	278
2212	280
2213	294
2214	261
2215	280
2216	302
2217	278
2218	269
2219	282
2220	236
2221	264
2222	255
2223	268
2224	305
2225	296
2226	320
2227	263
2228	301
2229	282
2230	303
2231	275
2232	269
2233	303
2234	290
2235	254
2236	270
2237	296
2238	317
2239	305
2240	307
2241	292
2242	283
2243	271
2244	290
2245	282
2246	299
2247	295
2248	312
2249	264
2250	307
2251	303
2252	294
2253	322
2254	305
2255	286
2256	296
2257	277
2258	315
2259	318
2260	322
2261	279
2262	304
2263	332
2264	307
2265	270
2266	302
2267	316
2268	289
2269	310
2270	294
2271	332
2272	344
2273	273
2274	313
2275	315
2276	310
2277	335
2278	317
2279	326
2280	322
2281	333
2282	310
2283	330
2284	335
2285	322
2286	325
2287	327
2288	314
2289	374
2290	314
2291	340
2292	320
2293	317
2294	320
2295	319
2296	315
2297	301
2298	340
2299	338
2300	326
2301	332
2302	337
2303	350
2304	328
2305	306
2306	326
2307	344
2308	352
2309	322
2310	322
2311	339
2312	328
2313	350
2314	341
2315	328
2316	339
2317	316
2318	337
2319	333
2320	332
2321	320
2322	366
2323	343
2324	341
2325	319
2326	342
2327	317
2328	340
2329	332
2330	337
2331	348
2332	366
2333	301
2334	362
2335	353
2336	352
2337	362
2338	360
2339	340
2340	311
2341	330
2342	362
2343	349
2344	335
2345	329
2346	374
2347	375
2348	342
2349	352
2350	346
2351	333
2352	338
2353	340
2354	345
2355	354
2356	370
2357	350
2358	350
2359	369
2360	350
2361	383
2362	353
2363	363
2364	338
2365	351
2366	348
2367	341
2368	328
2369	358
2370	337
2371	387
2372	399
2373	359
2374	355
2375	369
2376	345
2377	348
2378	358
2379	364
2380	366
2381	332
2382	356
2383	366
2384	369
2385	366
2386	386
2387	342
2388	375
2389	388
2390	362
2391	348
2392	388
2393	374
2394	378
2395	354
2396	362
2397	388
2398	376
2399	331
2400	365
2401	354
2402	377
2403	354
2404	370
2405	349
2406	349
2407	391
2408	385
2409	379
2410	347
2411	356
2412	371
2413	359
2414	373
2415	371
2416	355
2417	325
2418	387
2419	387
2420	362
2421	384
2422	386
2423	356
2424	373
2425	372
2426	352
2427	364
2428	404
2429	397
2430	363
2431	380
2432	355
2433	379
2434	364
2435	371
2436	404
2437	386
2438	343
2439	382
2440	350
2441	375
2442	346
2443	359
2444	375
2445	369
2446	415
2447	351
2448	389
2449	337
2450	393
2451	356
2452	367
2453	365
2454	328
2455	369
2456	353
2457	362
2458	336
2459	353
2460	378
2461	377
2462	349
2463	368
2464	376
2465	369
2466	353
2467	380
2468	370
2469	374
2470	375
2471	358
2472	354
2473	344
2474	373
2475	409
2476	377
2477	370
2478	377
2479	377
2480	400
2481	336
2482	363
2483	343
2484	355
2485	373
2486	347
2487	353
2488	376
2489	335
2490	358
2491	375
2492	399
2493	392
2494	384
2495	323
2496	325
2497	369
2498	301
2499	354
2500	347
2501	366
2502	373
2503	354
2504	332
2505	359
2506	349
2507	341
2508	393
2509	334
2510	323
2511	365
2512	352
2513	343
2514	350
2515	352
2516	322
2517	378
2518	389
2519	366
2520	372
2521	356
2522	353
2523	366
2524	383
2525	347
2526	389
2527	339
2528	339
2529	348
2530	361
2531	386
2532	359
2533	357
2534	331
2535	339
2536	325
2537	328
2538	369
2539	342
2540	340
2541	333
2542	331
2543	321
2544	325
2545	353
2546	327
2547	335
2548	341
2549	333
2550	348
2551	324
2552	308
2553	305
2554	326
2555	352
2556	339
2557	327
2558	339
2559	344
2560	291
2561	361
2562	324
2563	315
2564	324
2565	298
2566	320
2567	315
2568	356
2569	316
2570	321
2571	345
2572	329
2573	327
2574	318
2575	310
2576	305
2577	313
2578	310
2579	311
2580	308
2581	327
2582	268
2583	322
2584	307
2585	310
2586	313
2587	308
2588	292
2589	269
2590	292
2591	304
2592	314
2593	310
2594	312
2595	311
2596	299
2597	307
2598	306
2599	325
2600	307
2601	302
2602	330
2603	300
2604	339
2605	295
2606	299
2607	318
2608	317
2609	322
2610	324
2611	310
2612	283
2613	277
2614	325
2615	279
2616	284
2617	298
2618	314
2619	263
2620	313
2621	278
2622	275
2623	284
2624	291
2625	303
2626	283
2627	277
2628	319
2629	268
2630	319
2631	316
2632	293
2633	298
2634	291
2635	275
2636	296
2637	260
2638	265
2639	274
2640	282
2641	296
2642	278
2643	279
2644	298
2645	275
2646	274
2647	270
2648	272
2649	264
2650	257
2651	274
2652	284
2653	286
2654	277
2655	272
2656	281
2657	252
2658	252
2659	272
2660	251
2661	245
2662	273
2663	243
2664	268
2665	279
2666	249
2667	269
2668	233
2669	290
2670	261
2671	281
2672	262
2673	254
2674	252
2675	278
2676	240
2677	249
2678	244
2679	250
2680	272
2681	251
2682	260
2683	256
2684	252
2685	240
2686	222
2687	261
2688	272
2689	254
2690	246
2691	254
2692	263
2693	254
2694	242
2695	241
2696	244
2697	243
2698	259
2699	233
2700	245
2701	260
2702	238
2703	220
2704	244
2705	233
2706	271
2707	236
2708	232
2709	243
2710	249
2711	229
2712	222
2713	256
2714	250
2715	219
2716	230
2717	239
2718	220
2719	231
2720	235
2721	238
2722	243
2723	217
2724	215
2725	240
2726	212
2727	224
2728	219
2729	213
2730	218
2731	230
2732	222
2733	222
2734	222
2735	214
2736	261
2737	220
2738	232
2739	227
2740	192
2741	229
2742	236
2743	221
2744	216
2745	215
2746	237
2747	208
2748	201
2749	225
2750	210
2751	200
2752	191
2753	196
2754	206
2755	211
2756	202
2757	218
2758	228
2759	220
2760	211
2761	222
2762	223
2763	225
2764	200
2765	198
2766	220
2767	233
2768	221
2769	225
2770	224
2771	216
2772	216
2773	210
2774	224
2775	205
2776	184
2777	196
2778	220
2779	191
2780	186
2781	178
2782	223
2783	202
2784	193
2785	174
2786	199
2787	194
2788	192
2789	190
2790	191
2791	218
2792	214
2793	180
2794	217
2795	200
2796	192
2797	199
2798	220
2799	211
2800	184
2801	203
2802	177
2803	178
2804	191
2805	195
2806	165
2807	210
2808	208
2809	216
2810	162
2811	179
2812	170
2813	183
2814	218
2815	166
2816	180
2817	197
2818	207
2819	148
2820	194
2821	184
2822	172
2823	195
2824	184
2825	165
2826	191
2827	156
2828	207
2829	190
2830	184
2831	163
2832	161
2833	150
2834	173
2835	208
2836	185
2837	189
2838	175
2839	191
2840	189
2841	176
2842	162
2843	180
2844	178
2845	177
2846	174
2847	195
2848	162
2849	186
2850	170
2851	161
2852	171
2853	171
2854	191
2855	174
2856	186
2857	169
2858	157
2859	185
2860	185
2861	187
2862	174
2863	175
2864	179
2865	174
2866	177
2867	183
2868	161
2869	185
2870	167
2871	173
2872	182
2873	157
2874	184
2875	180
2876	187
2877	173
2878	156
2879	163
2880	166
2881	167
2882	194
2883	155
2884	161
2885	153
2886	168
2887	177
2888	165
2889	137
2890	160
2891	168
2892	155
2893	173
2894	160
2895	178
2896	162
2897	146
2898	163
2899	163
2900	172
2901	148
2902	192
2903	173
2904	154
2905	167
2906	146
2907	170
2908	167
2909	165
2910	157
2911	190
2912	158
2913	169
2914	152
2915	154
2916	154
2917	141
2918	139
2919	155
2920	179
2921	152
2922	151
2923	170
2924	149
2925	168
2926	172
2927	171
2928	175
2929	146
2930	137
2931	154
2932	172
2933	156
2934	147
2935	164
2936	175
2937	138
2938	185
2939	146
2940	180
2941	145
2942	163
2943	151
2944	142
2945	139
2946	150
2947	152
2948	171
2949	147
2950	159
2951	134
2952	161
2953	150
2954	150
2955	161
2956	145
2957	146
2958	161
2959	160
2960	135
2961	149
2962	148
2963	147
2964	166
2965	175
2966	145
2967	155
2968	145
2969	170
2970	138
2971	166
2972	176
2973	141
2974	157
2975	138
2976	157
2977	167
2978	169
2979	143
2980	119
2981	142
2982	147
2983	161
2984	151
2985	150
2986	161
2987	127
2988	132
2989	133
2990	158
2991	142
2992	120
2993	155
2994	142
2995	163
2996	172
2997	141
2998	171
2999	140
3000	166
3001	171
3002	137
3003	133
3004	172
3005	150
3006	141
3007	133
3008	154
3009	158
3010	140
3011	132
3012	153
3013	130
3014	153
3015	148
3016	136
3017	169
3018	157
3019	141
3020	130
3021	118
3022	141
3023	158
3024	126
3025	145
3026	148
3027	142
3028	142
3029	143
3030	143
3031	157
3032	122
3033	118
3034	116
3035	152
3036	142
3037	140
3038	142
3039	134
3040	122
3041	144
3042	120
3043	149
3044	157
3045	130
3046	142
3047	160
3048	141
3049	155
3050	143
3051	137
3052	143
3053	143
3054	146
3055	135
3056	113
3057	132
3058	135
3059	141
3060	138
3061	145
3062	140
3063	148
3064	120
3065	134
3066	136
3067	127
3068	140
3069	134
3070	136
3071	138
3072	118
3073	144
3074	126
3075	137
3076	143
3077	131
3078	134
3079	129
3080	146
3081	137
3082	132
3083	140
3084	125
3085	154
3086	139
3087	115
3088	127
3089	119
3090	143
3091	119
3092	125
3093	136
3094	135
3095	125
3096	147
3097	131
3098	137
3099	128
3100	139
3101	118
3102	119
3103	121
3104	141
3105	140
3106	113
3107	129
3108	131
3109	116
3110	129
3111	138
3112	123
3113	117
3114	114
3115	121
3116	131
3117	137
3118	109
3119	130
3120	114
3121	123
3122	129
3123	144
3124	126
3125	113
3126	121
3127	118
3128	128
3129	142
3130	132
3131	128
3132	131
3133	130
3134	106
3135	115
3136	112
3137	109
3138	126
3139	131
3140	118
3141	98
3142	105
3143	127
3144	124
3145	103
3146	114
3147	126
3148	116
3149	105
3150	127
3151	117
3152	99
3153	113
3154	127
3155	125
3156	97
3157	119
3158	113
3159	122
3160	110
3161	145
3162	110
3163	105
3164	115
3165	111
3166	120
3167	100
3168	101
3169	109
3170	117
3171	111
3172	108
3173	119
3174	109
3175	99
3176	85
3177	116
3178	111
3179	95
3180	115
3181	93
3182	100
3183	107
3184	104
3185	100
3186	99
3187	116
3188	102
3189	103
3190	118
3191	97
3192	104
3193	120
3194	91
3195	79
3196	95
3197	123
3198	119
3199	95
3200	97
3201	99
3202	90
3203	89
3204	86
3205	98
3206	93
3207	73
3208	94
3209	95
3210	115
3211	96
3212	78
3213	101
3214	71
3215	107
3216	92
3217	96
3218	106
3219	114
3220	108
3221	101
3222	102
3223	96
3224	84
3225	93
3226	103
3227	98
3228	98
3229	84
3230	104
3231	95
3232	75
3233	90
3234	76
3235	99
3236	81
3237	106
3238	83
3239	81
3240	98
3241	92
3242	86
3243	94
3244	99
3245	86
3246	86
3247	90
3248	84
3249	72
3250	75
3251	90
3252	80
3253	92
3254	72
3255	81
3256	82
3257	79
3258	87
3259	79
3260	97
3261	86
3262	85
3263	77
3264	88
3265	95
3266	88
3267	92
3268	85
3269	78
3270	85
3271	89
3272	72
3273	86
3274	87
3275	90
3276	78
3277	71
3278	76
3279	88
3280	68
3281	80
3282	75
3283	62
3284	72
3285	71
3286	72
3287	74
3288	81
3289	66
3290	65
3291	77
3292	78
3293	91
3294	59
3295	79
3296	74
3297	75
3298	76
3299	74
3300	82
3301	58
3302	90
3303	65
3304	74
3305	59
3306	79
3307	67
3308	56
3309	67
3310	69
3311	85
3312	77
3313	72
3314	66
3315	60
3316	64
3317	64
3318	75
3319	66
3320	80
3321	76
3322	64
3323	60
3324	73
3325	66
3326	66
3327	61
3328	62
3329	51
3330	57
3331	64
3332	61
3333	56
3334	60
3335	58
3336	76
3337	62
3338	64
3339	54
3340	52
3341	65
3342	66
3343	62
3344	63
3345	63
3346	61
3347	54
3348	61
3349	42
3350	72
3351	70
3352	56
3353	47
3354	53
3355	53
3356	60
3357	59
3358	63
3359	54
3360	49
3361	63
3362	53
3363	43
3364	48
3365	36
3366	52
3367	55
3368	59
3369	49
3370	55
3371	53
3372	51
3373	56
3374	50
3375	37
3376	61
3377	50
3378	53
3379	55
3380	56
3381	50
3382	60
3383	50
3384	54
3385	46
3386	52
3387	48
3388	45
3389	39
3390	59
3391	38
3392	45
3393	45
3394	41
3395	51
3396	41
3397	47
3398	45
3399	36
3400	47
3401	53
3402	46
3403	45
3404	44
3405	54
3406	34
3407	41
3408	43
3409	45
3410	48
3411	55
3412	39
3413	50
3414	36
3415	49
3416	38
3417	27
3418	43
3419	31
3420	45
3421	45
3422	36
3423	39
3424	40
3425	38
3426	47
3427	39
3428	44
3429	45
3430	37
3431	37
3432	41
3433	34
3434	31
3435	41
3436	35
3437	42
3438	27
3439	37
3440	31
3441	38
3442	34
3443	31
3444	38
3445	44
3446	31
3447	40
3448	43
3449	38
3450	38
3451	34
3452	35
3453	37
3454	33
3455	38
3456	17
3457	37
3458	34
3459	25
3460	28
3461	36
3462	41
3463	30
3464	28
3465	25
3466	24
3467	42
3468	26
3469	36
3470	24
3471	32
3472	30
3473	27
3474	21
3475	19
3476	28
3477	23
3478	28
3479	34
3480	40
3481	35
3482	29
3483	29
3484	29
3485	30
3486	16
3487	27
3488	33
3489	37
3490	31
3491	36
3492	24
3493	28
3494	30
3495	20
3496	27
3497	17
3498	17
3499	34
3500	23
3501	22
3502	22
3503	26
3504	26
3505	28
3506	31
3507	33
3508	30
3509	26
3510	22
3511	20
3512	19
3513	19
3514	24
3515	17
3516	21
3517	20
3518	19
3519	29
3520	27
3521	23
3522	16
3523	30
3524	31
3525	22
3526	34
3527	13
3528	13
3529	13
3530	25
3531	27
3532	18
3533	22
3534	24
3535	32
3536	18
3537	22
3538	16
3539	15
3540	25
3541	21
3542	19
3543	21
3544	13
3545	20
3546	14
3547	16
3548	20
3549	12
3550	19
3551	23
3552	21
3553	17
3554	22
3555	21
3556	8
3557	17
3558	19
3559	22
3560	18
3561	17
3562	19
3563	20
3564	18
3565	16
3566	13
3567	18
3568	8
3569	18
3570	11
3571	19
3572	22
3573	15
3574	13
3575	12
3576	14
3577	12
3578	18
3579	10
3580	26
3581	17
3582	17
3583	15
3584	26
3585	19
3586	14
3587	18
3588	18
3589	15
3590	20
3591	19
3592	15
3593	13
3594	13
3595	7
3596	14
3597	14
3598	12
3599	11
3600	13
3601	13
3602	16
3603	13
3604	14
3605	10
3606	17
3607	5
3608	15
3609	8
3610	14
3611	15
3612	17
3613	7
3614	13
3615	12
3616	18
3617	13
3618	9
3619	9
3620	15
3621	14
3622	13
3623	12
3624	17
3625	18
3626	11
3627	9
3628	19
3629	7
3630	8
3631	8
3632	14
3633	18
3634	9
3635	10
3636	10
3637	4
3638	15
3639	14
3640	14
3641	14
3642	10
3643	11
3644	8
3645	13
3646	10
3647	9
3648	14
3649	10
3650	8
3651	6
3652	9
3653	6
3654	12
3655	7
3656	7
3657	10
3658	9
3659	10
3660	10
3661	6
3662	13
3663	12
3664	7
3665	9
3666	6
3667	10
3668	12
3669	7
3670	5
3671	9
3672	11
3673	6
3674	11
3675	4
3676	4
3677	13
3678	8
3679	9
3680	11
3681	8
3682	8
3683	9
3684	3
3685	9
3686	9
3687	7
3688	11
3689	5
3690	9
3691	5
3692	5
3693	9
3694	9
3695	8
3696	8
3697	5
3698	5
3699	8
3700	6
3701	8
3702	6
3703	5
3704	7
3705	6
3706	9
3707	9
3708	9
3709	8
3710	6
3711	6
3712	6
3713	6
3714	9
3715	1
3716	6
3717	9
3718	6
3719	11
3720	4
3721	5
3722	8
3723	4
3724	4
3725	5
3726	7
3727	6
3728	5
3729	11
3730	7
3731	8
3732	3
3733	4
3734	5
3735	9
3736	3
3737	5
3738	2
3739	1
3740	6
3741	6
3742	3
3743	2
3744	6
3745	7
3746	6
3747	7
3748	3
3749	2
3750	6
3751	7
3752	3
3753	4
3754	3
3755	1
3756	3
3757	5
3758	6
3759	5
3760	3
3761	3
3762	7
3763	4
3764	4
3765	4
3766	4
3767	2
3768	1
3769	4
3770	3
3771	4
3772	8
3773	3
3774	6
3775	2
3776	3
3777	6
3778	4
3779	4
3780	3
3781	2
3782	4
3783	4
3784	5
3785	3
3786	4
3787	2
3788	3
3789	1
3790	3
3791	2
3792	4
3793	3
3794	1
3795	3
3796	4
3797	7
3798	0
3799	2
3800	2
3801	3
3802	3
3803	4
3804	3
3805	4
3806	4
3807	2
3808	3
3809	1
3810	1
3811	2
3812	1
3813	1
3814	3
3815	4
3816	4
3817	2
3818	2
3819	2
3820	4
3821	3
3822	0
3823	4
3824	2
3825	3
3826	2
3827	2
3828	1
3829	7
3830	3
3831	5
3832	4
3833	1
3834	3
3835	5
3836	3
3837	0
3838	4
3839	2
3840	1
3841	4
3842	2
3843	4
3844	2
3845	2
3846	1
3847	0
3848	1
3849	7
3850	0
3851	5
3852	4
3853	3
3854	4
3855	3
3856	0
3857	2
3858	0
3859	2
3860	2
3861	4
3862	3
3863	1
3864	2
3865	2
3866	3
3867	2
3868	1
3869	2
3870	1
3871	4
3872	1
3873	1
3874	1
3875	2
3876	0
3877	2
3878	4
3879	6
3880	2
3881	3
3882	3
3883	1
3884	1
3885	0
3886	0
3887	4
3888	1
3889	4
3890	3
3891	1
3892	2
3893	2
3894	3
3895	2
3896	0
3897	1
3898	0
3899	2
3900	0
3901	0
3902	3
3903	0
3904	0
3905	2
3906	0
3907	2
3908	3
3909	2
3910	0
3911	2
3912	1
3913	3
3914	1
3915	1
3916	2
3917	3
3918	2
3919	4
3920	1
3921	0
3922	1
3923	0
3924	3
3925	1
3926	2
3927	1
3928	1
3929	5
3930	3
3931	3
3932	1
3933	3
3934	2
3935	2
3936	1
3937	4
3938	1
3939	1
3940	1
3941	2
3942	1
3943	5
3944	1
3945	4
3946	1
3947	1
3948	1
3949	1
3950	0
3951	2
3952	2
3953	1
3954	0
3955	1
3956	2
3957	2
3958	1
3959	2
3960	3
3961	1
3962	0
3963	2
3964	2
3965	0
3966	0
3967	1
3968	3
3969	1
3970	0
3971	1
3972	2
3973	1
3974	2
3975	1
3976	1
3977	4
3978	1
3979	2
3980	0
3981	1
3982	0
3983	2
3984	1
3985	2
3986	1
3987	1
3988	3
3989	0
3990	3
3991	2
3992	1
3993	0
3994	1
3995	1
3996	1
3997	0
3998	1
3999	0
4000	2
4001	1
4002	3
4003	2
4004	4
4005	0
4006	2
4007	1
4008	3
4009	0
4010	2
4011	2
4012	0
4013	0
4014	2
4015	2
4016	3
4017	1
4018	0
4019	4
4020	2
4021	0
4022	1
4023	2
4024	1
4025	0
4026	2
4027	1
4028	0
4029	0
4030	1
4031	0
4032	1
4033	2
4034	1
4035	1
4036	2
4037	0
4038	0
4039	1
4040	0
4041	2
4042	3
4043	0
4044	1
4045	1
4046	0
4047	1
4048	0
4049	1
4050	0
4051	1
4052	1
4053	0
4054	1
4055	3
4056	0
4057	0
4058	1
4059	2
4060	0
4061	1
4062	1
4063	1
4064	3
4065	0
4066	2
4067	2
4068	1
4069	1
4070	0
4071	0
4072	1
4073	1
4074	3
4075	0
4076	1
4077	0
4078	0
4079	2
4080	1
4081	2
4082	0
4083	1
4084	0
4085	2
4086	1
4087	1
4088	1
4089	3
4090	0
4091	0
4092	1
4093	1
4094	1
4095	3
