0	0
1	0
2	0
3	0
4	0
5	0
6	0
7	0
8	0
9	0
10	0
11	0
12	0
13	0
14	0
15	0
16	0
17	0
18	0
19	0
20	0
21	0
22	0
23	0
24	0
25	0
26	0
27	0
28	0
29	0
30	0
31	0
32	0
33	0
34	0
35	1
36	1
37	2
38	1
39	0
40	2
41	0
42	2
43	0
44	3
45	3
46	2
47	0
48	2
49	2
50	2
51	1
52	3
53	3
54	6
55	1
56	4
57	2
58	6
59	4
60	7
61	28
62	111
63	315
64	543
65	487
66	455
67	405
68	391
69	332
70	293
71	214
72	219
73	187
74	175
75	154
76	139
77	128
78	147
79	111
80	113
81	123
82	110
83	96
84	106
85	110
86	119
87	92
88	90
89	86
90	88
91	88
92	101
93	106
94	92
95	91
96	102
97	104
98	92
99	96
100	113
101	105
102	103
103	100
104	107
105	115
106	102
107	80
108	87
109	104
110	89
111	96
112	95
113	90
114	88
115	92
116	100
117	89
118	90
119	99
120	93
121	102
122	95
123	100
124	104
125	98
126	85
127	116
128	79
129	102
130	88
131	106
132	84
133	100
134	98
135	89
136	107
137	81
138	93
139	82
140	101
141	87
142	90
143	80
144	99
145	70
146	103
147	118
148	97
149	107
150	125
151	94
152	99
153	100
154	73
155	86
156	101
157	110
158	107
159	85
160	98
161	106
162	88
163	99
164	81
165	89
166	97
167	113
168	81
169	87
170	95
171	91
172	109
173	78
174	108
175	94
176	95
177	91
178	108
179	101
180	96
181	88
182	93
183	110
184	103
185	96
186	94
187	91
188	108
189	102
190	85
191	92
192	87
193	74
194	105
195	105
196	101
197	104
198	114
199	114
200	103
201	100
202	118
203	92
204	94
205	93
206	101
207	106
208	117
209	81
210	103
211	102
212	91
213	100
214	111
215	107
216	94
217	90
218	114
219	111
220	108
221	99
222	111
223	105
224	113
225	90
226	113
227	93
228	126
229	100
230	101
231	89
232	99
233	98
234	95
235	94
236	77
237	90
238	111
239	96
240	114
241	99
242	98
243	122
244	90
245	121
246	94
247	111
248	90
249	91
250	109
251	84
252	95
253	125
254	101
255	117
256	87
257	95
258	96
259	107
260	111
261	111
262	111
263	101
264	104
265	104
266	103
267	100
268	101
269	94
270	95
271	114
272	95
273	114
274	111
275	111
276	98
277	102
278	99
279	93
280	109
281	99
282	99
283	117
284	98
285	109
286	111
287	106
288	104
289	110
290	100
291	83
292	109
293	108
294	115
295	101
296	120
297	110
298	96
299	109
300	109
301	106
302	110
303	99
304	98
305	113
306	102
307	123
308	105
309	129
310	106
311	104
312	127
313	103
314	112
315	107
316	103
317	111
318	101
319	127
320	115
321	89
322	112
323	108
324	98
325	115
326	126
327	122
328	106
329	107
330	129
331	97
332	113
333	121
334	127
335	114
336	122
337	99
338	132
339	112
340	119
341	126
342	101
343	118
344	99
345	117
346	131
347	115
348	142
349	135
350	132
351	129
352	131
353	142
354	134
355	113
356	128
357	109
358	133
359	114
360	128
361	134
362	115
363	131
364	146
365	114
366	110
367	145
368	132
369	128
370	115
371	118
372	143
373	128
374	120
375	130
376	127
377	130
378	121
379	135
380	120
381	139
382	137
383	131
384	126
385	152
386	121
387	114
388	121
389	144
390	159
391	132
392	143
393	131
394	141
395	138
396	130
397	143
398	131
399	137
400	145
401	144
402	145
403	145
404	131
405	158
406	138
407	154
408	110
409	139
410	157
411	132
412	134
413	129
414	131
415	145
416	144
417	117
418	131
419	139
420	142
421	147
422	139
423	136
424	132
425	132
426	138
427	127
428	103
429	128
430	158
431	135
432	142
433	151
434	138
435	133
436	133
437	142
438	135
439	135
440	146
441	142
442	133
443	134
444	126
445	160
446	162
447	122
448	163
449	140
450	119
451	134
452	150
453	147
454	135
455	123
456	141
457	129
458	132
459	146
460	134
461	161
462	138
463	146
464	114
465	135
466	123
467	150
468	152
469	133
470	139
471	124
472	131
473	131
474	124
475	150
476	141
477	138
478	144
479	131
480	125
481	128
482	160
483	139
484	160
485	157
486	143
487	134
488	131
489	147
490	131
491	141
492	151
493	139
494	142
495	129
496	130
497	118
498	168
499	130
500	143
501	139
502	147
503	151
504	148
505	134
506	121
507	140
508	165
509	141
510	106
511	133
512	125
513	147
514	153
515	132
516	115
517	133
518	122
519	139
520	107
521	131
522	126
523	128
524	137
525	134
526	134
527	139
528	133
529	141
530	143
531	156
532	120
533	137
534	127
535	133
536	148
537	142
538	139
539	140
540	142
541	122
542	118
543	140
544	133
545	118
546	152
547	123
548	156
549	145
550	138
551	119
552	138
553	122
554	127
555	119
556	135
557	130
558	141
559	128
560	143
561	133
562	155
563	130
564	147
565	136
566	135
567	141
568	134
569	141
570	147
571	127
572	120
573	157
574	145
575	149
576	130
577	143
578	147
579	155
580	138
581	139
582	153
583	170
584	100
585	138
586	132
587	155
588	129
589	134
590	132
591	139
592	151
593	139
594	135
595	129
596	124
597	140
598	130
599	135
600	145
601	134
602	147
603	142
604	142
605	143
606	142
607	152
608	146
609	156
610	154
611	140
612	163
613	114
614	153
615	164
616	157
617	122
618	166
619	165
620	138
621	137
622	138
623	139
624	143
625	126
626	133
627	123
628	179
629	142
630	170
631	149
632	139
633	153
634	146
635	152
636	147
637	157
638	173
639	160
640	143
641	146
642	149
643	148
644	154
645	182
646	151
647	131
648	153
649	139
650	134
651	136
652	144
653	174
654	150
655	147
656	169
657	159
658	139
659	167
660	141
661	175
662	146
663	157
664	130
665	139
666	143
667	167
668	172
669	154
670	165
671	143
672	154
673	175
674	153
675	122
676	140
677	161
678	165
679	150
680	172
681	154
682	155
683	147
684	164
685	162
686	162
687	164
688	141
689	155
690	163
691	156
692	167
693	147
694	154
695	141
696	155
697	172
698	153
699	172
700	197
701	165
702	183
703	184
704	195
705	167
706	193
707	157
708	162
709	177
710	173
711	169
712	149
713	185
714	191
715	173
716	140
717	184
718	170
719	182
720	179
721	168
722	166
723	182
724	152
725	158
726	158
727	179
728	150
729	162
730	171
731	179
732	183
733	182
734	177
735	192
736	164
737	163
738	188
739	171
740	173
741	180
742	160
743	182
744	181
745	164
746	189
747	172
748	183
749	153
750	194
751	168
752	176
753	165
754	158
755	193
756	172
757	179
758	184
759	201
760	170
761	179
762	182
763	177
764	176
765	184
766	199
767	202
768	155
769	176
770	178
771	171
772	184
773	169
774	163
775	180
776	208
777	188
778	180
779	172
780	177
781	181
782	178
783	173
784	160
785	189
786	171
787	189
788	167
789	177
790	191
791	187
792	193
793	206
794	188
795	160
796	166
797	184
798	180
799	201
800	180
801	179
802	196
803	215
804	171
805	174
806	168
807	186
808	198
809	220
810	183
811	170
812	171
813	172
814	187
815	180
816	183
817	211
818	193
819	193
820	190
821	191
822	207
823	200
824	190
825	175
826	181
827	183
828	157
829	201
830	210
831	209
832	183
833	152
834	180
835	202
836	168
837	211
838	185
839	207
840	187
841	195
842	182
843	184
844	187
845	195
846	157
847	179
848	199
849	188
850	190
851	187
852	215
853	195
854	176
855	184
856	199
857	175
858	174
859	190
860	177
861	180
862	197
863	205
864	182
865	183
866	194
867	172
868	170
869	204
870	194
871	182
872	178
873	186
874	212
875	199
876	199
877	189
878	191
879	166
880	191
881	180
882	175
883	189
884	173
885	202
886	197
887	186
888	151
889	201
890	185
891	209
892	172
893	170
894	169
895	185
896	167
897	200
898	184
899	195
900	202
901	185
902	179
903	161
904	196
905	192
906	155
907	188
908	186
909	187
910	183
911	185
912	167
913	181
914	178
915	185
916	199
917	180
918	187
919	192
920	198
921	182
922	199
923	180
924	180
925	183
926	197
927	147
928	186
929	193
930	198
931	186
932	181
933	189
934	164
935	210
936	186
937	173
938	157
939	173
940	196
941	176
942	221
943	188
944	198
945	173
946	187
947	192
948	191
949	177
950	189
951	201
952	210
953	170
954	178
955	150
956	179
957	164
958	170
959	174
960	183
961	151
962	174
963	162
964	164
965	198
966	167
967	193
968	171
969	171
970	184
971	146
972	170
973	165
974	179
975	172
976	193
977	183
978	187
979	164
980	186
981	183
982	170
983	167
984	174
985	189
986	179
987	167
988	194
989	170
990	171
991	179
992	151
993	165
994	180
995	201
996	149
997	166
998	171
999	194
1000	180
1001	164
1002	175
1003	166
1004	163
1005	167
1006	177
1007	193
1008	181
1009	184
1010	168
1011	183
1012	209
1013	173
1014	181
1015	155
1016	168
1017	171
1018	187
1019	144
1020	176
1021	165
1022	179
1023	164
1024	166
1025	139
1026	165
1027	187
1028	159
1029	197
1030	152
1031	168
1032	158
1033	168
1034	161
1035	152
1036	173
1037	169
1038	172
1039	169
1040	169
1041	152
1042	148
1043	131
1044	182
1045	163
1046	177
1047	162
1048	184
1049	154
1050	155
1051	158
1052	150
1053	162
1054	171
1055	150
1056	164
1057	194
1058	151
1059	148
1060	158
1061	136
1062	155
1063	160
1064	138
1065	140
1066	148
1067	166
1068	153
1069	174
1070	145
1071	156
1072	173
1073	154
1074	163
1075	157
1076	162
1077	156
1078	165
1079	137
1080	158
1081	165
1082	146
1083	158
1084	165
1085	133
1086	183
1087	154
1088	165
1089	170
1090	146
1091	149
1092	139
1093	148
1094	161
1095	151
1096	148
1097	137
1098	134
1099	166
1100	165
1101	161
1102	159
1103	150
1104	131
1105	143
1106	151
1107	141
1108	140
1109	160
1110	142
1111	151
1112	163
1113	144
1114	147
1115	152
1116	129
1117	144
1118	168
1119	160
1120	116
1121	143
1122	159
1123	147
1124	129
1125	124
1126	139
1127	170
1128	156
1129	162
1130	157
1131	133
1132	144
1133	136
1134	152
1135	168
1136	161
1137	169
1138	135
1139	145
1140	124
1141	133
1142	139
1143	153
1144	156
1145	148
1146	140
1147	152
1148	148
1149	144
1150	147
1151	148
1152	133
1153	143
1154	156
1155	141
1156	130
1157	148
1158	140
1159	143
1160	130
1161	141
1162	142
1163	129
1164	136
1165	129
1166	129
1167	125
1168	146
1169	148
1170	119
1171	131
1172	114
1173	121
1174	148
1175	124
1176	119
1177	117
1178	126
1179	129
1180	116
1181	131
1182	120
1183	140
1184	122
1185	121
1186	143
1187	132
1188	135
1189	126
1190	134
1191	127
1192	120
1193	125
1194	137
1195	144
1196	137
1197	137
1198	108
1199	136
1200	128
1201	132
1202	130
1203	118
1204	115
1205	125
1206	116
1207	118
1208	140
1209	104
1210	118
1211	121
1212	150
1213	143
1214	132
1215	124
1216	137
1217	141
1218	126
1219	129
1220	123
1221	121
1222	121
1223	152
1224	120
1225	127
1226	124
1227	133
1228	109
1229	109
1230	109
1231	110
1232	113
1233	120
1234	109
1235	107
1236	109
1237	119
1238	108
1239	131
1240	125
1241	122
1242	127
1243	126
1244	120
1245	111
1246	134
1247	129
1248	108
1249	120
1250	115
1251	160
1252	118
1253	136
1254	141
1255	107
1256	95
1257	99
1258	102
1259	99
1260	116
1261	132
1262	93
1263	130
1264	117
1265	94
1266	103
1267	112
1268	125
1269	127
1270	107
1271	115
1272	118
1273	115
1274	130
1275	110
1276	124
1277	112
1278	109
1279	105
1280	97
1281	126
1282	117
1283	96
1284	107
1285	106
1286	122
1287	133
1288	89
1289	99
1290	123
1291	120
1292	125
1293	95
1294	120
1295	100
1296	101
1297	112
1298	113
1299	91
1300	106
1301	102
1302	106
1303	111
1304	92
1305	98
1306	99
1307	114
1308	112
1309	102
1310	107
1311	102
1312	109
1313	100
1314	110
1315	98
1316	107
1317	110
1318	97
1319	119
1320	129
1321	84
1322	114
1323	111
1324	122
1325	102
1326	102
1327	104
1328	136
1329	107
1330	103
1331	108
1332	101
1333	113
1334	94
1335	97
1336	111
1337	103
1338	101
1339	116
1340	99
1341	107
1342	113
1343	92
1344	97
1345	106
1346	103
1347	100
1348	119
1349	104
1350	111
1351	97
1352	118
1353	95
1354	106
1355	94
1356	121
1357	112
1358	94
1359	108
1360	108
1361	110
1362	101
1363	104
1364	101
1365	101
1366	104
1367	99
1368	96
1369	105
1370	98
1371	113
1372	85
1373	78
1374	103
1375	103
1376	108
1377	94
1378	105
1379	102
1380	85
1381	99
1382	107
1383	97
1384	92
1385	103
1386	100
1387	90
1388	94
1389	102
1390	101
1391	107
1392	98
1393	105
1394	114
1395	118
1396	101
1397	93
1398	81
1399	80
1400	104
1401	120
1402	93
1403	98
1404	97
1405	91
1406	110
1407	96
1408	102
1409	108
1410	83
1411	88
1412	104
1413	107
1414	87
1415	95
1416	117
1417	101
1418	96
1419	98
1420	104
1421	98
1422	81
1423	101
1424	102
1425	85
1426	97
1427	107
1428	101
1429	106
1430	118
1431	106
1432	87
1433	107
1434	84
1435	104
1436	85
1437	97
1438	104
1439	94
1440	123
1441	87
1442	79
1443	90
1444	123
1445	112
1446	111
1447	97
1448	101
1449	110
1450	85
1451	124
1452	104
1453	108
1454	105
1455	99
1456	100
1457	108
1458	93
1459	110
1460	102
1461	89
1462	99
1463	95
1464	104
1465	75
1466	116
1467	115
1468	96
1469	112
1470	120
1471	104
1472	106
1473	93
1474	109
1475	110
1476	96
1477	119
1478	96
1479	100
1480	131
1481	91
1482	101
1483	99
1484	109
1485	103
1486	95
1487	104
1488	97
1489	91
1490	82
1491	102
1492	90
1493	130
1494	114
1495	96
1496	112
1497	104
1498	118
1499	113
1500	98
1501	105
1502	108
1503	101
1504	116
1505	121
1506	98
1507	95
1508	98
1509	91
1510	95
1511	101
1512	93
1513	92
1514	113
1515	97
1516	105
1517	97
1518	104
1519	105
1520	96
1521	103
1522	118
1523	97
1524	98
1525	105
1526	113
1527	93
1528	120
1529	118
1530	87
1531	105
1532	105
1533	117
1534	103
1535	110
1536	126
1537	104
1538	123
1539	110
1540	111
1541	106
1542	117
1543	112
1544	132
1545	100
1546	102
1547	108
1548	135
1549	118
1550	115
1551	103
1552	122
1553	116
1554	121
1555	111
1556	140
1557	101
1558	116
1559	132
1560	123
1561	100
1562	103
1563	101
1564	129
1565	137
1566	114
1567	140
1568	107
1569	103
1570	124
1571	120
1572	129
1573	114
1574	130
1575	121
1576	123
1577	121
1578	112
1579	128
1580	122
1581	121
1582	107
1583	138
1584	123
1585	143
1586	118
1587	125
1588	112
1589	145
1590	135
1591	129
1592	108
1593	136
1594	116
1595	118
1596	132
1597	128
1598	111
1599	126
1600	136
1601	125
1602	114
1603	120
1604	130
1605	125
1606	135
1607	138
1608	131
1609	121
1610	129
1611	125
1612	168
1613	152
1614	144
1615	143
1616	134
1617	142
1618	141
1619	151
1620	164
1621	143
1622	131
1623	160
1624	148
1625	136
1626	145
1627	142
1628	133
1629	142
1630	151
1631	135
1632	139
1633	159
1634	160
1635	148
1636	145
1637	169
1638	146
1639	178
1640	136
1641	162
1642	150
1643	167
1644	145
1645	169
1646	156
1647	153
1648	151
1649	172
1650	143
1651	143
1652	172
1653	155
1654	150
1655	182
1656	146
1657	147
1658	155
1659	152
1660	145
1661	170
1662	153
1663	164
1664	173
1665	194
1666	171
1667	160
1668	170
1669	182
1670	170
1671	179
1672	176
1673	166
1674	175
1675	166
1676	168
1677	179
1678	182
1679	179
1680	145
1681	179
1682	175
1683	167
1684	192
1685	185
1686	179
1687	178
1688	171
1689	183
1690	171
1691	182
1692	206
1693	186
1694	196
1695	199
1696	190
1697	182
1698	230
1699	199
1700	175
1701	195
1702	199
1703	230
1704	206
1705	186
1706	202
1707	195
1708	197
1709	191
1710	217
1711	209
1712	199
1713	213
1714	208
1715	188
1716	203
1717	198
1718	212
1719	191
1720	206
1721	226
1722	208
1723	224
1724	211
1725	216
1726	194
1727	207
1728	200
1729	223
1730	218
1731	233
1732	220
1733	223
1734	225
1735	211
1736	216
1737	244
1738	212
1739	209
1740	214
1741	231
1742	233
1743	256
1744	208
1745	225
1746	205
1747	240
1748	213
1749	214
1750	238
1751	230
1752	231
1753	211
1754	248
1755	232
1756	236
1757	240
1758	213
1759	256
1760	222
1761	233
1762	233
1763	259
1764	253
1765	230
1766	245
1767	260
1768	246
1769	244
1770	238
1771	259
1772	280
1773	274
1774	263
1775	261
1776	264
1777	257
1778	256
1779	251
1780	270
1781	268
1782	255
1783	264
1784	251
1785	239
1786	300
1787	249
1788	269
1789	270
1790	280
1791	256
1792	258
1793	233
1794	261
1795	273
1796	231
1797	227
1798	260
1799	269
1800	288
1801	287
1802	291
1803	283
1804	295
1805	275
1806	296
1807	295
1808	264
1809	275
1810	274
1811	265
1812	279
1813	265
1814	282
1815	273
1816	280
1817	278
1818	295
1819	255
1820	261
1821	282
1822	310
1823	291
1824	277
1825	273
1826	300
1827	287
1828	309
1829	287
1830	294
1831	319
1832	285
1833	282
1834	296
1835	290
1836	269
1837	269
1838	287
1839	304
1840	329
1841	306
1842	297
1843	298
1844	275
1845	303
1846	287
1847	292
1848	264
1849	296
1850	316
1851	310
1852	302
1853	295
1854	302
1855	304
1856	306
1857	298
1858	286
1859	312
1860	277
1861	291
1862	278
1863	300
1864	330
1865	307
1866	309
1867	278
1868	304
1869	303
1870	296
1871	309
1872	304
1873	330
1874	308
1875	303
1876	313
1877	308
1878	320
1879	291
1880	325
1881	320
1882	283
1883	317
1884	297
1885	332
1886	331
1887	303
1888	305
1889	345
1890	331
1891	312
1892	297
1893	312
1894	307
1895	306
1896	294
1897	328
1898	315
1899	289
1900	310
1901	303
1902	302
1903	296
1904	352
1905	332
1906	317
1907	323
1908	310
1909	304
1910	280
1911	326
1912	305
1913	320
1914	312
1915	295
1916	307
1917	327
1918	317
1919	292
1920	324
1921	332
1922	330
1923	326
1924	315
1925	317
1926	323
1927	319
1928	295
1929	312
1930	317
1931	302
1932	299
1933	287
1934	310
1935	329
1936	312
1937	328
1938	297
1939	303
1940	337
1941	304
1942	307
1943	323
1944	297
1945	339
1946	280
1947	302
1948	315
1949	309
1950	338
1951	315
1952	348
1953	270
1954	308
1955	288
1956	329
1957	300
1958	318
1959	332
1960	329
1961	339
1962	303
1963	267
1964	272
1965	292
1966	309
1967	325
1968	272
1969	292
1970	347
1971	306
1972	281
1973	313
1974	317
1975	317
1976	319
1977	245
1978	302
1979	342
1980	323
1981	309
1982	304
1983	310
1984	289
1985	284
1986	329
1987	286
1988	296
1989	286
1990	320
1991	279
1992	318
1993	285
1994	315
1995	289
1996	287
1997	291
1998	285
1999	303
2000	304
2001	278
2002	295
2003	282
2004	286
2005	303
2006	293
2007	281
2008	296
2009	306
2010	313
2011	322
2012	285
2013	282
2014	268
2015	297
2016	298
2017	277
2018	290
2019	286
2020	294
2021	286
2022	278
2023	310
2024	277
2025	276
2026	273
2027	287
2028	294
2029	293
2030	296
2031	269
2032	288
2033	273
2034	309
2035	266
2036	260
2037	243
2038	269
2039	273
2040	287
2041	271
2042	278
2043	267
2044	260
2045	277
2046	243
2047	278
2048	263
2049	269
2050	286
2051	256
2052	248
2053	292
2054	280
2055	258
2056	269
2057	246
2058	251
2059	277
2060	263
2061	239
2062	256
2063	273
2064	238
2065	261
2066	245
2067	243
2068	252
2069	261
2070	269
2071	258
2072	228
2073	262
2074	251
2075	273
2076	276
2077	240
2078	238
2079	232
2080	236
2081	252
2082	252
2083	257
2084	220
2085	230
2086	231
2087	238
2088	216
2089	258
2090	225
2091	226
2092	241
2093	201
2094	236
2095	210
2096	240
2097	239
2098	214
2099	231
2100	227
2101	206
2102	261
2103	217
2104	246
2105	234
2106	222
2107	228
2108	183
2109	236
2110	242
2111	228
2112	206
2113	221
2114	229
2115	189
2116	218
2117	231
2118	200
2119	218
2120	208
2121	226
2122	171
2123	200
2124	208
2125	199
2126	233
2127	209
2128	214
2129	192
2130	199
2131	188
2132	178
2133	201
2134	186
2135	195
2136	179
2137	190
2138	184
2139	184
2140	187
2141	223
2142	208
2143	174
2144	200
2145	205
2146	190
2147	189
2148	205
2149	170
2150	169
2151	184
2152	157
2153	195
2154	165
2155	154
2156	160
2157	199
2158	148
2159	178
2160	197
2161	159
2162	195
2163	170
2164	186
2165	174
2166	180
2167	185
2168	148
2169	182
2170	184
2171	169
2172	166
2173	141
2174	168
2175	132
2176	167
2177	170
2178	158
2179	143
2180	156
2181	164
2182	166
2183	141
2184	136
2185	144
2186	168
2187	157
2188	162
2189	141
2190	161
2191	152
2192	142
2193	148
2194	147
2195	156
2196	134
2197	156
2198	156
2199	141
2200	126
2201	134
2202	153
2203	146
2204	150
2205	161
2206	134
2207	149
2208	134
2209	108
2210	146
2211	134
2212	131
2213	134
2214	130
2215	131
2216	126
2217	121
2218	127
2219	101
2220	118
2221	143
2222	123
2223	132
2224	139
2225	120
2226	113
2227	117
2228	110
2229	122
2230	116
2231	119
2232	102
2233	126
2234	134
2235	129
2236	122
2237	105
2238	113
2239	121
2240	131
2241	112
2242	106
2243	107
2244	131
2245	106
2246	117
2247	109
2248	101
2249	99
2250	85
2251	105
2252	119
2253	112
2254	103
2255	97
2256	101
2257	88
2258	101
2259	95
2260	109
2261	102
2262	97
2263	93
2264	95
2265	93
2266	86
2267	103
2268	108
2269	97
2270	99
2271	88
2272	106
2273	106
2274	112
2275	97
2276	99
2277	93
2278	88
2279	76
2280	81
2281	85
2282	89
2283	86
2284	99
2285	84
2286	76
2287	79
2288	78
2289	104
2290	93
2291	86
2292	81
2293	84
2294	89
2295	86
2296	81
2297	85
2298	72
2299	75
2300	84
2301	70
2302	73
2303	74
2304	93
2305	63
2306	83
2307	82
2308	80
2309	91
2310	72
2311	76
2312	50
2313	86
2314	90
2315	63
2316	87
2317	75
2318	73
2319	60
2320	68
2321	69
2322	67
2323	70
2324	87
2325	77
2326	68
2327	66
2328	62
2329	56
2330	80
2331	50
2332	63
2333	60
2334	62
2335	55
2336	66
2337	64
2338	62
2339	64
2340	60
2341	73
2342	64
2343	52
2344	52
2345	64
2346	62
2347	56
2348	72
2349	51
2350	55
2351	61
2352	77
2353	52
2354	67
2355	79
2356	58
2357	53
2358	49
2359	84
2360	49
2361	53
2362	58
2363	60
2364	53
2365	53
2366	65
2367	53
2368	61
2369	44
2370	44
2371	37
2372	55
2373	59
2374	64
2375	61
2376	41
2377	46
2378	46
2379	48
2380	61
2381	41
2382	56
2383	46
2384	53
2385	57
2386	49
2387	61
2388	52
2389	52
2390	43
2391	54
2392	46
2393	46
2394	39
2395	47
2396	51
2397	38
2398	58
2399	41
2400	45
2401	54
2402	50
2403	44
2404	41
2405	41
2406	48
2407	48
2408	58
2409	50
2410	52
2411	43
2412	33
2413	40
2414	42
2415	43
2416	44
2417	48
2418	37
2419	34
2420	44
2421	41
2422	48
2423	49
2424	46
2425	44
2426	45
2427	45
2428	41
2429	42
2430	37
2431	51
2432	40
2433	35
2434	46
2435	43
2436	46
2437	45
2438	44
2439	35
2440	52
2441	29
2442	41
2443	37
2444	45
2445	28
2446	42
2447	44
2448	39
2449	40
2450	51
2451	35
2452	34
2453	45
2454	41
2455	27
2456	31
2457	36
2458	37
2459	37
2460	42
2461	31
2462	41
2463	33
2464	39
2465	27
2466	32
2467	44
2468	45
2469	40
2470	38
2471	34
2472	37
2473	36
2474	45
2475	39
2476	37
2477	40
2478	51
2479	34
2480	30
2481	34
2482	41
2483	34
2484	36
2485	32
2486	29
2487	39
2488	46
2489	31
2490	36
2491	43
2492	30
2493	38
2494	48
2495	37
2496	35
2497	40
2498	34
2499	34
2500	38
2501	35
2502	24
2503	46
2504	36
2505	34
2506	30
2507	42
2508	36
2509	32
2510	32
2511	33
2512	29
2513	38
2514	33
2515	36
2516	34
2517	33
2518	32
2519	32
2520	36
2521	37
2522	41
2523	43
2524	32
2525	36
2526	31
2527	37
2528	31
2529	40
2530	41
2531	35
2532	35
2533	32
2534	38
2535	39
2536	34
2537	36
2538	41
2539	33
2540	33
2541	42
2542	34
2543	27
2544	40
2545	33
2546	43
2547	33
2548	32
2549	33
2550	24
2551	39
2552	36
2553	34
2554	42
2555	26
2556	32
2557	41
2558	30
2559	31
2560	40
2561	47
2562	33
2563	31
2564	31
2565	32
2566	34
2567	34
2568	31
2569	32
2570	31
2571	46
2572	34
2573	31
2574	39
2575	33
2576	37
2577	29
2578	33
2579	30
2580	31
2581	28
2582	32
2583	36
2584	21
2585	25
2586	37
2587	39
2588	28
2589	33
2590	33
2591	34
2592	40
2593	27
2594	39
2595	35
2596	28
2597	28
2598	35
2599	28
2600	33
2601	36
2602	32
2603	39
2604	29
2605	35
2606	42
2607	34
2608	25
2609	40
2610	25
2611	36
2612	34
2613	24
2614	35
2615	37
2616	39
2617	32
2618	32
2619	34
2620	33
2621	38
2622	34
2623	30
2624	34
2625	40
2626	35
2627	29
2628	27
2629	32
2630	33
2631	28
2632	31
2633	29
2634	31
2635	28
2636	32
2637	43
2638	40
2639	29
2640	42
2641	30
2642	35
2643	29
2644	44
2645	41
2646	34
2647	30
2648	30
2649	33
2650	29
2651	31
2652	30
2653	32
2654	29
2655	42
2656	46
2657	38
2658	32
2659	35
2660	29
2661	30
2662	38
2663	31
2664	34
2665	29
2666	42
2667	25
2668	30
2669	29
2670	40
2671	33
2672	34
2673	32
2674	30
2675	44
2676	41
2677	25
2678	33
2679	48
2680	37
2681	33
2682	42
2683	35
2684	39
2685	37
2686	34
2687	33
2688	31
2689	34
2690	36
2691	36
2692	40
2693	44
2694	42
2695	32
2696	31
2697	34
2698	43
2699	40
2700	34
2701	29
2702	34
2703	36
2704	30
2705	34
2706	30
2707	34
2708	39
2709	33
2710	35
2711	25
2712	38
2713	30
2714	30
2715	35
2716	29
2717	36
2718	33
2719	43
2720	28
2721	29
2722	40
2723	32
2724	36
2725	29
2726	41
2727	37
2728	40
2729	36
2730	25
2731	27
2732	25
2733	30
2734	36
2735	32
2736	30
2737	38
2738	38
2739	37
2740	33
2741	25
2742	32
2743	34
2744	23
2745	42
2746	35
2747	34
2748	35
2749	37
2750	39
2751	34
2752	31
2753	31
2754	28
2755	36
2756	36
2757	38
2758	23
2759	30
2760	21
2761	26
2762	30
2763	29
2764	40
2765	29
2766	27
2767	30
2768	39
2769	30
2770	26
2771	44
2772	36
2773	36
2774	21
2775	37
2776	39
2777	25
2778	24
2779	36
2780	24
2781	31
2782	28
2783	29
2784	29
2785	32
2786	25
2787	32
2788	33
2789	38
2790	26
2791	23
2792	30
2793	30
2794	33
2795	31
2796	32
2797	37
2798	31
2799	26
2800	33
2801	29
2802	31
2803	31
2804	33
2805	35
2806	36
2807	39
2808	31
2809	35
2810	27
2811	21
2812	31
2813	28
2814	29
2815	27
2816	35
2817	31
2818	29
2819	19
2820	29
2821	27
2822	23
2823	26
2824	38
2825	38
2826	26
2827	34
2828	30
2829	38
2830	26
2831	40
2832	29
2833	29
2834	25
2835	30
2836	26
2837	34
2838	23
2839	26
2840	24
2841	27
2842	26
2843	47
2844	35
2845	31
2846	29
2847	21
2848	31
2849	21
2850	27
2851	38
2852	33
2853	21
2854	32
2855	18
2856	22
2857	22
2858	29
2859	29
2860	35
2861	24
2862	27
2863	36
2864	36
2865	32
2866	30
2867	32
2868	30
2869	29
2870	14
2871	25
2872	19
2873	27
2874	26
2875	27
2876	36
2877	26
2878	29
2879	27
2880	24
2881	23
2882	17
2883	22
2884	29
2885	37
2886	18
2887	34
2888	27
2889	16
2890	29
2891	18
2892	18
2893	23
2894	33
2895	32
2896	23
2897	34
2898	22
2899	28
2900	26
2901	36
2902	15
2903	21
2904	32
2905	27
2906	21
2907	22
2908	21
2909	21
2910	20
2911	23
2912	25
2913	26
2914	22
2915	22
2916	26
2917	25
2918	17
2919	26
2920	32
2921	30
2922	28
2923	23
2924	22
2925	28
2926	12
2927	20
2928	27
2929	25
2930	26
2931	25
2932	19
2933	23
2934	27
2935	27
2936	28
2937	21
2938	24
2939	29
2940	25
2941	30
2942	24
2943	21
2944	25
2945	22
2946	31
2947	33
2948	19
2949	27
2950	17
2951	24
2952	21
2953	20
2954	21
2955	16
2956	24
2957	26
2958	23
2959	27
2960	28
2961	26
2962	16
2963	26
2964	24
2965	25
2966	22
2967	13
2968	18
2969	23
2970	22
2971	28
2972	25
2973	28
2974	24
2975	23
2976	29
2977	25
2978	21
2979	16
2980	25
2981	17
2982	20
2983	20
2984	21
2985	20
2986	26
2987	21
2988	20
2989	22
2990	17
2991	16
2992	17
2993	17
2994	26
2995	15
2996	24
2997	30
2998	23
2999	14
3000	21
3001	22
3002	24
3003	22
3004	20
3005	30
3006	14
3007	13
3008	18
3009	19
3010	15
3011	18
3012	20
3013	21
3014	24
3015	19
3016	14
3017	17
3018	22
3019	14
3020	19
3021	26
3022	22
3023	10
3024	11
3025	14
3026	23
3027	24
3028	13
3029	13
3030	18
3031	27
3032	17
3033	20
3034	17
3035	19
3036	13
3037	20
3038	20
3039	14
3040	21
3041	17
3042	21
3043	11
3044	14
3045	19
3046	17
3047	20
3048	24
3049	22
3050	12
3051	13
3052	17
3053	18
3054	15
3055	15
3056	14
3057	25
3058	17
3059	23
3060	20
3061	19
3062	15
3063	18
3064	18
3065	13
3066	9
3067	17
3068	19
3069	17
3070	17
3071	15
3072	11
3073	13
3074	16
3075	22
3076	15
3077	10
3078	13
3079	23
3080	11
3081	23
3082	14
3083	17
3084	21
3085	18
3086	19
3087	22
3088	13
3089	11
3090	12
3091	11
3092	19
3093	18
3094	17
3095	18
3096	15
3097	15
3098	14
3099	19
3100	13
3101	15
3102	13
3103	14
3104	11
3105	21
3106	14
3107	13
3108	13
3109	7
3110	14
3111	11
3112	21
3113	12
3114	18
3115	15
3116	16
3117	10
3118	15
3119	9
3120	16
3121	10
3122	15
3123	15
3124	14
3125	11
3126	10
3127	12
3128	7
3129	12
3130	11
3131	16
3132	21
3133	14
3134	10
3135	10
3136	14
3137	21
3138	14
3139	12
3140	12
3141	12
3142	13
3143	14
3144	9
3145	12
3146	22
3147	16
3148	15
3149	7
3150	11
3151	12
3152	20
3153	15
3154	16
3155	13
3156	11
3157	15
3158	16
3159	8
3160	17
3161	11
3162	14
3163	11
3164	10
3165	14
3166	19
3167	12
3168	14
3169	9
3170	14
3171	14
3172	9
3173	12
3174	15
3175	14
3176	12
3177	15
3178	8
3179	6
3180	12
3181	9
3182	16
3183	9
3184	15
3185	17
3186	7
3187	15
3188	13
3189	18
3190	13
3191	14
3192	16
3193	13
3194	21
3195	15
3196	11
3197	10
3198	16
3199	9
3200	11
3201	10
3202	12
3203	8
3204	15
3205	3
3206	8
3207	11
3208	12
3209	17
3210	13
3211	10
3212	11
3213	9
3214	18
3215	12
3216	14
3217	6
3218	11
3219	14
3220	10
3221	12
3222	14
3223	14
3224	11
3225	10
3226	8
3227	14
3228	10
3229	11
3230	11
3231	10
3232	11
3233	7
3234	14
3235	9
3236	13
3237	8
3238	9
3239	6
3240	6
3241	8
3242	12
3243	11
3244	7
3245	5
3246	13
3247	11
3248	14
3249	10
3250	10
3251	6
3252	10
3253	10
3254	11
3255	9
3256	11
3257	16
3258	7
3259	11
3260	9
3261	14
3262	11
3263	6
3264	9
3265	6
3266	8
3267	9
3268	12
3269	12
3270	6
3271	10
3272	7
3273	6
3274	7
3275	3
3276	10
3277	9
3278	9
3279	9
3280	10
3281	9
3282	11
3283	7
3284	7
3285	9
3286	5
3287	11
3288	6
3289	6
3290	7
3291	9
3292	13
3293	6
3294	7
3295	8
3296	7
3297	5
3298	8
3299	9
3300	8
3301	10
3302	7
3303	4
3304	8
3305	12
3306	9
3307	7
3308	11
3309	5
3310	9
3311	8
3312	9
3313	8
3314	8
3315	9
3316	2
3317	8
3318	15
3319	4
3320	11
3321	11
3322	6
3323	5
3324	6
3325	5
3326	11
3327	9
3328	9
3329	8
3330	5
3331	5
3332	6
3333	5
3334	12
3335	8
3336	8
3337	3
3338	11
3339	8
3340	9
3341	7
3342	5
3343	8
3344	15
3345	6
3346	6
3347	5
3348	8
3349	3
3350	16
3351	8
3352	5
3353	11
3354	1
3355	12
3356	9
3357	4
3358	4
3359	8
3360	8
3361	6
3362	9
3363	6
3364	4
3365	11
3366	6
3367	8
3368	6
3369	7
3370	14
3371	10
3372	5
3373	5
3374	4
3375	9
3376	11
3377	4
3378	6
3379	9
3380	8
3381	7
3382	9
3383	4
3384	9
3385	5
3386	3
3387	6
3388	5
3389	6
3390	9
3391	6
3392	6
3393	4
3394	6
3395	5
3396	10
3397	8
3398	2
3399	9
3400	1
3401	5
3402	9
3403	4
3404	7
3405	11
3406	5
3407	4
3408	4
3409	5
3410	4
3411	7
3412	4
3413	10
3414	3
3415	8
3416	7
3417	7
3418	4
3419	7
3420	2
3421	6
3422	9
3423	4
3424	7
3425	8
3426	5
3427	9
3428	7
3429	8
3430	10
3431	8
3432	7
3433	6
3434	5
3435	2
3436	3
3437	6
3438	6
3439	3
3440	4
3441	2
3442	14
3443	5
3444	5
3445	4
3446	8
3447	4
3448	3
3449	4
3450	6
3451	5
3452	9
3453	9
3454	5
3455	1
3456	1
3457	2
3458	4
3459	6
3460	7
3461	2
3462	4
3463	4
3464	3
3465	7
3466	5
3467	7
3468	10
3469	8
3470	5
3471	9
3472	3
3473	7
3474	5
3475	5
3476	7
3477	3
3478	2
3479	0
3480	7
3481	4
3482	3
3483	5
3484	2
3485	5
3486	9
3487	12
3488	6
3489	6
3490	5
3491	8
3492	3
3493	6
3494	9
3495	6
3496	6
3497	7
3498	3
3499	3
3500	5
3501	6
3502	0
3503	4
3504	5
3505	6
3506	4
3507	4
3508	4
3509	3
3510	0
3511	5
3512	6
3513	5
3514	4
3515	8
3516	3
3517	4
3518	3
3519	4
3520	5
3521	2
3522	5
3523	6
3524	8
3525	7
3526	8
3527	6
3528	6
3529	4
3530	5
3531	2
3532	7
3533	3
3534	6
3535	2
3536	6
3537	5
3538	4
3539	3
3540	3
3541	5
3542	1
3543	4
3544	3
3545	7
3546	4
3547	5
3548	4
3549	4
3550	6
3551	3
3552	4
3553	5
3554	2
3555	5
3556	2
3557	2
3558	5
3559	1
3560	4
3561	2
3562	7
3563	2
3564	4
3565	3
3566	7
3567	3
3568	5
3569	2
3570	3
3571	2
3572	5
3573	1
3574	5
3575	3
3576	5
3577	3
3578	6
3579	6
3580	3
3581	9
3582	1
3583	3
3584	9
3585	3
3586	2
3587	3
3588	8
3589	2
3590	3
3591	3
3592	2
3593	3
3594	2
3595	1
3596	3
3597	5
3598	1
3599	3
3600	1
3601	3
3602	4
3603	5
3604	2
3605	5
3606	4
3607	1
3608	4
3609	2
3610	4
3611	1
3612	1
3613	5
3614	5
3615	3
3616	5
3617	4
3618	4
3619	3
3620	4
3621	1
3622	3
3623	2
3624	2
3625	1
3626	3
3627	4
3628	3
3629	6
3630	3
3631	2
3632	3
3633	3
3634	1
3635	0
3636	4
3637	1
3638	0
3639	1
3640	2
3641	2
3642	4
3643	3
3644	1
3645	4
3646	1
3647	1
3648	3
3649	0
3650	2
3651	3
3652	2
3653	2
3654	1
3655	0
3656	7
3657	2
3658	0
3659	2
3660	2
3661	1
3662	2
3663	2
3664	4
3665	1
3666	2
3667	3
3668	0
3669	0
3670	5
3671	3
3672	4
3673	2
3674	1
3675	1
3676	1
3677	2
3678	2
3679	1
3680	2
3681	2
3682	1
3683	3
3684	2
3685	1
3686	3
3687	4
3688	1
3689	3
3690	2
3691	1
3692	3
3693	1
3694	0
3695	1
3696	2
3697	2
3698	0
3699	2
3700	2
3701	1
3702	2
3703	1
3704	0
3705	5
3706	1
3707	2
3708	4
3709	1
3710	2
3711	1
3712	1
3713	2
3714	1
3715	1
3716	1
3717	3
3718	0
3719	1
3720	2
3721	0
3722	3
3723	1
3724	3
3725	0
3726	0
3727	0
3728	2
3729	2
3730	2
3731	2
3732	0
3733	2
3734	1
3735	1
3736	3
3737	0
3738	1
3739	1
3740	2
3741	2
3742	1
3743	1
3744	1
3745	0
3746	1
3747	2
3748	1
3749	0
3750	3
3751	0
3752	1
3753	2
3754	0
3755	3
3756	1
3757	0
3758	3
3759	0
3760	5
3761	1
3762	3
3763	0
3764	2
3765	3
3766	1
3767	3
3768	1
3769	0
3770	1
3771	1
3772	0
3773	0
3774	1
3775	4
3776	0
3777	0
3778	0
3779	1
3780	2
3781	1
3782	0
3783	0
3784	1
3785	0
3786	1
3787	1
3788	1
3789	4
3790	0
3791	1
3792	2
3793	2
3794	1
3795	2
3796	2
3797	1
3798	1
3799	1
3800	1
3801	0
3802	2
3803	0
3804	0
3805	0
3806	1
3807	1
3808	2
3809	2
3810	1
3811	0
3812	3
3813	2
3814	2
3815	3
3816	0
3817	0
3818	1
3819	4
3820	2
3821	2
3822	1
3823	1
3824	1
3825	1
3826	1
3827	2
3828	1
3829	0
3830	1
3831	0
3832	1
3833	1
3834	1
3835	1
3836	0
3837	1
3838	0
3839	1
3840	0
3841	1
3842	0
3843	1
3844	1
3845	0
3846	1
3847	0
3848	1
3849	0
3850	1
3851	1
3852	0
3853	1
3854	0
3855	0
3856	1
3857	2
3858	1
3859	0
3860	1
3861	0
3862	2
3863	0
3864	1
3865	0
3866	1
3867	3
3868	1
3869	2
3870	0
3871	1
3872	0
3873	0
3874	0
3875	2
3876	1
3877	0
3878	0
3879	1
3880	0
3881	0
3882	2
3883	2
3884	0
3885	2
3886	0
3887	0
3888	1
3889	0
3890	2
3891	0
3892	1
3893	0
3894	1
3895	1
3896	0
3897	1
3898	0
3899	2
3900	2
3901	1
3902	2
3903	0
3904	0
3905	0
3906	0
3907	0
3908	0
3909	3
3910	0
3911	0
3912	1
3913	0
3914	1
3915	1
3916	0
3917	1
3918	0
3919	0
3920	1
3921	0
3922	0
3923	0
3924	1
3925	0
3926	1
3927	1
3928	1
3929	2
3930	1
3931	2
3932	0
3933	0
3934	1
3935	0
3936	0
3937	2
3938	1
3939	0
3940	0
3941	1
3942	1
3943	2
3944	0
3945	3
3946	1
3947	1
3948	2
3949	1
3950	1
3951	0
3952	0
3953	1
3954	2
3955	1
3956	0
3957	0
3958	1
3959	0
3960	1
3961	0
3962	1
3963	1
3964	0
3965	1
3966	0
3967	0
3968	0
3969	1
3970	0
3971	1
3972	0
3973	0
3974	1
3975	1
3976	0
3977	0
3978	3
3979	0
3980	1
3981	2
3982	0
3983	0
3984	0
3985	0
3986	0
3987	0
3988	0
3989	0
3990	0
3991	2
3992	0
3993	0
3994	2
3995	0
3996	1
3997	0
3998	1
3999	0
4000	1
4001	0
4002	1
4003	1
4004	0
4005	0
4006	1
4007	1
4008	0
4009	0
4010	2
4011	0
4012	0
4013	0
4014	0
4015	0
4016	0
4017	1
4018	0
4019	0
4020	0
4021	0
4022	1
4023	0
4024	2
4025	1
4026	2
4027	1
4028	0
4029	1
4030	0
4031	0
4032	0
4033	1
4034	0
4035	1
4036	0
4037	1
4038	1
4039	1
4040	2
4041	0
4042	0
4043	0
4044	0
4045	1
4046	0
4047	0
4048	0
4049	0
4050	0
4051	0
4052	0
4053	0
4054	0
4055	1
4056	1
4057	0
4058	0
4059	0
4060	2
4061	0
4062	1
4063	2
4064	0
4065	0
4066	1
4067	0
4068	1
4069	1
4070	0
4071	1
4072	2
4073	0
4074	0
4075	0
4076	1
4077	0
4078	0
4079	0
4080	1
4081	0
4082	0
4083	0
4084	0
4085	0
4086	0
4087	1
4088	0
4089	0
4090	0
4091	0
4092	1
4093	0
4094	1
4095	0
