0	1
1	0
2	0
3	0
4	0
5	0
6	0
7	0
8	0
9	0
10	0
11	0
12	0
13	0
14	0
15	0
16	0
17	0
18	0
19	0
20	0
21	0
22	0
23	0
24	0
25	0
26	0
27	0
28	0
29	0
30	0
31	0
32	0
33	0
34	0
35	0
36	0
37	0
38	0
39	3
40	1
41	1
42	0
43	0
44	0
45	1
46	0
47	2
48	1
49	1
50	1
51	5
52	2
53	4
54	3
55	1
56	2
57	1
58	6
59	4
60	4
61	19
62	81
63	206
64	345
65	316
66	288
67	219
68	239
69	190
70	160
71	144
72	102
73	120
74	112
75	107
76	103
77	74
78	76
79	80
80	73
81	58
82	47
83	52
84	67
85	58
86	63
87	52
88	55
89	64
90	41
91	50
92	52
93	57
94	59
95	30
96	52
97	63
98	43
99	53
100	57
101	45
102	44
103	54
104	52
105	59
106	40
107	44
108	56
109	40
110	51
111	39
112	43
113	48
114	60
115	52
116	47
117	53
118	36
119	41
120	41
121	40
122	54
123	73
124	64
125	53
126	46
127	48
128	52
129	46
130	39
131	55
132	50
133	45
134	49
135	52
136	51
137	45
138	57
139	44
140	56
141	47
142	45
143	53
144	44
145	44
146	62
147	53
148	44
149	56
150	61
151	43
152	43
153	40
154	54
155	55
156	60
157	58
158	54
159	52
160	49
161	60
162	60
163	43
164	43
165	50
166	53
167	47
168	43
169	54
170	54
171	60
172	66
173	46
174	57
175	55
176	60
177	48
178	43
179	44
180	39
181	60
182	48
183	46
184	45
185	45
186	49
187	49
188	41
189	51
190	56
191	61
192	54
193	59
194	57
195	48
196	47
197	54
198	59
199	48
200	53
201	65
202	42
203	43
204	53
205	58
206	64
207	55
208	48
209	54
210	48
211	40
212	44
213	50
214	43
215	50
216	56
217	52
218	50
219	50
220	44
221	44
222	56
223	53
224	40
225	47
226	47
227	40
228	42
229	56
230	61
231	54
232	50
233	38
234	51
235	53
236	67
237	54
238	56
239	43
240	55
241	59
242	41
243	50
244	38
245	50
246	49
247	56
248	58
249	43
250	55
251	54
252	56
253	48
254	57
255	49
256	50
257	53
258	46
259	59
260	46
261	52
262	37
263	46
264	48
265	69
266	36
267	45
268	59
269	43
270	52
271	58
272	42
273	54
274	42
275	56
276	49
277	45
278	50
279	48
280	66
281	62
282	57
283	35
284	59
285	40
286	63
287	49
288	59
289	54
290	58
291	48
292	44
293	45
294	51
295	58
296	57
297	47
298	52
299	55
300	59
301	69
302	60
303	55
304	45
305	62
306	49
307	45
308	53
309	49
310	67
311	61
312	62
313	54
314	63
315	47
316	64
317	52
318	62
319	70
320	49
321	46
322	52
323	55
324	51
325	49
326	57
327	62
328	44
329	70
330	50
331	60
332	59
333	59
334	71
335	59
336	55
337	70
338	59
339	60
340	55
341	50
342	63
343	67
344	59
345	58
346	60
347	61
348	66
349	61
350	69
351	63
352	65
353	62
354	46
355	58
356	53
357	64
358	53
359	58
360	45
361	56
362	53
363	64
364	57
365	57
366	68
367	63
368	65
369	73
370	69
371	65
372	75
373	59
374	67
375	63
376	74
377	62
378	80
379	81
380	69
381	81
382	65
383	66
384	81
385	76
386	72
387	68
388	69
389	65
390	82
391	60
392	66
393	75
394	70
395	69
396	74
397	56
398	57
399	70
400	82
401	64
402	67
403	68
404	77
405	67
406	77
407	76
408	70
409	71
410	81
411	70
412	77
413	84
414	84
415	69
416	74
417	73
418	77
419	68
420	79
421	72
422	80
423	67
424	70
425	93
426	74
427	84
428	60
429	79
430	71
431	83
432	67
433	79
434	69
435	69
436	73
437	72
438	87
439	89
440	79
441	84
442	73
443	70
444	81
445	68
446	70
447	78
448	70
449	75
450	76
451	85
452	77
453	76
454	74
455	84
456	90
457	82
458	78
459	65
460	78
461	78
462	86
463	74
464	89
465	71
466	76
467	59
468	81
469	86
470	73
471	72
472	81
473	64
474	72
475	74
476	86
477	100
478	73
479	67
480	88
481	65
482	68
483	69
484	72
485	88
486	80
487	101
488	79
489	81
490	65
491	78
492	95
493	73
494	77
495	70
496	83
497	69
498	69
499	92
500	79
501	69
502	86
503	75
504	77
505	67
506	86
507	67
508	68
509	85
510	82
511	63
512	84
513	75
514	79
515	62
516	79
517	83
518	79
519	73
520	68
521	79
522	60
523	92
524	80
525	82
526	78
527	79
528	84
529	85
530	94
531	84
532	94
533	80
534	78
535	89
536	74
537	83
538	67
539	88
540	84
541	79
542	86
543	84
544	70
545	71
546	90
547	80
548	77
549	78
550	48
551	84
552	78
553	75
554	72
555	82
556	84
557	95
558	67
559	68
560	84
561	81
562	80
563	83
564	83
565	95
566	79
567	85
568	94
569	80
570	82
571	71
572	85
573	70
574	82
575	78
576	67
577	65
578	85
579	84
580	84
581	82
582	84
583	92
584	79
585	95
586	98
587	87
588	72
589	77
590	104
591	80
592	85
593	99
594	83
595	99
596	90
597	88
598	74
599	98
600	85
601	94
602	99
603	96
604	79
605	84
606	92
607	96
608	104
609	98
610	103
611	98
612	101
613	74
614	98
615	88
616	78
617	90
618	118
619	99
620	73
621	84
622	78
623	88
624	101
625	102
626	85
627	95
628	101
629	91
630	96
631	118
632	79
633	72
634	111
635	98
636	94
637	107
638	90
639	99
640	99
641	99
642	101
643	100
644	96
645	89
646	82
647	95
648	101
649	87
650	124
651	111
652	92
653	107
654	96
655	103
656	98
657	104
658	112
659	92
660	83
661	116
662	118
663	96
664	116
665	104
666	125
667	102
668	106
669	97
670	113
671	101
672	83
673	108
674	92
675	103
676	93
677	109
678	101
679	115
680	112
681	96
682	98
683	109
684	106
685	125
686	112
687	101
688	124
689	99
690	112
691	111
692	88
693	119
694	99
695	120
696	98
697	109
698	118
699	94
700	116
701	111
702	111
703	116
704	118
705	124
706	94
707	119
708	116
709	91
710	119
711	119
712	111
713	117
714	117
715	113
716	130
717	120
718	130
719	117
720	106
721	115
722	117
723	116
724	102
725	117
726	122
727	127
728	108
729	117
730	95
731	91
732	114
733	116
734	89
735	105
736	121
737	117
738	110
739	101
740	96
741	120
742	102
743	111
744	125
745	103
746	111
747	115
748	114
749	122
750	99
751	119
752	129
753	123
754	108
755	118
756	110
757	115
758	108
759	113
760	106
761	106
762	126
763	113
764	119
765	103
766	130
767	118
768	123
769	115
770	117
771	124
772	129
773	104
774	101
775	109
776	111
777	118
778	116
779	111
780	112
781	116
782	98
783	102
784	86
785	108
786	103
787	130
788	120
789	102
790	104
791	101
792	104
793	108
794	114
795	116
796	86
797	106
798	111
799	126
800	115
801	101
802	111
803	103
804	114
805	106
806	104
807	123
808	112
809	115
810	115
811	106
812	108
813	111
814	133
815	107
816	111
817	124
818	109
819	123
820	92
821	107
822	109
823	113
824	94
825	97
826	117
827	112
828	110
829	113
830	103
831	92
832	107
833	96
834	128
835	110
836	116
837	109
838	104
839	83
840	105
841	104
842	97
843	122
844	104
845	128
846	102
847	98
848	97
849	110
850	104
851	108
852	123
853	116
854	114
855	111
856	97
857	109
858	101
859	103
860	112
861	109
862	93
863	101
864	92
865	124
866	90
867	88
868	111
869	109
870	97
871	103
872	115
873	99
874	106
875	116
876	113
877	119
878	125
879	126
880	127
881	110
882	123
883	108
884	105
885	116
886	102
887	119
888	91
889	108
890	99
891	90
892	106
893	99
894	112
895	120
896	115
897	105
898	103
899	109
900	120
901	105
902	95
903	102
904	117
905	125
906	109
907	114
908	112
909	98
910	117
911	99
912	113
913	108
914	115
915	110
916	109
917	109
918	105
919	107
920	109
921	106
922	100
923	113
924	105
925	113
926	112
927	113
928	94
929	107
930	112
931	115
932	99
933	118
934	109
935	122
936	105
937	113
938	101
939	135
940	118
941	96
942	122
943	111
944	106
945	114
946	120
947	110
948	108
949	115
950	100
951	91
952	104
953	107
954	94
955	105
956	118
957	103
958	101
959	116
960	105
961	90
962	126
963	98
964	83
965	110
966	125
967	115
968	105
969	114
970	124
971	105
972	109
973	121
974	112
975	121
976	101
977	117
978	113
979	105
980	108
981	101
982	101
983	123
984	99
985	86
986	119
987	115
988	109
989	108
990	115
991	95
992	114
993	122
994	125
995	110
996	109
997	90
998	107
999	108
1000	106
1001	114
1002	123
1003	121
1004	116
1005	128
1006	106
1007	115
1008	115
1009	109
1010	119
1011	126
1012	117
1013	115
1014	90
1015	108
1016	125
1017	119
1018	112
1019	114
1020	127
1021	132
1022	137
1023	114
1024	126
1025	114
1026	122
1027	129
1028	124
1029	136
1030	118
1031	114
1032	137
1033	113
1034	123
1035	126
1036	139
1037	123
1038	104
1039	127
1040	129
1041	134
1042	133
1043	145
1044	160
1045	143
1046	122
1047	146
1048	126
1049	133
1050	121
1051	145
1052	128
1053	152
1054	150
1055	148
1056	140
1057	130
1058	153
1059	134
1060	143
1061	148
1062	146
1063	142
1064	153
1065	131
1066	153
1067	141
1068	146
1069	147
1070	158
1071	149
1072	169
1073	139
1074	140
1075	160
1076	176
1077	159
1078	169
1079	155
1080	150
1081	160
1082	171
1083	166
1084	166
1085	160
1086	160
1087	171
1088	167
1089	172
1090	179
1091	175
1092	155
1093	181
1094	169
1095	200
1096	185
1097	167
1098	159
1099	186
1100	172
1101	176
1102	164
1103	157
1104	177
1105	181
1106	168
1107	198
1108	211
1109	179
1110	178
1111	189
1112	212
1113	195
1114	199
1115	172
1116	227
1117	197
1118	198
1119	214
1120	177
1121	211
1122	190
1123	200
1124	197
1125	212
1126	197
1127	210
1128	196
1129	203
1130	208
1131	222
1132	229
1133	219
1134	216
1135	229
1136	197
1137	239
1138	251
1139	248
1140	239
1141	239
1142	238
1143	246
1144	227
1145	202
1146	270
1147	233
1148	249
1149	260
1150	223
1151	257
1152	252
1153	237
1154	220
1155	252
1156	264
1157	256
1158	246
1159	287
1160	243
1161	265
1162	236
1163	299
1164	256
1165	261
1166	272
1167	246
1168	277
1169	270
1170	272
1171	269
1172	301
1173	250
1174	268
1175	273
1176	290
1177	296
1178	293
1179	301
1180	257
1181	299
1182	274
1183	316
1184	310
1185	275
1186	281
1187	285
1188	311
1189	306
1190	329
1191	294
1192	293
1193	298
1194	326
1195	361
1196	282
1197	302
1198	282
1199	290
1200	323
1201	277
1202	305
1203	339
1204	305
1205	351
1206	301
1207	300
1208	325
1209	300
1210	323
1211	345
1212	313
1213	319
1214	335
1215	341
1216	318
1217	337
1218	341
1219	318
1220	341
1221	328
1222	377
1223	346
1224	346
1225	333
1226	371
1227	377
1228	356
1229	349
1230	348
1231	355
1232	380
1233	375
1234	349
1235	332
1236	365
1237	365
1238	358
1239	393
1240	382
1241	382
1242	378
1243	387
1244	340
1245	385
1246	391
1247	379
1248	360
1249	412
1250	395
1251	411
1252	351
1253	374
1254	361
1255	377
1256	373
1257	399
1258	345
1259	412
1260	368
1261	383
1262	391
1263	410
1264	371
1265	401
1266	402
1267	381
1268	380
1269	424
1270	406
1271	334
1272	379
1273	402
1274	400
1275	393
1276	378
1277	418
1278	378
1279	411
1280	380
1281	386
1282	412
1283	404
1284	383
1285	380
1286	397
1287	406
1288	389
1289	382
1290	423
1291	371
1292	392
1293	415
1294	368
1295	397
1296	375
1297	415
1298	420
1299	409
1300	383
1301	377
1302	414
1303	426
1304	410
1305	403
1306	413
1307	405
1308	405
1309	383
1310	433
1311	421
1312	402
1313	434
1314	416
1315	382
1316	410
1317	407
1318	401
1319	411
1320	393
1321	422
1322	382
1323	371
1324	416
1325	438
1326	412
1327	403
1328	406
1329	430
1330	394
1331	398
1332	357
1333	403
1334	420
1335	398
1336	387
1337	384
1338	335
1339	397
1340	360
1341	381
1342	423
1343	341
1344	394
1345	393
1346	400
1347	381
1348	361
1349	409
1350	392
1351	392
1352	398
1353	411
1354	376
1355	388
1356	386
1357	387
1358	390
1359	356
1360	368
1361	352
1362	396
1363	399
1364	405
1365	379
1366	361
1367	359
1368	376
1369	391
1370	349
1371	431
1372	383
1373	336
1374	422
1375	381
1376	368
1377	320
1378	362
1379	382
1380	345
1381	331
1382	317
1383	357
1384	352
1385	354
1386	342
1387	346
1388	331
1389	356
1390	340
1391	336
1392	333
1393	335
1394	348
1395	369
1396	352
1397	355
1398	359
1399	349
1400	326
1401	331
1402	311
1403	332
1404	323
1405	331
1406	358
1407	315
1408	312
1409	316
1410	327
1411	293
1412	309
1413	289
1414	311
1415	342
1416	328
1417	288
1418	305
1419	312
1420	284
1421	320
1422	322
1423	318
1424	272
1425	296
1426	315
1427	285
1428	305
1429	290
1430	295
1431	285
1432	292
1433	286
1434	329
1435	277
1436	306
1437	299
1438	277
1439	283
1440	246
1441	269
1442	275
1443	292
1444	269
1445	267
1446	263
1447	263
1448	269
1449	269
1450	272
1451	250
1452	228
1453	241
1454	233
1455	250
1456	238
1457	238
1458	249
1459	253
1460	248
1461	252
1462	234
1463	232
1464	215
1465	221
1466	230
1467	228
1468	221
1469	222
1470	233
1471	217
1472	227
1473	226
1474	197
1475	201
1476	209
1477	228
1478	205
1479	205
1480	208
1481	193
1482	211
1483	196
1484	214
1485	198
1486	200
1487	184
1488	203
1489	205
1490	214
1491	186
1492	197
1493	196
1494	214
1495	186
1496	186
1497	202
1498	183
1499	176
1500	175
1501	185
1502	180
1503	149
1504	173
1505	192
1506	160
1507	146
1508	176
1509	166
1510	168
1511	161
1512	152
1513	149
1514	152
1515	145
1516	151
1517	187
1518	150
1519	161
1520	149
1521	143
1522	149
1523	156
1524	163
1525	133
1526	128
1527	160
1528	170
1529	147
1530	130
1531	138
1532	126
1533	157
1534	141
1535	138
1536	146
1537	130
1538	124
1539	133
1540	133
1541	125
1542	119
1543	127
1544	99
1545	128
1546	127
1547	115
1548	109
1549	115
1550	132
1551	114
1552	117
1553	114
1554	90
1555	97
1556	123
1557	94
1558	99
1559	111
1560	96
1561	93
1562	101
1563	111
1564	112
1565	104
1566	104
1567	104
1568	109
1569	106
1570	84
1571	77
1572	90
1573	95
1574	86
1575	74
1576	83
1577	90
1578	93
1579	86
1580	96
1581	80
1582	102
1583	80
1584	82
1585	92
1586	75
1587	86
1588	78
1589	57
1590	73
1591	72
1592	75
1593	83
1594	61
1595	85
1596	68
1597	73
1598	63
1599	62
1600	62
1601	78
1602	61
1603	82
1604	74
1605	61
1606	70
1607	64
1608	49
1609	60
1610	57
1611	67
1612	65
1613	56
1614	64
1615	71
1616	56
1617	66
1618	62
1619	52
1620	55
1621	60
1622	63
1623	51
1624	64
1625	33
1626	66
1627	46
1628	51
1629	48
1630	60
1631	59
1632	52
1633	47
1634	42
1635	39
1636	51
1637	43
1638	44
1639	44
1640	60
1641	39
1642	42
1643	41
1644	35
1645	44
1646	41
1647	53
1648	37
1649	36
1650	34
1651	47
1652	48
1653	51
1654	40
1655	46
1656	43
1657	42
1658	34
1659	37
1660	40
1661	34
1662	38
1663	34
1664	33
1665	39
1666	36
1667	30
1668	49
1669	36
1670	33
1671	29
1672	32
1673	39
1674	36
1675	35
1676	44
1677	35
1678	39
1679	47
1680	32
1681	31
1682	47
1683	30
1684	27
1685	39
1686	32
1687	26
1688	28
1689	33
1690	33
1691	30
1692	32
1693	24
1694	35
1695	35
1696	32
1697	33
1698	35
1699	28
1700	30
1701	25
1702	21
1703	26
1704	27
1705	24
1706	33
1707	32
1708	29
1709	32
1710	26
1711	25
1712	29
1713	28
1714	29
1715	30
1716	23
1717	18
1718	22
1719	23
1720	27
1721	29
1722	29
1723	36
1724	29
1725	17
1726	34
1727	28
1728	19
1729	22
1730	27
1731	26
1732	20
1733	19
1734	22
1735	22
1736	20
1737	15
1738	23
1739	25
1740	25
1741	23
1742	17
1743	21
1744	19
1745	24
1746	16
1747	26
1748	16
1749	24
1750	28
1751	21
1752	14
1753	17
1754	18
1755	22
1756	21
1757	28
1758	18
1759	27
1760	14
1761	15
1762	25
1763	17
1764	19
1765	25
1766	18
1767	24
1768	20
1769	19
1770	20
1771	24
1772	13
1773	20
1774	23
1775	16
1776	17
1777	20
1778	15
1779	19
1780	21
1781	15
1782	22
1783	17
1784	19
1785	19
1786	15
1787	18
1788	22
1789	20
1790	24
1791	16
1792	12
1793	12
1794	11
1795	12
1796	21
1797	21
1798	20
1799	12
1800	14
1801	7
1802	14
1803	18
1804	17
1805	17
1806	13
1807	23
1808	17
1809	12
1810	17
1811	19
1812	9
1813	25
1814	11
1815	20
1816	10
1817	16
1818	15
1819	14
1820	16
1821	13
1822	21
1823	15
1824	9
1825	15
1826	14
1827	13
1828	17
1829	8
1830	14
1831	12
1832	16
1833	22
1834	18
1835	16
1836	8
1837	12
1838	10
1839	18
1840	21
1841	18
1842	8
1843	15
1844	13
1845	17
1846	13
1847	14
1848	17
1849	11
1850	15
1851	18
1852	14
1853	15
1854	17
1855	12
1856	21
1857	15
1858	17
1859	18
1860	13
1861	15
1862	7
1863	12
1864	9
1865	17
1866	15
1867	15
1868	8
1869	15
1870	13
1871	13
1872	8
1873	20
1874	13
1875	13
1876	12
1877	14
1878	17
1879	18
1880	10
1881	14
1882	9
1883	20
1884	10
1885	9
1886	12
1887	15
1888	14
1889	6
1890	20
1891	11
1892	7
1893	12
1894	12
1895	11
1896	21
1897	17
1898	11
1899	13
1900	14
1901	15
1902	13
1903	14
1904	15
1905	13
1906	17
1907	8
1908	9
1909	21
1910	8
1911	14
1912	9
1913	17
1914	13
1915	9
1916	11
1917	16
1918	16
1919	15
1920	16
1921	18
1922	5
1923	11
1924	14
1925	12
1926	19
1927	19
1928	20
1929	14
1930	17
1931	21
1932	14
1933	14
1934	6
1935	8
1936	10
1937	14
1938	9
1939	14
1940	10
1941	9
1942	9
1943	13
1944	8
1945	15
1946	11
1947	14
1948	8
1949	11
1950	10
1951	19
1952	9
1953	7
1954	11
1955	15
1956	10
1957	13
1958	7
1959	9
1960	17
1961	11
1962	9
1963	6
1964	8
1965	12
1966	14
1967	10
1968	10
1969	12
1970	12
1971	14
1972	18
1973	12
1974	8
1975	5
1976	17
1977	9
1978	13
1979	12
1980	8
1981	16
1982	19
1983	12
1984	11
1985	10
1986	18
1987	14
1988	9
1989	15
1990	15
1991	9
1992	22
1993	13
1994	16
1995	14
1996	14
1997	14
1998	7
1999	10
2000	7
2001	12
2002	15
2003	13
2004	8
2005	14
2006	11
2007	9
2008	16
2009	12
2010	11
2011	17
2012	7
2013	10
2014	12
2015	7
2016	14
2017	8
2018	8
2019	6
2020	15
2021	9
2022	11
2023	15
2024	10
2025	9
2026	8
2027	15
2028	12
2029	12
2030	9
2031	12
2032	11
2033	12
2034	14
2035	14
2036	14
2037	9
2038	14
2039	12
2040	21
2041	15
2042	11
2043	6
2044	7
2045	14
2046	9
2047	18
2048	11
2049	15
2050	10
2051	13
2052	10
2053	15
2054	15
2055	13
2056	12
2057	8
2058	8
2059	10
2060	7
2061	20
2062	11
2063	21
2064	14
2065	9
2066	10
2067	8
2068	16
2069	12
2070	8
2071	11
2072	12
2073	18
2074	12
2075	12
2076	17
2077	9
2078	10
2079	13
2080	11
2081	13
2082	13
2083	15
2084	17
2085	5
2086	10
2087	11
2088	11
2089	6
2090	15
2091	8
2092	14
2093	9
2094	12
2095	19
2096	7
2097	10
2098	15
2099	7
2100	16
2101	8
2102	10
2103	10
2104	14
2105	17
2106	9
2107	9
2108	14
2109	14
2110	12
2111	15
2112	6
2113	13
2114	9
2115	10
2116	14
2117	14
2118	6
2119	10
2120	14
2121	16
2122	13
2123	10
2124	15
2125	12
2126	10
2127	12
2128	10
2129	15
2130	11
2131	11
2132	10
2133	12
2134	14
2135	12
2136	13
2137	8
2138	6
2139	9
2140	11
2141	4
2142	12
2143	9
2144	9
2145	8
2146	14
2147	9
2148	11
2149	9
2150	7
2151	9
2152	10
2153	12
2154	7
2155	12
2156	7
2157	5
2158	8
2159	16
2160	14
2161	13
2162	12
2163	14
2164	7
2165	18
2166	15
2167	10
2168	15
2169	13
2170	16
2171	16
2172	7
2173	6
2174	12
2175	8
2176	9
2177	9
2178	14
2179	7
2180	13
2181	12
2182	13
2183	8
2184	6
2185	11
2186	13
2187	9
2188	9
2189	12
2190	12
2191	17
2192	10
2193	12
2194	16
2195	7
2196	6
2197	9
2198	12
2199	10
2200	9
2201	8
2202	14
2203	10
2204	5
2205	13
2206	8
2207	13
2208	10
2209	11
2210	11
2211	14
2212	10
2213	8
2214	8
2215	15
2216	6
2217	8
2218	8
2219	10
2220	8
2221	10
2222	12
2223	9
2224	12
2225	10
2226	8
2227	9
2228	8
2229	14
2230	7
2231	19
2232	12
2233	12
2234	5
2235	10
2236	12
2237	10
2238	10
2239	14
2240	12
2241	6
2242	0
2243	10
2244	10
2245	7
2246	13
2247	10
2248	8
2249	4
2250	11
2251	15
2252	7
2253	17
2254	5
2255	9
2256	12
2257	6
2258	16
2259	12
2260	4
2261	13
2262	7
2263	8
2264	11
2265	5
2266	14
2267	11
2268	15
2269	9
2270	14
2271	8
2272	17
2273	12
2274	11
2275	16
2276	16
2277	7
2278	5
2279	8
2280	13
2281	8
2282	8
2283	13
2284	10
2285	7
2286	11
2287	11
2288	13
2289	5
2290	10
2291	10
2292	7
2293	11
2294	15
2295	5
2296	15
2297	15
2298	14
2299	9
2300	11
2301	5
2302	9
2303	6
2304	10
2305	9
2306	12
2307	14
2308	15
2309	8
2310	10
2311	8
2312	7
2313	4
2314	11
2315	12
2316	9
2317	9
2318	11
2319	4
2320	8
2321	12
2322	6
2323	9
2324	8
2325	12
2326	7
2327	10
2328	12
2329	13
2330	11
2331	7
2332	12
2333	6
2334	10
2335	7
2336	6
2337	6
2338	8
2339	10
2340	7
2341	10
2342	10
2343	6
2344	14
2345	5
2346	13
2347	11
2348	15
2349	9
2350	8
2351	8
2352	11
2353	15
2354	7
2355	10
2356	13
2357	6
2358	9
2359	9
2360	9
2361	6
2362	14
2363	12
2364	7
2365	6
2366	5
2367	12
2368	7
2369	12
2370	8
2371	6
2372	10
2373	15
2374	6
2375	11
2376	13
2377	8
2378	9
2379	9
2380	8
2381	11
2382	5
2383	14
2384	6
2385	17
2386	11
2387	16
2388	7
2389	7
2390	9
2391	9
2392	8
2393	11
2394	11
2395	11
2396	14
2397	9
2398	6
2399	6
2400	11
2401	9
2402	17
2403	11
2404	10
2405	8
2406	14
2407	9
2408	10
2409	3
2410	12
2411	6
2412	9
2413	6
2414	8
2415	11
2416	9
2417	9
2418	10
2419	6
2420	5
2421	10
2422	4
2423	5
2424	6
2425	13
2426	12
2427	9
2428	15
2429	13
2430	8
2431	6
2432	9
2433	10
2434	12
2435	13
2436	7
2437	11
2438	10
2439	10
2440	9
2441	12
2442	14
2443	7
2444	8
2445	5
2446	11
2447	4
2448	11
2449	6
2450	13
2451	5
2452	7
2453	11
2454	14
2455	10
2456	8
2457	7
2458	11
2459	10
2460	14
2461	10
2462	13
2463	16
2464	8
2465	11
2466	10
2467	10
2468	14
2469	14
2470	9
2471	6
2472	6
2473	11
2474	13
2475	10
2476	10
2477	9
2478	6
2479	11
2480	5
2481	5
2482	11
2483	3
2484	15
2485	8
2486	12
2487	11
2488	6
2489	14
2490	10
2491	5
2492	3
2493	8
2494	13
2495	8
2496	9
2497	9
2498	11
2499	11
2500	8
2501	10
2502	10
2503	15
2504	9
2505	6
2506	11
2507	14
2508	9
2509	6
2510	9
2511	12
2512	11
2513	7
2514	6
2515	8
2516	6
2517	10
2518	11
2519	5
2520	12
2521	8
2522	12
2523	7
2524	9
2525	9
2526	9
2527	6
2528	9
2529	9
2530	9
2531	13
2532	15
2533	13
2534	4
2535	10
2536	10
2537	8
2538	11
2539	8
2540	8
2541	8
2542	14
2543	7
2544	16
2545	11
2546	5
2547	5
2548	9
2549	8
2550	16
2551	7
2552	7
2553	11
2554	7
2555	11
2556	11
2557	11
2558	14
2559	3
2560	7
2561	9
2562	15
2563	13
2564	6
2565	11
2566	6
2567	9
2568	11
2569	14
2570	7
2571	5
2572	12
2573	9
2574	9
2575	9
2576	6
2577	4
2578	9
2579	8
2580	6
2581	6
2582	10
2583	15
2584	5
2585	4
2586	11
2587	10
2588	2
2589	6
2590	5
2591	8
2592	9
2593	14
2594	4
2595	10
2596	6
2597	10
2598	6
2599	13
2600	11
2601	7
2602	10
2603	10
2604	9
2605	5
2606	16
2607	11
2608	6
2609	6
2610	3
2611	7
2612	10
2613	7
2614	9
2615	12
2616	7
2617	1
2618	4
2619	10
2620	7
2621	11
2622	9
2623	11
2624	5
2625	5
2626	7
2627	5
2628	12
2629	7
2630	5
2631	6
2632	8
2633	8
2634	10
2635	10
2636	9
2637	7
2638	5
2639	4
2640	15
2641	8
2642	3
2643	8
2644	8
2645	11
2646	7
2647	11
2648	13
2649	10
2650	7
2651	14
2652	11
2653	10
2654	11
2655	5
2656	8
2657	7
2658	6
2659	9
2660	6
2661	8
2662	8
2663	6
2664	9
2665	7
2666	5
2667	9
2668	7
2669	7
2670	12
2671	5
2672	7
2673	6
2674	6
2675	9
2676	12
2677	5
2678	13
2679	9
2680	8
2681	4
2682	9
2683	10
2684	7
2685	10
2686	4
2687	12
2688	5
2689	5
2690	7
2691	11
2692	10
2693	9
2694	12
2695	8
2696	7
2697	10
2698	13
2699	12
2700	10
2701	9
2702	7
2703	8
2704	11
2705	10
2706	5
2707	13
2708	10
2709	9
2710	7
2711	11
2712	9
2713	9
2714	8
2715	6
2716	8
2717	7
2718	8
2719	6
2720	7
2721	10
2722	7
2723	10
2724	7
2725	12
2726	8
2727	7
2728	9
2729	8
2730	14
2731	5
2732	10
2733	10
2734	7
2735	9
2736	9
2737	11
2738	5
2739	9
2740	11
2741	6
2742	8
2743	15
2744	8
2745	5
2746	7
2747	9
2748	6
2749	10
2750	4
2751	6
2752	11
2753	8
2754	12
2755	13
2756	9
2757	9
2758	9
2759	11
2760	9
2761	5
2762	6
2763	8
2764	4
2765	6
2766	6
2767	10
2768	10
2769	10
2770	9
2771	12
2772	9
2773	8
2774	14
2775	8
2776	16
2777	4
2778	9
2779	8
2780	7
2781	11
2782	11
2783	9
2784	14
2785	7
2786	9
2787	15
2788	6
2789	15
2790	9
2791	9
2792	11
2793	12
2794	8
2795	7
2796	5
2797	14
2798	4
2799	7
2800	10
2801	10
2802	7
2803	7
2804	6
2805	7
2806	9
2807	9
2808	7
2809	9
2810	6
2811	11
2812	15
2813	10
2814	13
2815	8
2816	10
2817	8
2818	8
2819	5
2820	9
2821	9
2822	3
2823	7
2824	8
2825	7
2826	9
2827	11
2828	9
2829	8
2830	11
2831	9
2832	10
2833	5
2834	9
2835	6
2836	10
2837	4
2838	11
2839	5
2840	10
2841	6
2842	6
2843	8
2844	9
2845	7
2846	2
2847	7
2848	5
2849	11
2850	2
2851	6
2852	10
2853	10
2854	7
2855	9
2856	6
2857	4
2858	7
2859	6
2860	6
2861	10
2862	9
2863	6
2864	4
2865	9
2866	10
2867	8
2868	10
2869	8
2870	6
2871	5
2872	17
2873	4
2874	3
2875	10
2876	7
2877	4
2878	7
2879	5
2880	13
2881	10
2882	8
2883	8
2884	6
2885	12
2886	10
2887	10
2888	11
2889	6
2890	8
2891	12
2892	9
2893	9
2894	13
2895	7
2896	10
2897	4
2898	6
2899	7
2900	3
2901	7
2902	14
2903	8
2904	3
2905	4
2906	8
2907	3
2908	7
2909	7
2910	13
2911	11
2912	12
2913	13
2914	5
2915	12
2916	10
2917	9
2918	8
2919	6
2920	12
2921	7
2922	6
2923	7
2924	11
2925	10
2926	6
2927	7
2928	7
2929	7
2930	9
2931	8
2932	10
2933	7
2934	7
2935	11
2936	10
2937	7
2938	9
2939	9
2940	4
2941	5
2942	4
2943	7
2944	5
2945	12
2946	16
2947	7
2948	12
2949	12
2950	8
2951	10
2952	8
2953	14
2954	10
2955	9
2956	14
2957	9
2958	6
2959	6
2960	5
2961	15
2962	3
2963	9
2964	2
2965	8
2966	8
2967	10
2968	8
2969	10
2970	9
2971	11
2972	11
2973	11
2974	8
2975	10
2976	7
2977	11
2978	14
2979	12
2980	10
2981	5
2982	13
2983	18
2984	6
2985	12
2986	9
2987	6
2988	15
2989	7
2990	4
2991	12
2992	8
2993	7
2994	9
2995	11
2996	11
2997	10
2998	7
2999	10
3000	12
3001	7
3002	7
3003	7
3004	6
3005	7
3006	6
3007	15
3008	7
3009	5
3010	9
3011	5
3012	5
3013	6
3014	10
3015	9
3016	10
3017	7
3018	8
3019	12
3020	7
3021	12
3022	10
3023	6
3024	13
3025	5
3026	12
3027	10
3028	1
3029	7
3030	9
3031	9
3032	10
3033	7
3034	10
3035	14
3036	10
3037	9
3038	10
3039	9
3040	12
3041	11
3042	13
3043	11
3044	7
3045	12
3046	10
3047	5
3048	8
3049	10
3050	9
3051	12
3052	7
3053	8
3054	5
3055	5
3056	12
3057	9
3058	10
3059	7
3060	11
3061	13
3062	4
3063	8
3064	7
3065	9
3066	17
3067	10
3068	6
3069	9
3070	9
3071	11
3072	2
3073	8
3074	10
3075	10
3076	10
3077	10
3078	5
3079	11
3080	9
3081	10
3082	11
3083	6
3084	11
3085	5
3086	18
3087	9
3088	8
3089	6
3090	11
3091	7
3092	18
3093	5
3094	4
3095	8
3096	8
3097	11
3098	6
3099	11
3100	5
3101	6
3102	9
3103	5
3104	15
3105	14
3106	13
3107	17
3108	8
3109	3
3110	11
3111	6
3112	13
3113	14
3114	14
3115	16
3116	5
3117	15
3118	7
3119	7
3120	5
3121	8
3122	17
3123	6
3124	7
3125	9
3126	13
3127	9
3128	5
3129	10
3130	10
3131	9
3132	11
3133	7
3134	8
3135	11
3136	6
3137	9
3138	11
3139	16
3140	8
3141	14
3142	8
3143	11
3144	8
3145	8
3146	14
3147	9
3148	17
3149	10
3150	10
3151	12
3152	13
3153	11
3154	6
3155	7
3156	10
3157	11
3158	6
3159	6
3160	7
3161	11
3162	3
3163	10
3164	7
3165	12
3166	6
3167	10
3168	10
3169	7
3170	4
3171	6
3172	13
3173	4
3174	13
3175	8
3176	10
3177	10
3178	7
3179	9
3180	14
3181	12
3182	3
3183	10
3184	10
3185	14
3186	13
3187	8
3188	6
3189	11
3190	11
3191	9
3192	7
3193	8
3194	18
3195	14
3196	14
3197	6
3198	6
3199	9
3200	11
3201	11
3202	9
3203	10
3204	9
3205	9
3206	6
3207	7
3208	16
3209	16
3210	13
3211	8
3212	5
3213	7
3214	12
3215	10
3216	10
3217	4
3218	8
3219	8
3220	5
3221	3
3222	6
3223	8
3224	7
3225	11
3226	10
3227	9
3228	10
3229	10
3230	11
3231	11
3232	5
3233	10
3234	7
3235	7
3236	12
3237	12
3238	4
3239	4
3240	1
3241	8
3242	12
3243	8
3244	11
3245	8
3246	10
3247	10
3248	4
3249	8
3250	11
3251	7
3252	10
3253	4
3254	8
3255	5
3256	6
3257	2
3258	12
3259	8
3260	7
3261	10
3262	13
3263	18
3264	6
3265	4
3266	6
3267	13
3268	10
3269	6
3270	13
3271	10
3272	8
3273	10
3274	6
3275	10
3276	5
3277	10
3278	8
3279	9
3280	6
3281	7
3282	8
3283	7
3284	7
3285	10
3286	8
3287	7
3288	11
3289	5
3290	12
3291	9
3292	9
3293	8
3294	5
3295	11
3296	8
3297	7
3298	8
3299	6
3300	9
3301	10
3302	8
3303	6
3304	4
3305	10
3306	7
3307	7
3308	8
3309	11
3310	9
3311	12
3312	12
3313	7
3314	7
3315	8
3316	6
3317	11
3318	7
3319	4
3320	5
3321	7
3322	5
3323	12
3324	9
3325	9
3326	6
3327	7
3328	11
3329	10
3330	13
3331	8
3332	7
3333	4
3334	3
3335	9
3336	10
3337	4
3338	7
3339	8
3340	6
3341	7
3342	7
3343	8
3344	5
3345	4
3346	11
3347	6
3348	7
3349	9
3350	7
3351	10
3352	8
3353	5
3354	12
3355	4
3356	6
3357	5
3358	6
3359	5
3360	5
3361	10
3362	6
3363	5
3364	8
3365	3
3366	4
3367	9
3368	14
3369	9
3370	3
3371	10
3372	11
3373	3
3374	10
3375	8
3376	11
3377	8
3378	8
3379	6
3380	4
3381	6
3382	8
3383	6
3384	10
3385	8
3386	4
3387	2
3388	4
3389	14
3390	8
3391	6
3392	7
3393	11
3394	9
3395	9
3396	8
3397	7
3398	8
3399	9
3400	5
3401	6
3402	7
3403	11
3404	5
3405	10
3406	4
3407	5
3408	3
3409	12
3410	7
3411	12
3412	7
3413	5
3414	5
3415	5
3416	7
3417	7
3418	6
3419	8
3420	6
3421	13
3422	3
3423	6
3424	2
3425	7
3426	8
3427	3
3428	8
3429	6
3430	12
3431	2
3432	8
3433	5
3434	2
3435	9
3436	7
3437	3
3438	5
3439	8
3440	6
3441	6
3442	4
3443	6
3444	4
3445	8
3446	5
3447	5
3448	9
3449	6
3450	9
3451	7
3452	7
3453	10
3454	9
3455	9
3456	10
3457	8
3458	3
3459	7
3460	9
3461	8
3462	2
3463	4
3464	4
3465	2
3466	8
3467	3
3468	4
3469	5
3470	5
3471	3
3472	4
3473	7
3474	4
3475	5
3476	7
3477	5
3478	6
3479	6
3480	3
3481	8
3482	7
3483	2
3484	6
3485	4
3486	2
3487	2
3488	0
3489	4
3490	6
3491	3
3492	8
3493	7
3494	3
3495	0
3496	4
3497	8
3498	3
3499	5
3500	7
3501	4
3502	8
3503	0
3504	5
3505	5
3506	12
3507	7
3508	2
3509	6
3510	8
3511	5
3512	5
3513	0
3514	5
3515	5
3516	2
3517	5
3518	1
3519	7
3520	4
3521	5
3522	10
3523	4
3524	5
3525	1
3526	9
3527	2
3528	4
3529	5
3530	2
3531	4
3532	1
3533	5
3534	3
3535	4
3536	4
3537	6
3538	8
3539	4
3540	3
3541	8
3542	5
3543	3
3544	6
3545	5
3546	1
3547	3
3548	6
3549	4
3550	6
3551	1
3552	6
3553	7
3554	3
3555	3
3556	5
3557	3
3558	5
3559	8
3560	4
3561	6
3562	4
3563	2
3564	2
3565	4
3566	3
3567	0
3568	6
3569	7
3570	2
3571	3
3572	1
3573	3
3574	2
3575	3
3576	3
3577	3
3578	4
3579	2
3580	4
3581	3
3582	5
3583	3
3584	5
3585	4
3586	3
3587	4
3588	0
3589	5
3590	4
3591	2
3592	4
3593	3
3594	1
3595	3
3596	4
3597	1
3598	4
3599	3
3600	4
3601	4
3602	0
3603	3
3604	2
3605	1
3606	2
3607	0
3608	4
3609	4
3610	4
3611	7
3612	5
3613	2
3614	2
3615	4
3616	3
3617	2
3618	0
3619	3
3620	4
3621	4
3622	2
3623	5
3624	3
3625	2
3626	2
3627	4
3628	3
3629	0
3630	1
3631	5
3632	0
3633	4
3634	3
3635	6
3636	2
3637	3
3638	1
3639	2
3640	5
3641	0
3642	1
3643	2
3644	1
3645	1
3646	1
3647	3
3648	2
3649	2
3650	3
3651	0
3652	4
3653	4
3654	5
3655	5
3656	2
3657	2
3658	5
3659	4
3660	2
3661	5
3662	1
3663	0
3664	2
3665	1
3666	5
3667	3
3668	0
3669	1
3670	1
3671	1
3672	1
3673	0
3674	2
3675	3
3676	2
3677	1
3678	1
3679	1
3680	1
3681	2
3682	0
3683	1
3684	2
3685	0
3686	1
3687	2
3688	3
3689	1
3690	3
3691	4
3692	0
3693	0
3694	1
3695	2
3696	1
3697	1
3698	1
3699	2
3700	1
3701	4
3702	3
3703	1
3704	0
3705	3
3706	1
3707	3
3708	2
3709	2
3710	2
3711	4
3712	1
3713	2
3714	2
3715	4
3716	2
3717	3
3718	0
3719	0
3720	2
3721	2
3722	1
3723	1
3724	1
3725	2
3726	3
3727	2
3728	0
3729	2
3730	2
3731	4
3732	3
3733	1
3734	0
3735	2
3736	3
3737	0
3738	1
3739	2
3740	0
3741	2
3742	3
3743	1
3744	1
3745	1
3746	1
3747	1
3748	1
3749	0
3750	1
3751	1
3752	0
3753	2
3754	0
3755	2
3756	0
3757	4
3758	0
3759	1
3760	2
3761	2
3762	3
3763	1
3764	1
3765	0
3766	2
3767	1
3768	3
3769	0
3770	0
3771	1
3772	0
3773	0
3774	1
3775	2
3776	1
3777	0
3778	1
3779	0
3780	2
3781	1
3782	0
3783	1
3784	0
3785	1
3786	2
3787	1
3788	1
3789	2
3790	0
3791	1
3792	1
3793	1
3794	0
3795	0
3796	0
3797	0
3798	1
3799	0
3800	1
3801	1
3802	0
3803	0
3804	0
3805	0
3806	0
3807	0
3808	0
3809	1
3810	0
3811	0
3812	1
3813	0
3814	1
3815	1
3816	1
3817	2
3818	1
3819	3
3820	0
3821	1
3822	2
3823	0
3824	3
3825	1
3826	3
3827	0
3828	0
3829	0
3830	1
3831	0
3832	1
3833	1
3834	0
3835	2
3836	0
3837	1
3838	3
3839	0
3840	1
3841	1
3842	2
3843	0
3844	0
3845	4
3846	1
3847	1
3848	1
3849	1
3850	1
3851	1
3852	0
3853	1
3854	1
3855	1
3856	2
3857	0
3858	1
3859	1
3860	3
3861	0
3862	1
3863	0
3864	3
3865	1
3866	0
3867	0
3868	0
3869	2
3870	0
3871	0
3872	1
3873	3
3874	1
3875	0
3876	0
3877	0
3878	0
3879	1
3880	0
3881	0
3882	1
3883	1
3884	1
3885	0
3886	0
3887	1
3888	0
3889	0
3890	0
3891	1
3892	1
3893	2
3894	0
3895	0
3896	1
3897	0
3898	1
3899	1
3900	0
3901	1
3902	1
3903	1
3904	0
3905	0
3906	1
3907	2
3908	0
3909	0
3910	1
3911	0
3912	1
3913	0
3914	0
3915	0
3916	0
3917	0
3918	2
3919	0
3920	0
3921	0
3922	1
3923	1
3924	0
3925	0
3926	0
3927	1
3928	0
3929	0
3930	1
3931	0
3932	0
3933	0
3934	1
3935	0
3936	0
3937	0
3938	1
3939	1
3940	0
3941	0
3942	0
3943	1
3944	1
3945	1
3946	0
3947	0
3948	1
3949	2
3950	0
3951	2
3952	0
3953	0
3954	0
3955	0
3956	0
3957	1
3958	0
3959	0
3960	0
3961	0
3962	1
3963	0
3964	0
3965	0
3966	0
3967	0
3968	0
3969	0
3970	0
3971	1
3972	1
3973	1
3974	0
3975	0
3976	0
3977	1
3978	0
3979	0
3980	0
3981	2
3982	0
3983	1
3984	1
3985	0
3986	0
3987	0
3988	3
3989	2
3990	1
3991	0
3992	0
3993	0
3994	0
3995	0
3996	2
3997	1
3998	1
3999	0
4000	0
4001	0
4002	0
4003	0
4004	1
4005	1
4006	0
4007	0
4008	1
4009	0
4010	1
4011	2
4012	1
4013	2
4014	0
4015	0
4016	1
4017	2
4018	0
4019	1
4020	1
4021	0
4022	0
4023	1
4024	0
4025	1
4026	0
4027	0
4028	1
4029	0
4030	0
4031	0
4032	4
4033	1
4034	0
4035	0
4036	0
4037	1
4038	0
4039	0
4040	0
4041	1
4042	0
4043	0
4044	1
4045	1
4046	2
4047	2
4048	1
4049	0
4050	1
4051	1
4052	2
4053	0
4054	1
4055	1
4056	0
4057	0
4058	1
4059	0
4060	0
4061	1
4062	1
4063	0
4064	1
4065	0
4066	0
4067	1
4068	1
4069	0
4070	0
4071	1
4072	0
4073	0
4074	0
4075	0
4076	0
4077	1
4078	0
4079	0
4080	0
4081	0
4082	0
4083	0
4084	0
4085	1
4086	0
4087	2
4088	0
4089	0
4090	0
4091	0
4092	0
4093	1
4094	0
4095	0
