0	0
1	0
2	0
3	0
4	0
5	0
6	0
7	0
8	0
9	0
10	0
11	0
12	0
13	0
14	0
15	0
16	0
17	0
18	0
19	0
20	0
21	0
22	0
23	0
24	0
25	0
26	0
27	0
28	0
29	0
30	0
31	0
32	0
33	0
34	0
35	0
36	0
37	0
38	1
39	0
40	3
41	0
42	2
43	1
44	2
45	2
46	1
47	3
48	4
49	3
50	2
51	6
52	1
53	4
54	4
55	6
56	5
57	4
58	5
59	2
60	14
61	20
62	71
63	203
64	258
65	202
66	168
67	162
68	141
69	111
70	90
71	89
72	82
73	78
74	57
75	59
76	45
77	59
78	39
79	33
80	47
81	51
82	44
83	32
84	41
85	29
86	35
87	38
88	36
89	44
90	36
91	42
92	43
93	39
94	38
95	43
96	40
97	39
98	36
99	34
100	27
101	41
102	37
103	39
104	22
105	40
106	27
107	27
108	40
109	34
110	39
111	25
112	52
113	44
114	30
115	30
116	30
117	43
118	31
119	46
120	35
121	30
122	38
123	29
124	33
125	39
126	31
127	38
128	43
129	36
130	38
131	39
132	35
133	32
134	31
135	41
136	45
137	38
138	44
139	32
140	36
141	37
142	41
143	39
144	32
145	32
146	50
147	28
148	32
149	42
150	29
151	35
152	35
153	38
154	36
155	39
156	45
157	37
158	37
159	39
160	26
161	56
162	39
163	33
164	42
165	36
166	39
167	33
168	26
169	30
170	30
171	38
172	40
173	41
174	36
175	45
176	42
177	33
178	29
179	36
180	29
181	37
182	43
183	32
184	43
185	41
186	33
187	28
188	33
189	32
190	39
191	38
192	44
193	30
194	42
195	29
196	30
197	43
198	36
199	37
200	27
201	31
202	33
203	34
204	49
205	35
206	39
207	44
208	42
209	43
210	31
211	40
212	39
213	46
214	31
215	48
216	34
217	39
218	33
219	40
220	30
221	40
222	36
223	32
224	41
225	40
226	47
227	26
228	35
229	28
230	41
231	31
232	37
233	35
234	31
235	41
236	49
237	39
238	27
239	40
240	30
241	43
242	49
243	49
244	41
245	39
246	31
247	40
248	33
249	37
250	32
251	26
252	33
253	38
254	39
255	31
256	52
257	35
258	38
259	36
260	36
261	38
262	33
263	31
264	34
265	44
266	37
267	32
268	31
269	45
270	45
271	38
272	40
273	42
274	42
275	38
276	28
277	31
278	36
279	44
280	28
281	45
282	41
283	50
284	42
285	48
286	38
287	38
288	50
289	44
290	40
291	35
292	31
293	45
294	50
295	46
296	55
297	34
298	32
299	38
300	40
301	42
302	43
303	50
304	53
305	48
306	43
307	32
308	50
309	44
310	42
311	45
312	49
313	35
314	35
315	40
316	38
317	53
318	42
319	40
320	43
321	42
322	36
323	46
324	44
325	36
326	39
327	44
328	40
329	47
330	51
331	39
332	49
333	50
334	44
335	53
336	40
337	55
338	43
339	57
340	58
341	49
342	46
343	51
344	51
345	65
346	48
347	73
348	50
349	54
350	55
351	47
352	49
353	65
354	60
355	53
356	48
357	65
358	65
359	56
360	48
361	39
362	52
363	43
364	48
365	60
366	52
367	51
368	52
369	62
370	62
371	55
372	64
373	54
374	53
375	48
376	52
377	62
378	53
379	60
380	62
381	76
382	44
383	68
384	65
385	65
386	65
387	61
388	63
389	66
390	63
391	40
392	73
393	55
394	61
395	52
396	71
397	60
398	54
399	59
400	76
401	63
402	66
403	64
404	65
405	61
406	64
407	67
408	58
409	82
410	73
411	68
412	72
413	64
414	77
415	79
416	68
417	49
418	55
419	65
420	75
421	62
422	67
423	55
424	73
425	53
426	61
427	67
428	53
429	65
430	54
431	73
432	72
433	58
434	57
435	69
436	63
437	60
438	49
439	58
440	63
441	61
442	63
443	63
444	64
445	58
446	58
447	68
448	73
449	62
450	53
451	83
452	73
453	78
454	59
455	75
456	56
457	63
458	63
459	65
460	56
461	64
462	55
463	62
464	66
465	47
466	52
467	60
468	65
469	55
470	76
471	63
472	55
473	53
474	61
475	63
476	62
477	65
478	48
479	63
480	67
481	54
482	66
483	57
484	68
485	47
486	74
487	47
488	43
489	47
490	66
491	62
492	56
493	54
494	58
495	58
496	70
497	59
498	60
499	63
500	62
501	53
502	57
503	44
504	51
505	48
506	61
507	40
508	69
509	56
510	42
511	75
512	54
513	50
514	42
515	55
516	65
517	56
518	58
519	49
520	55
521	49
522	62
523	55
524	47
525	62
526	46
527	48
528	57
529	47
530	66
531	53
532	46
533	47
534	55
535	55
536	47
537	63
538	54
539	42
540	37
541	53
542	51
543	51
544	56
545	64
546	43
547	41
548	52
549	46
550	40
551	37
552	57
553	46
554	41
555	41
556	38
557	55
558	48
559	54
560	47
561	45
562	48
563	61
564	56
565	45
566	60
567	51
568	43
569	39
570	43
571	49
572	41
573	41
574	53
575	47
576	52
577	56
578	50
579	42
580	50
581	50
582	47
583	43
584	38
585	34
586	38
587	43
588	55
589	49
590	46
591	53
592	42
593	46
594	32
595	41
596	42
597	51
598	64
599	40
600	56
601	43
602	42
603	50
604	35
605	40
606	50
607	52
608	42
609	53
610	60
611	49
612	44
613	56
614	50
615	48
616	44
617	41
618	58
619	49
620	41
621	43
622	43
623	42
624	41
625	46
626	54
627	48
628	42
629	44
630	49
631	44
632	52
633	45
634	39
635	47
636	52
637	66
638	39
639	62
640	47
641	41
642	33
643	57
644	44
645	53
646	52
647	43
648	35
649	41
650	44
651	56
652	48
653	45
654	45
655	58
656	50
657	41
658	49
659	46
660	49
661	62
662	40
663	49
664	57
665	56
666	43
667	52
668	53
669	56
670	47
671	46
672	50
673	59
674	47
675	44
676	49
677	54
678	38
679	41
680	49
681	40
682	36
683	52
684	50
685	45
686	54
687	53
688	52
689	47
690	34
691	56
692	50
693	49
694	51
695	47
696	50
697	47
698	51
699	54
700	56
701	54
702	39
703	50
704	45
705	60
706	49
707	56
708	48
709	46
710	45
711	59
712	46
713	55
714	45
715	59
716	53
717	58
718	55
719	53
720	54
721	53
722	44
723	50
724	69
725	53
726	54
727	38
728	55
729	51
730	49
731	43
732	70
733	53
734	55
735	59
736	60
737	49
738	48
739	45
740	57
741	55
742	50
743	69
744	67
745	59
746	63
747	55
748	47
749	50
750	56
751	73
752	50
753	44
754	53
755	55
756	52
757	65
758	62
759	63
760	60
761	74
762	56
763	48
764	51
765	59
766	55
767	51
768	54
769	44
770	69
771	56
772	44
773	56
774	73
775	62
776	53
777	54
778	53
779	64
780	56
781	63
782	64
783	52
784	63
785	42
786	62
787	52
788	55
789	54
790	60
791	58
792	54
793	64
794	63
795	52
796	51
797	67
798	46
799	59
800	38
801	58
802	48
803	63
804	63
805	53
806	61
807	46
808	51
809	73
810	55
811	62
812	61
813	56
814	51
815	59
816	64
817	43
818	66
819	58
820	50
821	62
822	65
823	61
824	55
825	55
826	53
827	59
828	60
829	51
830	55
831	64
832	57
833	64
834	57
835	61
836	73
837	45
838	71
839	64
840	57
841	55
842	62
843	63
844	54
845	76
846	63
847	74
848	54
849	66
850	55
851	61
852	78
853	66
854	64
855	43
856	64
857	63
858	62
859	61
860	57
861	59
862	44
863	61
864	66
865	60
866	59
867	55
868	62
869	81
870	71
871	57
872	72
873	83
874	67
875	75
876	51
877	61
878	58
879	54
880	66
881	60
882	58
883	64
884	54
885	46
886	60
887	56
888	68
889	67
890	62
891	58
892	60
893	58
894	53
895	64
896	71
897	84
898	64
899	50
900	78
901	54
902	65
903	56
904	48
905	70
906	65
907	75
908	67
909	75
910	59
911	49
912	68
913	64
914	59
915	71
916	60
917	69
918	62
919	78
920	59
921	49
922	72
923	74
924	75
925	67
926	61
927	63
928	58
929	82
930	57
931	72
932	61
933	61
934	50
935	83
936	56
937	60
938	67
939	67
940	65
941	68
942	82
943	65
944	62
945	60
946	66
947	48
948	63
949	78
950	62
951	65
952	69
953	58
954	53
955	68
956	71
957	61
958	64
959	77
960	54
961	60
962	63
963	51
964	64
965	61
966	68
967	72
968	65
969	57
970	71
971	47
972	66
973	78
974	66
975	70
976	54
977	57
978	55
979	67
980	59
981	63
982	63
983	66
984	70
985	72
986	73
987	64
988	77
989	66
990	66
991	59
992	65
993	67
994	63
995	68
996	77
997	64
998	73
999	73
1000	64
1001	57
1002	70
1003	72
1004	80
1005	59
1006	56
1007	65
1008	54
1009	66
1010	74
1011	66
1012	58
1013	61
1014	64
1015	64
1016	56
1017	80
1018	55
1019	79
1020	72
1021	62
1022	60
1023	58
1024	75
1025	81
1026	65
1027	71
1028	78
1029	59
1030	63
1031	67
1032	53
1033	79
1034	69
1035	53
1036	59
1037	61
1038	63
1039	68
1040	71
1041	63
1042	66
1043	63
1044	81
1045	57
1046	69
1047	79
1048	63
1049	68
1050	71
1051	69
1052	53
1053	66
1054	80
1055	48
1056	61
1057	67
1058	75
1059	65
1060	63
1061	41
1062	61
1063	61
1064	91
1065	70
1066	64
1067	47
1068	69
1069	76
1070	74
1071	63
1072	66
1073	62
1074	68
1075	63
1076	74
1077	79
1078	65
1079	75
1080	71
1081	61
1082	70
1083	61
1084	61
1085	81
1086	58
1087	67
1088	62
1089	60
1090	60
1091	57
1092	54
1093	59
1094	74
1095	66
1096	56
1097	50
1098	71
1099	64
1100	50
1101	72
1102	64
1103	51
1104	68
1105	68
1106	73
1107	53
1108	85
1109	68
1110	65
1111	69
1112	64
1113	65
1114	67
1115	65
1116	62
1117	56
1118	70
1119	52
1120	59
1121	60
1122	70
1123	53
1124	61
1125	63
1126	60
1127	57
1128	62
1129	64
1130	66
1131	53
1132	63
1133	58
1134	56
1135	72
1136	64
1137	62
1138	64
1139	64
1140	61
1141	59
1142	54
1143	49
1144	68
1145	54
1146	62
1147	68
1148	62
1149	58
1150	61
1151	46
1152	57
1153	67
1154	65
1155	52
1156	59
1157	60
1158	52
1159	60
1160	65
1161	57
1162	60
1163	73
1164	69
1165	71
1166	54
1167	62
1168	64
1169	65
1170	50
1171	49
1172	65
1173	55
1174	68
1175	58
1176	59
1177	63
1178	45
1179	65
1180	61
1181	72
1182	60
1183	41
1184	55
1185	52
1186	62
1187	64
1188	57
1189	63
1190	47
1191	64
1192	48
1193	59
1194	63
1195	70
1196	61
1197	61
1198	54
1199	60
1200	69
1201	72
1202	71
1203	58
1204	66
1205	48
1206	54
1207	67
1208	49
1209	52
1210	62
1211	64
1212	62
1213	61
1214	59
1215	58
1216	64
1217	60
1218	63
1219	65
1220	52
1221	56
1222	69
1223	60
1224	55
1225	43
1226	73
1227	57
1228	65
1229	59
1230	63
1231	50
1232	57
1233	64
1234	55
1235	47
1236	50
1237	53
1238	55
1239	60
1240	61
1241	58
1242	56
1243	60
1244	62
1245	44
1246	70
1247	63
1248	58
1249	56
1250	62
1251	49
1252	68
1253	55
1254	49
1255	54
1256	61
1257	51
1258	58
1259	56
1260	51
1261	65
1262	38
1263	55
1264	55
1265	53
1266	50
1267	51
1268	56
1269	52
1270	56
1271	53
1272	69
1273	63
1274	57
1275	65
1276	54
1277	50
1278	57
1279	48
1280	50
1281	48
1282	56
1283	55
1284	48
1285	63
1286	64
1287	62
1288	51
1289	51
1290	49
1291	56
1292	57
1293	49
1294	54
1295	64
1296	51
1297	45
1298	55
1299	72
1300	45
1301	60
1302	49
1303	52
1304	46
1305	47
1306	49
1307	48
1308	45
1309	61
1310	50
1311	49
1312	58
1313	61
1314	46
1315	46
1316	46
1317	51
1318	52
1319	48
1320	52
1321	54
1322	56
1323	51
1324	58
1325	50
1326	64
1327	54
1328	58
1329	54
1330	63
1331	52
1332	48
1333	50
1334	44
1335	60
1336	56
1337	55
1338	60
1339	38
1340	43
1341	49
1342	48
1343	63
1344	47
1345	40
1346	59
1347	60
1348	39
1349	38
1350	54
1351	45
1352	48
1353	63
1354	49
1355	54
1356	52
1357	44
1358	51
1359	60
1360	56
1361	39
1362	40
1363	54
1364	56
1365	48
1366	46
1367	59
1368	50
1369	59
1370	57
1371	40
1372	57
1373	38
1374	52
1375	43
1376	48
1377	50
1378	38
1379	45
1380	46
1381	53
1382	43
1383	72
1384	57
1385	63
1386	48
1387	50
1388	58
1389	46
1390	58
1391	41
1392	60
1393	52
1394	48
1395	46
1396	51
1397	54
1398	58
1399	47
1400	46
1401	44
1402	51
1403	35
1404	58
1405	53
1406	47
1407	43
1408	55
1409	53
1410	48
1411	48
1412	46
1413	58
1414	50
1415	48
1416	44
1417	47
1418	48
1419	45
1420	70
1421	40
1422	47
1423	47
1424	55
1425	52
1426	41
1427	40
1428	48
1429	38
1430	46
1431	44
1432	60
1433	55
1434	49
1435	57
1436	43
1437	55
1438	41
1439	45
1440	41
1441	40
1442	45
1443	44
1444	48
1445	49
1446	56
1447	56
1448	40
1449	52
1450	49
1451	53
1452	46
1453	41
1454	56
1455	44
1456	46
1457	56
1458	39
1459	56
1460	45
1461	50
1462	46
1463	47
1464	50
1465	40
1466	46
1467	55
1468	54
1469	41
1470	35
1471	56
1472	34
1473	44
1474	54
1475	49
1476	51
1477	44
1478	51
1479	43
1480	38
1481	53
1482	40
1483	29
1484	50
1485	55
1486	39
1487	45
1488	36
1489	45
1490	53
1491	51
1492	42
1493	42
1494	43
1495	46
1496	41
1497	45
1498	44
1499	49
1500	46
1501	46
1502	42
1503	42
1504	49
1505	34
1506	41
1507	53
1508	40
1509	46
1510	42
1511	53
1512	47
1513	47
1514	39
1515	40
1516	35
1517	52
1518	54
1519	41
1520	43
1521	41
1522	50
1523	41
1524	47
1525	41
1526	48
1527	49
1528	43
1529	46
1530	47
1531	38
1532	48
1533	33
1534	47
1535	46
1536	53
1537	40
1538	36
1539	49
1540	48
1541	50
1542	54
1543	37
1544	40
1545	34
1546	42
1547	47
1548	55
1549	43
1550	50
1551	46
1552	42
1553	42
1554	48
1555	53
1556	48
1557	42
1558	42
1559	47
1560	41
1561	32
1562	38
1563	38
1564	39
1565	39
1566	34
1567	50
1568	54
1569	50
1570	46
1571	47
1572	44
1573	39
1574	41
1575	50
1576	37
1577	51
1578	42
1579	30
1580	34
1581	33
1582	45
1583	44
1584	38
1585	39
1586	62
1587	48
1588	33
1589	39
1590	39
1591	43
1592	41
1593	42
1594	40
1595	48
1596	47
1597	37
1598	46
1599	48
1600	33
1601	51
1602	60
1603	38
1604	41
1605	48
1606	47
1607	32
1608	48
1609	44
1610	47
1611	32
1612	36
1613	31
1614	50
1615	40
1616	48
1617	42
1618	41
1619	45
1620	44
1621	51
1622	44
1623	50
1624	56
1625	40
1626	34
1627	42
1628	31
1629	42
1630	43
1631	31
1632	45
1633	46
1634	31
1635	44
1636	39
1637	31
1638	33
1639	47
1640	45
1641	43
1642	43
1643	37
1644	43
1645	41
1646	43
1647	36
1648	40
1649	46
1650	49
1651	41
1652	37
1653	39
1654	42
1655	42
1656	34
1657	37
1658	41
1659	29
1660	39
1661	40
1662	39
1663	36
1664	49
1665	50
1666	34
1667	37
1668	42
1669	46
1670	44
1671	36
1672	40
1673	38
1674	46
1675	30
1676	34
1677	52
1678	42
1679	59
1680	39
1681	38
1682	40
1683	40
1684	44
1685	43
1686	28
1687	38
1688	25
1689	33
1690	41
1691	38
1692	42
1693	48
1694	51
1695	33
1696	38
1697	31
1698	38
1699	41
1700	42
1701	39
1702	38
1703	45
1704	39
1705	31
1706	38
1707	36
1708	36
1709	40
1710	31
1711	33
1712	40
1713	37
1714	37
1715	35
1716	39
1717	28
1718	39
1719	31
1720	33
1721	43
1722	41
1723	30
1724	36
1725	29
1726	43
1727	31
1728	23
1729	37
1730	48
1731	36
1732	33
1733	33
1734	37
1735	37
1736	43
1737	35
1738	30
1739	46
1740	30
1741	44
1742	45
1743	38
1744	24
1745	38
1746	33
1747	52
1748	36
1749	39
1750	44
1751	33
1752	36
1753	38
1754	37
1755	48
1756	46
1757	33
1758	30
1759	40
1760	50
1761	42
1762	42
1763	41
1764	48
1765	46
1766	43
1767	42
1768	41
1769	40
1770	35
1771	39
1772	36
1773	39
1774	41
1775	40
1776	55
1777	41
1778	37
1779	38
1780	29
1781	41
1782	38
1783	26
1784	22
1785	27
1786	47
1787	38
1788	29
1789	37
1790	37
1791	29
1792	40
1793	42
1794	29
1795	35
1796	23
1797	36
1798	45
1799	51
1800	46
1801	31
1802	38
1803	37
1804	39
1805	42
1806	44
1807	39
1808	42
1809	32
1810	36
1811	33
1812	36
1813	36
1814	40
1815	39
1816	44
1817	47
1818	41
1819	36
1820	35
1821	38
1822	40
1823	36
1824	39
1825	37
1826	39
1827	31
1828	32
1829	28
1830	33
1831	43
1832	36
1833	32
1834	22
1835	38
1836	43
1837	34
1838	39
1839	33
1840	37
1841	24
1842	33
1843	33
1844	26
1845	32
1846	29
1847	25
1848	38
1849	35
1850	43
1851	30
1852	29
1853	29
1854	29
1855	29
1856	35
1857	31
1858	40
1859	38
1860	40
1861	31
1862	36
1863	30
1864	29
1865	35
1866	26
1867	39
1868	31
1869	36
1870	32
1871	29
1872	42
1873	27
1874	33
1875	31
1876	45
1877	24
1878	43
1879	45
1880	39
1881	27
1882	34
1883	42
1884	37
1885	35
1886	34
1887	38
1888	35
1889	36
1890	37
1891	35
1892	28
1893	33
1894	29
1895	28
1896	33
1897	28
1898	25
1899	33
1900	29
1901	20
1902	39
1903	39
1904	38
1905	33
1906	34
1907	26
1908	37
1909	29
1910	24
1911	39
1912	35
1913	25
1914	31
1915	38
1916	34
1917	24
1918	25
1919	42
1920	30
1921	26
1922	15
1923	33
1924	33
1925	34
1926	23
1927	34
1928	30
1929	29
1930	36
1931	26
1932	41
1933	35
1934	33
1935	30
1936	25
1937	22
1938	29
1939	29
1940	21
1941	30
1942	40
1943	43
1944	29
1945	33
1946	25
1947	43
1948	22
1949	40
1950	31
1951	37
1952	23
1953	37
1954	29
1955	28
1956	31
1957	37
1958	30
1959	20
1960	28
1961	27
1962	37
1963	22
1964	32
1965	30
1966	40
1967	36
1968	28
1969	36
1970	24
1971	32
1972	37
1973	30
1974	29
1975	28
1976	23
1977	29
1978	27
1979	37
1980	18
1981	29
1982	37
1983	25
1984	27
1985	17
1986	25
1987	20
1988	24
1989	37
1990	38
1991	23
1992	31
1993	29
1994	32
1995	31
1996	32
1997	24
1998	31
1999	35
2000	26
2001	28
2002	29
2003	28
2004	37
2005	38
2006	25
2007	27
2008	24
2009	35
2010	25
2011	34
2012	23
2013	32
2014	26
2015	31
2016	19
2017	26
2018	41
2019	34
2020	31
2021	37
2022	33
2023	15
2024	26
2025	24
2026	33
2027	25
2028	20
2029	30
2030	27
2031	20
2032	30
2033	36
2034	25
2035	27
2036	19
2037	24
2038	23
2039	32
2040	39
2041	24
2042	32
2043	21
2044	22
2045	27
2046	30
2047	28
2048	21
2049	31
2050	34
2051	29
2052	42
2053	25
2054	25
2055	32
2056	28
2057	28
2058	34
2059	27
2060	26
2061	30
2062	27
2063	33
2064	29
2065	22
2066	32
2067	31
2068	17
2069	28
2070	30
2071	35
2072	29
2073	26
2074	19
2075	31
2076	28
2077	19
2078	27
2079	33
2080	26
2081	21
2082	19
2083	20
2084	26
2085	25
2086	28
2087	36
2088	19
2089	24
2090	29
2091	30
2092	23
2093	19
2094	29
2095	27
2096	30
2097	31
2098	30
2099	20
2100	24
2101	14
2102	17
2103	15
2104	13
2105	26
2106	22
2107	35
2108	22
2109	21
2110	17
2111	26
2112	25
2113	17
2114	17
2115	22
2116	34
2117	25
2118	24
2119	28
2120	22
2121	29
2122	34
2123	27
2124	32
2125	32
2126	25
2127	26
2128	22
2129	23
2130	30
2131	28
2132	28
2133	22
2134	25
2135	32
2136	19
2137	29
2138	32
2139	33
2140	35
2141	25
2142	17
2143	30
2144	26
2145	25
2146	24
2147	20
2148	27
2149	24
2150	23
2151	28
2152	22
2153	24
2154	30
2155	19
2156	28
2157	17
2158	27
2159	21
2160	32
2161	32
2162	18
2163	16
2164	25
2165	30
2166	35
2167	21
2168	35
2169	35
2170	26
2171	28
2172	20
2173	20
2174	27
2175	26
2176	29
2177	24
2178	31
2179	21
2180	23
2181	24
2182	35
2183	20
2184	23
2185	33
2186	27
2187	26
2188	37
2189	16
2190	22
2191	14
2192	28
2193	18
2194	22
2195	26
2196	22
2197	32
2198	22
2199	26
2200	17
2201	22
2202	25
2203	20
2204	22
2205	29
2206	23
2207	24
2208	37
2209	27
2210	19
2211	20
2212	20
2213	25
2214	22
2215	18
2216	30
2217	24
2218	22
2219	26
2220	30
2221	23
2222	20
2223	19
2224	22
2225	24
2226	18
2227	25
2228	26
2229	27
2230	20
2231	25
2232	15
2233	24
2234	13
2235	23
2236	24
2237	22
2238	23
2239	22
2240	26
2241	23
2242	21
2243	24
2244	18
2245	29
2246	23
2247	21
2248	19
2249	18
2250	25
2251	28
2252	18
2253	24
2254	24
2255	17
2256	36
2257	26
2258	17
2259	28
2260	24
2261	25
2262	18
2263	18
2264	28
2265	23
2266	23
2267	36
2268	21
2269	21
2270	25
2271	24
2272	21
2273	28
2274	23
2275	26
2276	27
2277	26
2278	24
2279	19
2280	28
2281	26
2282	20
2283	26
2284	26
2285	21
2286	23
2287	28
2288	41
2289	29
2290	34
2291	22
2292	27
2293	26
2294	26
2295	16
2296	20
2297	30
2298	18
2299	23
2300	27
2301	27
2302	25
2303	22
2304	30
2305	28
2306	23
2307	23
2308	23
2309	24
2310	31
2311	25
2312	28
2313	40
2314	29
2315	28
2316	20
2317	26
2318	16
2319	28
2320	22
2321	30
2322	30
2323	23
2324	25
2325	21
2326	21
2327	26
2328	27
2329	33
2330	24
2331	28
2332	24
2333	26
2334	23
2335	27
2336	16
2337	23
2338	18
2339	24
2340	29
2341	31
2342	23
2343	27
2344	23
2345	23
2346	34
2347	25
2348	28
2349	15
2350	18
2351	27
2352	30
2353	27
2354	22
2355	23
2356	27
2357	22
2358	35
2359	22
2360	23
2361	23
2362	18
2363	28
2364	25
2365	27
2366	14
2367	25
2368	31
2369	28
2370	31
2371	32
2372	28
2373	27
2374	24
2375	26
2376	23
2377	26
2378	31
2379	24
2380	22
2381	22
2382	23
2383	27
2384	21
2385	25
2386	19
2387	26
2388	34
2389	24
2390	30
2391	22
2392	30
2393	22
2394	39
2395	33
2396	27
2397	25
2398	35
2399	19
2400	20
2401	17
2402	21
2403	26
2404	24
2405	41
2406	23
2407	28
2408	23
2409	20
2410	29
2411	28
2412	28
2413	21
2414	26
2415	38
2416	25
2417	28
2418	27
2419	20
2420	24
2421	19
2422	29
2423	34
2424	21
2425	25
2426	22
2427	25
2428	24
2429	39
2430	35
2431	24
2432	28
2433	32
2434	25
2435	29
2436	29
2437	25
2438	26
2439	25
2440	36
2441	32
2442	27
2443	28
2444	33
2445	19
2446	18
2447	29
2448	39
2449	38
2450	21
2451	27
2452	26
2453	28
2454	28
2455	33
2456	26
2457	25
2458	31
2459	30
2460	28
2461	32
2462	27
2463	28
2464	22
2465	33
2466	39
2467	27
2468	25
2469	24
2470	34
2471	32
2472	33
2473	34
2474	31
2475	29
2476	41
2477	33
2478	30
2479	33
2480	28
2481	41
2482	20
2483	35
2484	34
2485	29
2486	34
2487	23
2488	33
2489	28
2490	35
2491	30
2492	43
2493	31
2494	51
2495	31
2496	38
2497	21
2498	39
2499	28
2500	33
2501	33
2502	32
2503	36
2504	30
2505	40
2506	39
2507	36
2508	35
2509	30
2510	27
2511	30
2512	27
2513	33
2514	43
2515	28
2516	36
2517	34
2518	39
2519	38
2520	28
2521	31
2522	25
2523	29
2524	34
2525	47
2526	28
2527	34
2528	34
2529	28
2530	46
2531	29
2532	37
2533	33
2534	33
2535	28
2536	31
2537	48
2538	27
2539	40
2540	35
2541	30
2542	38
2543	34
2544	33
2545	35
2546	34
2547	47
2548	37
2549	44
2550	29
2551	33
2552	37
2553	38
2554	35
2555	35
2556	23
2557	42
2558	30
2559	26
2560	37
2561	41
2562	34
2563	41
2564	37
2565	33
2566	33
2567	26
2568	35
2569	36
2570	44
2571	39
2572	32
2573	42
2574	38
2575	33
2576	33
2577	39
2578	35
2579	36
2580	34
2581	28
2582	40
2583	37
2584	44
2585	44
2586	34
2587	32
2588	36
2589	34
2590	41
2591	36
2592	39
2593	38
2594	31
2595	34
2596	34
2597	35
2598	48
2599	39
2600	40
2601	41
2602	37
2603	38
2604	50
2605	30
2606	39
2607	38
2608	36
2609	56
2610	43
2611	32
2612	38
2613	46
2614	38
2615	50
2616	45
2617	52
2618	38
2619	47
2620	45
2621	49
2622	34
2623	40
2624	49
2625	45
2626	41
2627	35
2628	46
2629	49
2630	42
2631	50
2632	45
2633	44
2634	46
2635	33
2636	43
2637	45
2638	51
2639	52
2640	45
2641	29
2642	48
2643	48
2644	42
2645	50
2646	44
2647	39
2648	44
2649	41
2650	26
2651	39
2652	47
2653	49
2654	47
2655	38
2656	55
2657	35
2658	35
2659	47
2660	32
2661	32
2662	41
2663	48
2664	41
2665	35
2666	49
2667	43
2668	43
2669	59
2670	31
2671	36
2672	55
2673	49
2674	47
2675	43
2676	59
2677	49
2678	43
2679	42
2680	48
2681	49
2682	50
2683	42
2684	38
2685	50
2686	47
2687	50
2688	38
2689	42
2690	57
2691	43
2692	51
2693	54
2694	40
2695	40
2696	41
2697	44
2698	50
2699	54
2700	48
2701	34
2702	46
2703	58
2704	46
2705	38
2706	45
2707	47
2708	57
2709	55
2710	44
2711	50
2712	56
2713	48
2714	54
2715	36
2716	43
2717	43
2718	39
2719	31
2720	48
2721	48
2722	37
2723	44
2724	54
2725	50
2726	42
2727	47
2728	39
2729	49
2730	46
2731	46
2732	52
2733	41
2734	45
2735	47
2736	47
2737	43
2738	52
2739	50
2740	46
2741	36
2742	45
2743	53
2744	56
2745	47
2746	38
2747	52
2748	60
2749	42
2750	49
2751	43
2752	49
2753	44
2754	43
2755	47
2756	41
2757	53
2758	55
2759	38
2760	42
2761	38
2762	39
2763	58
2764	48
2765	57
2766	44
2767	32
2768	38
2769	37
2770	52
2771	45
2772	50
2773	40
2774	41
2775	53
2776	49
2777	49
2778	49
2779	41
2780	47
2781	47
2782	49
2783	53
2784	49
2785	42
2786	39
2787	50
2788	43
2789	44
2790	45
2791	42
2792	46
2793	36
2794	39
2795	54
2796	38
2797	44
2798	42
2799	43
2800	47
2801	59
2802	45
2803	54
2804	52
2805	53
2806	52
2807	45
2808	48
2809	49
2810	48
2811	37
2812	35
2813	44
2814	46
2815	50
2816	51
2817	57
2818	48
2819	42
2820	48
2821	49
2822	37
2823	56
2824	38
2825	29
2826	44
2827	45
2828	54
2829	37
2830	59
2831	51
2832	58
2833	53
2834	58
2835	47
2836	57
2837	40
2838	43
2839	56
2840	52
2841	41
2842	50
2843	30
2844	46
2845	38
2846	49
2847	41
2848	50
2849	44
2850	43
2851	55
2852	40
2853	46
2854	60
2855	36
2856	49
2857	37
2858	48
2859	49
2860	40
2861	41
2862	55
2863	37
2864	50
2865	37
2866	45
2867	46
2868	42
2869	44
2870	45
2871	46
2872	44
2873	41
2874	33
2875	37
2876	44
2877	43
2878	41
2879	38
2880	47
2881	41
2882	43
2883	48
2884	52
2885	48
2886	54
2887	53
2888	45
2889	44
2890	56
2891	36
2892	44
2893	43
2894	44
2895	51
2896	35
2897	41
2898	45
2899	40
2900	40
2901	51
2902	44
2903	44
2904	37
2905	36
2906	41
2907	45
2908	47
2909	48
2910	42
2911	36
2912	44
2913	54
2914	31
2915	58
2916	37
2917	45
2918	47
2919	41
2920	37
2921	42
2922	51
2923	31
2924	41
2925	46
2926	45
2927	44
2928	32
2929	33
2930	42
2931	34
2932	41
2933	33
2934	43
2935	49
2936	38
2937	31
2938	38
2939	39
2940	31
2941	29
2942	37
2943	38
2944	27
2945	40
2946	48
2947	41
2948	41
2949	42
2950	47
2951	42
2952	56
2953	30
2954	45
2955	38
2956	39
2957	38
2958	30
2959	44
2960	45
2961	40
2962	34
2963	41
2964	54
2965	40
2966	27
2967	47
2968	46
2969	32
2970	35
2971	38
2972	33
2973	42
2974	32
2975	34
2976	29
2977	61
2978	35
2979	32
2980	33
2981	40
2982	25
2983	28
2984	43
2985	43
2986	49
2987	34
2988	39
2989	32
2990	33
2991	41
2992	24
2993	29
2994	25
2995	34
2996	37
2997	47
2998	29
2999	31
3000	45
3001	19
3002	26
3003	43
3004	24
3005	33
3006	40
3007	31
3008	36
3009	31
3010	23
3011	31
3012	40
3013	31
3014	36
3015	25
3016	32
3017	37
3018	32
3019	34
3020	35
3021	32
3022	34
3023	41
3024	20
3025	35
3026	38
3027	32
3028	23
3029	50
3030	33
3031	35
3032	26
3033	31
3034	22
3035	32
3036	24
3037	29
3038	29
3039	37
3040	35
3041	28
3042	29
3043	28
3044	31
3045	36
3046	39
3047	28
3048	34
3049	24
3050	29
3051	29
3052	32
3053	30
3054	31
3055	25
3056	37
3057	19
3058	29
3059	42
3060	21
3061	28
3062	32
3063	21
3064	32
3065	39
3066	25
3067	31
3068	32
3069	19
3070	33
3071	27
3072	18
3073	36
3074	24
3075	29
3076	26
3077	25
3078	19
3079	25
3080	26
3081	23
3082	31
3083	27
3084	31
3085	30
3086	26
3087	27
3088	26
3089	26
3090	27
3091	20
3092	28
3093	25
3094	35
3095	25
3096	36
3097	27
3098	19
3099	19
3100	21
3101	22
3102	29
3103	25
3104	19
3105	24
3106	20
3107	25
3108	27
3109	31
3110	21
3111	22
3112	24
3113	27
3114	33
3115	26
3116	22
3117	30
3118	28
3119	28
3120	19
3121	19
3122	21
3123	24
3124	26
3125	30
3126	31
3127	17
3128	20
3129	19
3130	22
3131	25
3132	25
3133	22
3134	30
3135	23
3136	18
3137	25
3138	19
3139	24
3140	19
3141	21
3142	28
3143	16
3144	18
3145	26
3146	25
3147	16
3148	25
3149	17
3150	19
3151	20
3152	16
3153	21
3154	23
3155	20
3156	18
3157	18
3158	22
3159	16
3160	21
3161	19
3162	26
3163	23
3164	22
3165	19
3166	22
3167	17
3168	12
3169	20
3170	19
3171	24
3172	22
3173	16
3174	26
3175	21
3176	22
3177	17
3178	15
3179	15
3180	23
3181	19
3182	22
3183	16
3184	19
3185	17
3186	24
3187	16
3188	16
3189	16
3190	19
3191	17
3192	18
3193	21
3194	12
3195	12
3196	17
3197	22
3198	19
3199	18
3200	9
3201	22
3202	14
3203	19
3204	16
3205	14
3206	16
3207	17
3208	21
3209	14
3210	20
3211	22
3212	15
3213	19
3214	19
3215	13
3216	16
3217	22
3218	20
3219	17
3220	15
3221	19
3222	17
3223	19
3224	16
3225	13
3226	15
3227	19
3228	21
3229	14
3230	23
3231	21
3232	14
3233	18
3234	15
3235	10
3236	10
3237	7
3238	14
3239	14
3240	14
3241	20
3242	14
3243	14
3244	18
3245	24
3246	17
3247	17
3248	9
3249	16
3250	12
3251	24
3252	18
3253	22
3254	17
3255	17
3256	20
3257	28
3258	16
3259	6
3260	13
3261	23
3262	20
3263	15
3264	18
3265	14
3266	16
3267	13
3268	15
3269	11
3270	16
3271	15
3272	11
3273	10
3274	19
3275	16
3276	12
3277	9
3278	9
3279	12
3280	19
3281	17
3282	16
3283	13
3284	16
3285	12
3286	10
3287	15
3288	15
3289	11
3290	16
3291	11
3292	18
3293	9
3294	12
3295	22
3296	15
3297	16
3298	13
3299	2
3300	9
3301	7
3302	11
3303	17
3304	11
3305	15
3306	19
3307	13
3308	6
3309	7
3310	10
3311	13
3312	14
3313	15
3314	13
3315	8
3316	13
3317	12
3318	12
3319	6
3320	5
3321	17
3322	11
3323	12
3324	12
3325	9
3326	14
3327	16
3328	10
3329	16
3330	15
3331	8
3332	12
3333	7
3334	23
3335	11
3336	7
3337	15
3338	15
3339	9
3340	7
3341	14
3342	8
3343	12
3344	14
3345	14
3346	11
3347	15
3348	10
3349	12
3350	15
3351	18
3352	9
3353	10
3354	13
3355	13
3356	11
3357	7
3358	13
3359	9
3360	9
3361	8
3362	9
3363	10
3364	8
3365	7
3366	9
3367	19
3368	5
3369	8
3370	11
3371	10
3372	5
3373	10
3374	13
3375	8
3376	9
3377	14
3378	10
3379	3
3380	10
3381	11
3382	8
3383	15
3384	13
3385	13
3386	12
3387	7
3388	12
3389	3
3390	11
3391	8
3392	9
3393	11
3394	6
3395	9
3396	5
3397	12
3398	7
3399	9
3400	6
3401	5
3402	8
3403	6
3404	9
3405	10
3406	6
3407	8
3408	6
3409	9
3410	10
3411	10
3412	15
3413	1
3414	5
3415	10
3416	8
3417	9
3418	7
3419	10
3420	7
3421	8
3422	16
3423	3
3424	7
3425	13
3426	8
3427	12
3428	5
3429	14
3430	7
3431	11
3432	8
3433	5
3434	16
3435	5
3436	5
3437	3
3438	11
3439	6
3440	7
3441	5
3442	8
3443	8
3444	4
3445	12
3446	11
3447	10
3448	8
3449	5
3450	7
3451	4
3452	9
3453	9
3454	8
3455	5
3456	10
3457	8
3458	4
3459	6
3460	5
3461	5
3462	6
3463	7
3464	4
3465	5
3466	2
3467	10
3468	6
3469	6
3470	8
3471	8
3472	5
3473	7
3474	9
3475	7
3476	6
3477	8
3478	3
3479	3
3480	7
3481	5
3482	6
3483	7
3484	11
3485	6
3486	10
3487	6
3488	3
3489	6
3490	3
3491	7
3492	4
3493	5
3494	4
3495	4
3496	4
3497	8
3498	7
3499	7
3500	7
3501	5
3502	7
3503	8
3504	5
3505	8
3506	7
3507	7
3508	8
3509	3
3510	2
3511	5
3512	10
3513	7
3514	6
3515	4
3516	4
3517	4
3518	5
3519	4
3520	3
3521	5
3522	7
3523	5
3524	5
3525	1
3526	4
3527	5
3528	4
3529	8
3530	6
3531	6
3532	5
3533	2
3534	3
3535	3
3536	7
3537	6
3538	5
3539	1
3540	4
3541	2
3542	3
3543	3
3544	6
3545	3
3546	8
3547	4
3548	7
3549	1
3550	3
3551	7
3552	7
3553	5
3554	6
3555	4
3556	4
3557	3
3558	4
3559	7
3560	4
3561	5
3562	4
3563	6
3564	4
3565	4
3566	4
3567	4
3568	4
3569	3
3570	7
3571	5
3572	4
3573	5
3574	4
3575	6
3576	4
3577	4
3578	5
3579	3
3580	5
3581	3
3582	2
3583	3
3584	6
3585	6
3586	2
3587	0
3588	1
3589	0
3590	2
3591	2
3592	2
3593	4
3594	2
3595	4
3596	3
3597	1
3598	3
3599	6
3600	5
3601	2
3602	2
3603	0
3604	3
3605	5
3606	3
3607	3
3608	6
3609	2
3610	4
3611	2
3612	5
3613	3
3614	1
3615	4
3616	1
3617	5
3618	5
3619	3
3620	2
3621	5
3622	1
3623	3
3624	2
3625	2
3626	2
3627	6
3628	5
3629	2
3630	3
3631	2
3632	2
3633	1
3634	2
3635	2
3636	6
3637	5
3638	3
3639	2
3640	0
3641	2
3642	2
3643	2
3644	3
3645	1
3646	6
3647	1
3648	2
3649	5
3650	2
3651	1
3652	2
3653	4
3654	1
3655	1
3656	3
3657	3
3658	0
3659	3
3660	4
3661	0
3662	1
3663	2
3664	5
3665	1
3666	2
3667	3
3668	3
3669	3
3670	3
3671	1
3672	4
3673	1
3674	6
3675	1
3676	1
3677	2
3678	5
3679	2
3680	0
3681	4
3682	1
3683	1
3684	1
3685	3
3686	1
3687	1
3688	1
3689	1
3690	0
3691	1
3692	3
3693	2
3694	4
3695	1
3696	3
3697	2
3698	2
3699	3
3700	2
3701	2
3702	2
3703	0
3704	2
3705	1
3706	2
3707	2
3708	1
3709	1
3710	1
3711	4
3712	2
3713	0
3714	3
3715	0
3716	0
3717	3
3718	1
3719	3
3720	0
3721	0
3722	2
3723	1
3724	3
3725	0
3726	1
3727	2
3728	1
3729	1
3730	2
3731	2
3732	3
3733	1
3734	2
3735	0
3736	2
3737	1
3738	3
3739	2
3740	2
3741	2
3742	2
3743	1
3744	4
3745	3
3746	2
3747	1
3748	0
3749	1
3750	1
3751	1
3752	1
3753	2
3754	0
3755	2
3756	1
3757	2
3758	1
3759	0
3760	0
3761	0
3762	4
3763	0
3764	2
3765	2
3766	4
3767	1
3768	0
3769	1
3770	0
3771	1
3772	1
3773	3
3774	2
3775	1
3776	3
3777	0
3778	0
3779	0
3780	0
3781	3
3782	1
3783	2
3784	0
3785	3
3786	0
3787	0
3788	3
3789	3
3790	1
3791	0
3792	1
3793	1
3794	4
3795	0
3796	1
3797	1
3798	3
3799	1
3800	1
3801	2
3802	0
3803	1
3804	1
3805	2
3806	0
3807	2
3808	1
3809	1
3810	1
3811	2
3812	1
3813	4
3814	0
3815	0
3816	0
3817	0
3818	1
3819	2
3820	1
3821	0
3822	0
3823	0
3824	1
3825	0
3826	1
3827	1
3828	2
3829	0
3830	0
3831	0
3832	3
3833	0
3834	3
3835	1
3836	2
3837	1
3838	0
3839	3
3840	2
3841	1
3842	0
3843	2
3844	0
3845	3
3846	1
3847	1
3848	1
3849	0
3850	2
3851	0
3852	0
3853	1
3854	0
3855	1
3856	1
3857	0
3858	1
3859	1
3860	0
3861	2
3862	1
3863	2
3864	1
3865	0
3866	0
3867	2
3868	0
3869	0
3870	1
3871	1
3872	0
3873	1
3874	0
3875	0
3876	0
3877	0
3878	0
3879	1
3880	0
3881	1
3882	1
3883	1
3884	2
3885	0
3886	0
3887	0
3888	0
3889	0
3890	0
3891	3
3892	1
3893	1
3894	2
3895	0
3896	0
3897	0
3898	0
3899	1
3900	1
3901	2
3902	0
3903	0
3904	1
3905	2
3906	0
3907	1
3908	0
3909	1
3910	0
3911	1
3912	0
3913	0
3914	1
3915	1
3916	1
3917	0
3918	1
3919	0
3920	0
3921	0
3922	0
3923	0
3924	1
3925	2
3926	0
3927	0
3928	0
3929	1
3930	2
3931	0
3932	1
3933	0
3934	0
3935	0
3936	0
3937	1
3938	0
3939	0
3940	0
3941	0
3942	0
3943	0
3944	0
3945	0
3946	1
3947	0
3948	0
3949	1
3950	0
3951	0
3952	0
3953	0
3954	0
3955	1
3956	0
3957	0
3958	1
3959	1
3960	1
3961	0
3962	0
3963	0
3964	1
3965	0
3966	0
3967	0
3968	1
3969	0
3970	0
3971	0
3972	0
3973	1
3974	1
3975	0
3976	0
3977	0
3978	0
3979	1
3980	1
3981	1
3982	1
3983	0
3984	0
3985	3
3986	0
3987	0
3988	1
3989	1
3990	0
3991	2
3992	1
3993	1
3994	0
3995	0
3996	1
3997	1
3998	1
3999	1
4000	1
4001	1
4002	3
4003	0
4004	1
4005	0
4006	0
4007	0
4008	1
4009	0
4010	0
4011	1
4012	0
4013	1
4014	2
4015	0
4016	0
4017	0
4018	2
4019	2
4020	0
4021	0
4022	0
4023	0
4024	0
4025	0
4026	0
4027	0
4028	1
4029	1
4030	0
4031	0
4032	0
4033	0
4034	0
4035	0
4036	0
4037	0
4038	0
4039	2
4040	0
4041	0
4042	0
4043	0
4044	0
4045	0
4046	0
4047	1
4048	0
4049	0
4050	1
4051	2
4052	1
4053	0
4054	2
4055	0
4056	0
4057	1
4058	0
4059	0
4060	0
4061	0
4062	1
4063	0
4064	1
4065	0
4066	0
4067	0
4068	0
4069	0
4070	1
4071	1
4072	0
4073	0
4074	0
4075	0
4076	0
4077	0
4078	0
4079	0
4080	0
4081	1
4082	1
4083	0
4084	0
4085	0
4086	1
4087	2
4088	0
4089	0
4090	0
4091	0
4092	0
4093	2
4094	0
4095	1
