0	0
1	0
2	0
3	0
4	0
5	0
6	0
7	0
8	0
9	0
10	0
11	0
12	0
13	0
14	0
15	0
16	0
17	0
18	0
19	0
20	0
21	0
22	0
23	0
24	0
25	0
26	0
27	0
28	0
29	0
30	0
31	0
32	0
33	0
34	0
35	0
36	2
37	0
38	0
39	1
40	0
41	1
42	6
43	1
44	2
45	3
46	2
47	5
48	0
49	2
50	2
51	1
52	4
53	4
54	6
55	1
56	5
57	5
58	8
59	2
60	14
61	18
62	80
63	188
64	290
65	240
66	167
67	185
68	128
69	104
70	73
71	85
72	51
73	44
74	49
75	33
76	36
77	30
78	29
79	34
80	21
81	28
82	24
83	31
84	28
85	24
86	27
87	27
88	29
89	18
90	31
91	26
92	17
93	30
94	24
95	15
96	26
97	18
98	26
99	28
100	22
101	16
102	28
103	27
104	17
105	17
106	20
107	14
108	17
109	17
110	22
111	17
112	23
113	18
114	23
115	22
116	15
117	25
118	21
119	18
120	20
121	20
122	16
123	23
124	22
125	18
126	14
127	18
128	17
129	14
130	11
131	23
132	23
133	15
134	18
135	17
136	17
137	19
138	21
139	25
140	14
141	18
142	13
143	22
144	10
145	20
146	20
147	22
148	18
149	22
150	18
151	13
152	24
153	15
154	20
155	14
156	22
157	23
158	15
159	18
160	17
161	13
162	15
163	16
164	12
165	28
166	18
167	14
168	22
169	22
170	13
171	21
172	17
173	20
174	11
175	23
176	11
177	20
178	16
179	19
180	12
181	26
182	18
183	16
184	23
185	24
186	21
187	22
188	20
189	13
190	20
191	18
192	14
193	14
194	23
195	20
196	16
197	13
198	11
199	14
200	22
201	18
202	22
203	17
204	19
205	19
206	15
207	19
208	18
209	16
210	12
211	20
212	29
213	11
214	16
215	21
216	22
217	14
218	22
219	20
220	19
221	13
222	24
223	13
224	18
225	9
226	14
227	17
228	19
229	14
230	22
231	23
232	18
233	21
234	24
235	17
236	19
237	21
238	23
239	23
240	11
241	22
242	21
243	13
244	17
245	21
246	16
247	28
248	20
249	22
250	19
251	15
252	17
253	21
254	21
255	19
256	19
257	24
258	13
259	17
260	28
261	14
262	20
263	23
264	19
265	10
266	14
267	20
268	24
269	20
270	26
271	20
272	18
273	18
274	24
275	15
276	17
277	14
278	16
279	19
280	25
281	19
282	19
283	20
284	18
285	21
286	24
287	24
288	19
289	14
290	33
291	22
292	28
293	17
294	15
295	19
296	15
297	23
298	18
299	27
300	17
301	18
302	21
303	23
304	24
305	26
306	19
307	21
308	24
309	26
310	27
311	23
312	24
313	25
314	23
315	25
316	28
317	24
318	18
319	18
320	23
321	16
322	25
323	29
324	27
325	18
326	24
327	17
328	22
329	17
330	23
331	20
332	16
333	21
334	25
335	28
336	30
337	27
338	30
339	33
340	26
341	22
342	17
343	33
344	39
345	31
346	29
347	30
348	19
349	25
350	23
351	24
352	31
353	30
354	25
355	25
356	23
357	32
358	29
359	19
360	27
361	31
362	27
363	30
364	27
365	25
366	31
367	29
368	37
369	33
370	34
371	33
372	23
373	26
374	27
375	27
376	31
377	25
378	33
379	32
380	33
381	31
382	33
383	29
384	29
385	31
386	34
387	42
388	25
389	33
390	34
391	34
392	22
393	19
394	37
395	33
396	30
397	28
398	36
399	25
400	33
401	37
402	33
403	33
404	29
405	32
406	50
407	37
408	31
409	49
410	22
411	28
412	33
413	33
414	43
415	44
416	38
417	32
418	37
419	37
420	47
421	41
422	36
423	35
424	41
425	29
426	39
427	41
428	46
429	43
430	36
431	37
432	35
433	34
434	40
435	35
436	36
437	47
438	38
439	39
440	40
441	34
442	44
443	39
444	36
445	32
446	34
447	30
448	45
449	29
450	39
451	27
452	40
453	31
454	41
455	36
456	36
457	35
458	38
459	25
460	39
461	32
462	33
463	29
464	34
465	40
466	31
467	34
468	35
469	42
470	36
471	41
472	39
473	37
474	40
475	42
476	29
477	38
478	38
479	34
480	38
481	39
482	45
483	28
484	22
485	24
486	27
487	27
488	33
489	29
490	36
491	37
492	37
493	30
494	37
495	33
496	32
497	34
498	31
499	26
500	38
501	25
502	31
503	36
504	25
505	24
506	32
507	28
508	26
509	29
510	32
511	22
512	24
513	26
514	30
515	36
516	38
517	30
518	34
519	30
520	38
521	37
522	24
523	32
524	33
525	33
526	35
527	27
528	25
529	28
530	26
531	35
532	29
533	27
534	32
535	30
536	36
537	28
538	35
539	27
540	26
541	30
542	28
543	31
544	21
545	29
546	26
547	25
548	26
549	23
550	29
551	31
552	34
553	20
554	32
555	27
556	27
557	21
558	29
559	26
560	35
561	24
562	30
563	31
564	27
565	25
566	25
567	39
568	26
569	27
570	17
571	24
572	17
573	14
574	22
575	28
576	20
577	24
578	19
579	31
580	31
581	22
582	32
583	27
584	21
585	24
586	31
587	30
588	24
589	27
590	19
591	20
592	21
593	35
594	22
595	29
596	22
597	23
598	34
599	27
600	24
601	30
602	22
603	22
604	23
605	21
606	18
607	25
608	26
609	31
610	19
611	32
612	24
613	14
614	22
615	25
616	33
617	23
618	22
619	28
620	18
621	19
622	26
623	27
624	31
625	18
626	25
627	36
628	25
629	26
630	22
631	28
632	24
633	25
634	22
635	27
636	39
637	22
638	28
639	26
640	26
641	24
642	21
643	20
644	27
645	23
646	28
647	24
648	16
649	27
650	28
651	31
652	24
653	23
654	34
655	21
656	35
657	11
658	25
659	18
660	28
661	27
662	22
663	31
664	24
665	17
666	29
667	32
668	23
669	36
670	27
671	32
672	36
673	22
674	33
675	36
676	30
677	28
678	30
679	27
680	27
681	17
682	20
683	26
684	25
685	30
686	25
687	32
688	24
689	29
690	21
691	13
692	28
693	30
694	27
695	22
696	28
697	19
698	29
699	25
700	37
701	27
702	23
703	33
704	25
705	21
706	28
707	32
708	19
709	19
710	24
711	25
712	29
713	29
714	27
715	26
716	32
717	25
718	28
719	25
720	20
721	36
722	26
723	22
724	21
725	39
726	25
727	30
728	18
729	47
730	22
731	28
732	21
733	35
734	23
735	33
736	33
737	21
738	22
739	29
740	31
741	31
742	28
743	26
744	30
745	27
746	23
747	29
748	18
749	31
750	23
751	32
752	23
753	32
754	38
755	29
756	30
757	22
758	37
759	24
760	22
761	30
762	39
763	29
764	31
765	17
766	21
767	31
768	34
769	27
770	28
771	25
772	32
773	30
774	23
775	27
776	37
777	22
778	32
779	34
780	25
781	33
782	43
783	35
784	33
785	31
786	26
787	35
788	36
789	32
790	35
791	25
792	27
793	27
794	36
795	25
796	43
797	34
798	39
799	37
800	26
801	21
802	20
803	36
804	23
805	27
806	23
807	34
808	30
809	29
810	25
811	38
812	37
813	20
814	31
815	33
816	39
817	30
818	40
819	33
820	33
821	31
822	31
823	27
824	29
825	33
826	26
827	37
828	29
829	21
830	38
831	37
832	33
833	29
834	38
835	25
836	33
837	27
838	24
839	34
840	29
841	23
842	17
843	38
844	25
845	32
846	34
847	24
848	30
849	39
850	35
851	30
852	38
853	34
854	23
855	29
856	28
857	30
858	29
859	34
860	35
861	28
862	21
863	31
864	35
865	41
866	33
867	44
868	30
869	25
870	36
871	29
872	36
873	28
874	30
875	27
876	42
877	27
878	34
879	34
880	31
881	31
882	29
883	31
884	32
885	48
886	28
887	35
888	24
889	27
890	30
891	41
892	30
893	28
894	43
895	35
896	21
897	30
898	27
899	34
900	41
901	37
902	40
903	34
904	32
905	32
906	30
907	38
908	35
909	36
910	30
911	39
912	41
913	39
914	32
915	38
916	35
917	31
918	30
919	29
920	32
921	23
922	32
923	26
924	40
925	27
926	28
927	27
928	25
929	36
930	29
931	33
932	46
933	35
934	32
935	33
936	41
937	31
938	43
939	31
940	35
941	31
942	25
943	38
944	38
945	41
946	33
947	28
948	36
949	29
950	36
951	33
952	30
953	30
954	34
955	25
956	34
957	30
958	28
959	28
960	25
961	38
962	39
963	38
964	30
965	38
966	42
967	38
968	39
969	39
970	39
971	36
972	38
973	23
974	41
975	43
976	29
977	31
978	36
979	27
980	34
981	52
982	31
983	34
984	45
985	39
986	36
987	28
988	38
989	30
990	44
991	41
992	33
993	42
994	31
995	38
996	29
997	35
998	32
999	31
1000	41
1001	41
1002	35
1003	31
1004	39
1005	35
1006	32
1007	43
1008	36
1009	37
1010	29
1011	41
1012	26
1013	41
1014	36
1015	39
1016	31
1017	33
1018	34
1019	34
1020	39
1021	33
1022	39
1023	27
1024	41
1025	32
1026	36
1027	33
1028	29
1029	40
1030	40
1031	33
1032	31
1033	36
1034	35
1035	29
1036	25
1037	42
1038	29
1039	40
1040	30
1041	37
1042	43
1043	30
1044	29
1045	40
1046	35
1047	49
1048	36
1049	31
1050	34
1051	29
1052	40
1053	36
1054	41
1055	32
1056	37
1057	38
1058	26
1059	30
1060	28
1061	39
1062	31
1063	26
1064	40
1065	36
1066	28
1067	25
1068	27
1069	39
1070	29
1071	30
1072	43
1073	33
1074	33
1075	28
1076	34
1077	36
1078	33
1079	28
1080	24
1081	35
1082	26
1083	42
1084	29
1085	53
1086	29
1087	29
1088	34
1089	23
1090	41
1091	34
1092	42
1093	31
1094	35
1095	31
1096	25
1097	40
1098	31
1099	42
1100	27
1101	39
1102	38
1103	34
1104	37
1105	44
1106	45
1107	27
1108	31
1109	32
1110	32
1111	29
1112	26
1113	42
1114	30
1115	38
1116	30
1117	27
1118	24
1119	42
1120	35
1121	33
1122	34
1123	32
1124	30
1125	24
1126	33
1127	30
1128	27
1129	26
1130	33
1131	20
1132	27
1133	41
1134	52
1135	26
1136	28
1137	38
1138	31
1139	21
1140	31
1141	31
1142	32
1143	43
1144	29
1145	39
1146	30
1147	39
1148	20
1149	31
1150	35
1151	44
1152	32
1153	24
1154	30
1155	34
1156	41
1157	29
1158	33
1159	27
1160	31
1161	35
1162	32
1163	40
1164	30
1165	50
1166	35
1167	37
1168	34
1169	37
1170	34
1171	33
1172	29
1173	30
1174	39
1175	27
1176	30
1177	31
1178	33
1179	29
1180	22
1181	41
1182	23
1183	32
1184	39
1185	42
1186	30
1187	21
1188	31
1189	28
1190	28
1191	26
1192	37
1193	31
1194	25
1195	23
1196	29
1197	27
1198	27
1199	35
1200	36
1201	26
1202	37
1203	31
1204	24
1205	29
1206	20
1207	39
1208	33
1209	33
1210	33
1211	32
1212	37
1213	37
1214	27
1215	23
1216	23
1217	31
1218	30
1219	39
1220	31
1221	25
1222	30
1223	25
1224	35
1225	25
1226	30
1227	34
1228	28
1229	26
1230	31
1231	20
1232	26
1233	31
1234	29
1235	26
1236	21
1237	28
1238	21
1239	40
1240	42
1241	23
1242	28
1243	36
1244	21
1245	26
1246	38
1247	23
1248	35
1249	31
1250	36
1251	37
1252	17
1253	13
1254	32
1255	25
1256	24
1257	28
1258	22
1259	36
1260	28
1261	21
1262	26
1263	39
1264	28
1265	30
1266	37
1267	34
1268	34
1269	33
1270	38
1271	26
1272	31
1273	27
1274	36
1275	25
1276	32
1277	29
1278	27
1279	30
1280	35
1281	30
1282	28
1283	29
1284	16
1285	31
1286	26
1287	32
1288	35
1289	36
1290	26
1291	25
1292	31
1293	33
1294	30
1295	16
1296	36
1297	32
1298	40
1299	34
1300	25
1301	32
1302	22
1303	33
1304	26
1305	26
1306	36
1307	35
1308	26
1309	28
1310	25
1311	35
1312	34
1313	31
1314	22
1315	35
1316	31
1317	28
1318	25
1319	23
1320	19
1321	34
1322	23
1323	25
1324	38
1325	34
1326	19
1327	35
1328	21
1329	36
1330	23
1331	22
1332	25
1333	28
1334	17
1335	22
1336	26
1337	30
1338	28
1339	27
1340	23
1341	29
1342	35
1343	29
1344	26
1345	39
1346	26
1347	30
1348	22
1349	33
1350	34
1351	19
1352	31
1353	22
1354	30
1355	27
1356	33
1357	26
1358	31
1359	21
1360	34
1361	26
1362	28
1363	27
1364	19
1365	28
1366	25
1367	19
1368	28
1369	27
1370	28
1371	26
1372	35
1373	32
1374	34
1375	38
1376	26
1377	30
1378	40
1379	19
1380	25
1381	19
1382	38
1383	34
1384	29
1385	23
1386	31
1387	27
1388	23
1389	20
1390	16
1391	34
1392	24
1393	32
1394	29
1395	31
1396	34
1397	35
1398	30
1399	28
1400	25
1401	19
1402	24
1403	29
1404	27
1405	28
1406	19
1407	18
1408	30
1409	37
1410	22
1411	25
1412	27
1413	35
1414	32
1415	27
1416	28
1417	26
1418	22
1419	32
1420	22
1421	31
1422	20
1423	31
1424	21
1425	30
1426	21
1427	29
1428	32
1429	28
1430	27
1431	27
1432	31
1433	26
1434	25
1435	27
1436	31
1437	27
1438	25
1439	24
1440	28
1441	21
1442	24
1443	27
1444	19
1445	27
1446	28
1447	28
1448	27
1449	35
1450	16
1451	25
1452	29
1453	20
1454	22
1455	28
1456	27
1457	28
1458	26
1459	22
1460	22
1461	28
1462	25
1463	26
1464	18
1465	26
1466	17
1467	23
1468	25
1469	28
1470	37
1471	27
1472	19
1473	28
1474	23
1475	29
1476	29
1477	25
1478	26
1479	27
1480	21
1481	22
1482	27
1483	34
1484	23
1485	19
1486	20
1487	25
1488	21
1489	23
1490	30
1491	27
1492	24
1493	20
1494	29
1495	26
1496	28
1497	21
1498	21
1499	20
1500	28
1501	22
1502	20
1503	17
1504	26
1505	20
1506	28
1507	28
1508	30
1509	21
1510	26
1511	32
1512	23
1513	18
1514	26
1515	26
1516	32
1517	31
1518	28
1519	24
1520	22
1521	18
1522	18
1523	22
1524	21
1525	26
1526	27
1527	30
1528	21
1529	16
1530	32
1531	27
1532	26
1533	26
1534	35
1535	21
1536	19
1537	19
1538	16
1539	22
1540	32
1541	25
1542	12
1543	24
1544	20
1545	24
1546	20
1547	25
1548	23
1549	22
1550	22
1551	19
1552	25
1553	19
1554	25
1555	24
1556	32
1557	24
1558	30
1559	24
1560	26
1561	33
1562	22
1563	17
1564	27
1565	18
1566	22
1567	19
1568	26
1569	26
1570	15
1571	19
1572	22
1573	22
1574	16
1575	17
1576	10
1577	21
1578	28
1579	21
1580	28
1581	24
1582	17
1583	23
1584	22
1585	22
1586	27
1587	19
1588	26
1589	21
1590	23
1591	28
1592	27
1593	21
1594	21
1595	26
1596	36
1597	31
1598	28
1599	25
1600	22
1601	21
1602	22
1603	28
1604	18
1605	29
1606	18
1607	24
1608	23
1609	13
1610	24
1611	16
1612	25
1613	17
1614	24
1615	27
1616	18
1617	25
1618	32
1619	27
1620	21
1621	19
1622	21
1623	12
1624	19
1625	21
1626	20
1627	26
1628	26
1629	21
1630	23
1631	31
1632	21
1633	21
1634	16
1635	26
1636	21
1637	17
1638	22
1639	14
1640	22
1641	23
1642	24
1643	24
1644	30
1645	26
1646	17
1647	17
1648	16
1649	29
1650	17
1651	21
1652	22
1653	19
1654	20
1655	18
1656	23
1657	19
1658	17
1659	22
1660	18
1661	20
1662	22
1663	29
1664	21
1665	25
1666	17
1667	14
1668	23
1669	26
1670	17
1671	20
1672	20
1673	20
1674	16
1675	30
1676	19
1677	21
1678	26
1679	22
1680	23
1681	18
1682	11
1683	25
1684	26
1685	25
1686	19
1687	25
1688	18
1689	20
1690	14
1691	19
1692	18
1693	28
1694	19
1695	28
1696	15
1697	21
1698	21
1699	17
1700	16
1701	16
1702	20
1703	21
1704	21
1705	18
1706	21
1707	20
1708	22
1709	21
1710	18
1711	14
1712	22
1713	21
1714	15
1715	18
1716	19
1717	12
1718	22
1719	17
1720	16
1721	21
1722	23
1723	18
1724	25
1725	24
1726	27
1727	26
1728	18
1729	19
1730	13
1731	14
1732	16
1733	20
1734	17
1735	18
1736	23
1737	14
1738	17
1739	23
1740	17
1741	20
1742	23
1743	14
1744	16
1745	18
1746	18
1747	28
1748	33
1749	14
1750	20
1751	19
1752	14
1753	12
1754	22
1755	15
1756	26
1757	14
1758	28
1759	19
1760	17
1761	13
1762	21
1763	18
1764	16
1765	26
1766	22
1767	16
1768	14
1769	14
1770	23
1771	16
1772	17
1773	17
1774	18
1775	20
1776	21
1777	13
1778	21
1779	17
1780	18
1781	19
1782	17
1783	17
1784	15
1785	23
1786	17
1787	13
1788	15
1789	16
1790	15
1791	16
1792	15
1793	18
1794	12
1795	18
1796	21
1797	18
1798	12
1799	21
1800	22
1801	20
1802	19
1803	20
1804	22
1805	20
1806	31
1807	24
1808	17
1809	17
1810	19
1811	21
1812	19
1813	17
1814	12
1815	15
1816	22
1817	18
1818	17
1819	18
1820	14
1821	15
1822	14
1823	14
1824	16
1825	23
1826	16
1827	27
1828	19
1829	10
1830	14
1831	9
1832	17
1833	16
1834	15
1835	13
1836	23
1837	22
1838	16
1839	23
1840	12
1841	16
1842	11
1843	8
1844	13
1845	16
1846	22
1847	17
1848	12
1849	15
1850	17
1851	15
1852	18
1853	11
1854	16
1855	16
1856	16
1857	11
1858	13
1859	19
1860	25
1861	19
1862	11
1863	17
1864	18
1865	14
1866	13
1867	11
1868	12
1869	14
1870	15
1871	18
1872	17
1873	17
1874	19
1875	22
1876	12
1877	16
1878	9
1879	23
1880	14
1881	15
1882	18
1883	20
1884	12
1885	19
1886	17
1887	14
1888	15
1889	18
1890	14
1891	17
1892	17
1893	16
1894	25
1895	13
1896	18
1897	12
1898	12
1899	15
1900	18
1901	12
1902	20
1903	17
1904	16
1905	12
1906	11
1907	13
1908	19
1909	17
1910	15
1911	18
1912	20
1913	12
1914	11
1915	16
1916	17
1917	17
1918	22
1919	19
1920	19
1921	13
1922	15
1923	14
1924	18
1925	11
1926	17
1927	11
1928	16
1929	19
1930	11
1931	18
1932	15
1933	17
1934	17
1935	23
1936	12
1937	17
1938	10
1939	16
1940	16
1941	18
1942	21
1943	26
1944	11
1945	10
1946	16
1947	16
1948	16
1949	15
1950	20
1951	15
1952	14
1953	21
1954	12
1955	12
1956	18
1957	9
1958	14
1959	12
1960	13
1961	20
1962	10
1963	18
1964	16
1965	12
1966	15
1967	17
1968	17
1969	16
1970	14
1971	10
1972	13
1973	6
1974	15
1975	15
1976	20
1977	13
1978	18
1979	17
1980	12
1981	19
1982	9
1983	15
1984	14
1985	13
1986	16
1987	10
1988	13
1989	14
1990	13
1991	16
1992	11
1993	17
1994	12
1995	11
1996	13
1997	10
1998	11
1999	14
2000	11
2001	18
2002	9
2003	23
2004	24
2005	18
2006	15
2007	13
2008	17
2009	15
2010	13
2011	11
2012	15
2013	10
2014	13
2015	18
2016	11
2017	10
2018	12
2019	9
2020	14
2021	16
2022	13
2023	17
2024	20
2025	12
2026	22
2027	12
2028	11
2029	15
2030	9
2031	19
2032	20
2033	14
2034	16
2035	14
2036	20
2037	21
2038	15
2039	15
2040	12
2041	18
2042	13
2043	18
2044	6
2045	17
2046	11
2047	15
2048	12
2049	11
2050	10
2051	14
2052	7
2053	17
2054	17
2055	11
2056	19
2057	9
2058	14
2059	12
2060	15
2061	14
2062	15
2063	10
2064	11
2065	14
2066	17
2067	7
2068	8
2069	9
2070	15
2071	20
2072	18
2073	16
2074	16
2075	14
2076	17
2077	18
2078	10
2079	11
2080	15
2081	17
2082	17
2083	20
2084	11
2085	16
2086	12
2087	19
2088	16
2089	9
2090	15
2091	10
2092	16
2093	15
2094	17
2095	15
2096	15
2097	23
2098	11
2099	6
2100	15
2101	21
2102	10
2103	13
2104	17
2105	12
2106	7
2107	12
2108	10
2109	13
2110	15
2111	21
2112	11
2113	8
2114	10
2115	8
2116	22
2117	16
2118	14
2119	20
2120	15
2121	16
2122	22
2123	10
2124	8
2125	14
2126	18
2127	12
2128	19
2129	12
2130	16
2131	16
2132	11
2133	8
2134	21
2135	15
2136	11
2137	18
2138	20
2139	20
2140	15
2141	14
2142	13
2143	14
2144	12
2145	11
2146	9
2147	9
2148	9
2149	16
2150	15
2151	13
2152	8
2153	13
2154	11
2155	12
2156	11
2157	13
2158	13
2159	13
2160	12
2161	15
2162	12
2163	14
2164	16
2165	11
2166	19
2167	11
2168	19
2169	17
2170	9
2171	18
2172	9
2173	12
2174	11
2175	15
2176	11
2177	14
2178	15
2179	17
2180	14
2181	12
2182	14
2183	14
2184	10
2185	9
2186	8
2187	13
2188	16
2189	11
2190	13
2191	14
2192	8
2193	20
2194	10
2195	15
2196	15
2197	11
2198	13
2199	16
2200	13
2201	13
2202	15
2203	8
2204	16
2205	17
2206	16
2207	13
2208	9
2209	21
2210	14
2211	7
2212	12
2213	13
2214	16
2215	14
2216	10
2217	12
2218	14
2219	16
2220	15
2221	14
2222	14
2223	11
2224	22
2225	12
2226	11
2227	14
2228	6
2229	10
2230	18
2231	14
2232	15
2233	14
2234	16
2235	18
2236	15
2237	11
2238	11
2239	16
2240	13
2241	13
2242	18
2243	22
2244	14
2245	15
2246	21
2247	12
2248	13
2249	12
2250	18
2251	11
2252	15
2253	15
2254	12
2255	19
2256	14
2257	9
2258	15
2259	17
2260	14
2261	16
2262	8
2263	13
2264	17
2265	21
2266	16
2267	10
2268	18
2269	20
2270	15
2271	15
2272	13
2273	16
2274	15
2275	7
2276	13
2277	13
2278	18
2279	12
2280	14
2281	13
2282	14
2283	19
2284	20
2285	10
2286	18
2287	13
2288	11
2289	7
2290	15
2291	20
2292	13
2293	9
2294	15
2295	16
2296	17
2297	14
2298	14
2299	18
2300	15
2301	20
2302	15
2303	10
2304	16
2305	11
2306	11
2307	10
2308	20
2309	10
2310	7
2311	16
2312	17
2313	15
2314	17
2315	15
2316	14
2317	16
2318	16
2319	14
2320	13
2321	17
2322	18
2323	22
2324	9
2325	16
2326	18
2327	14
2328	19
2329	21
2330	19
2331	14
2332	19
2333	15
2334	11
2335	24
2336	8
2337	14
2338	19
2339	24
2340	18
2341	12
2342	19
2343	15
2344	16
2345	12
2346	15
2347	10
2348	19
2349	13
2350	17
2351	15
2352	30
2353	14
2354	11
2355	22
2356	13
2357	14
2358	12
2359	18
2360	20
2361	18
2362	16
2363	13
2364	13
2365	13
2366	10
2367	14
2368	12
2369	16
2370	17
2371	19
2372	17
2373	18
2374	11
2375	8
2376	23
2377	16
2378	12
2379	18
2380	14
2381	11
2382	17
2383	14
2384	14
2385	21
2386	11
2387	17
2388	13
2389	10
2390	19
2391	15
2392	10
2393	16
2394	18
2395	22
2396	17
2397	17
2398	10
2399	31
2400	20
2401	18
2402	17
2403	16
2404	22
2405	18
2406	14
2407	17
2408	12
2409	12
2410	17
2411	9
2412	14
2413	17
2414	23
2415	12
2416	19
2417	18
2418	23
2419	17
2420	13
2421	21
2422	10
2423	14
2424	19
2425	28
2426	20
2427	18
2428	17
2429	17
2430	25
2431	16
2432	18
2433	17
2434	28
2435	22
2436	15
2437	20
2438	22
2439	11
2440	20
2441	14
2442	10
2443	8
2444	22
2445	12
2446	13
2447	13
2448	19
2449	16
2450	17
2451	14
2452	12
2453	17
2454	11
2455	18
2456	23
2457	19
2458	13
2459	6
2460	17
2461	14
2462	19
2463	16
2464	24
2465	16
2466	25
2467	15
2468	14
2469	13
2470	17
2471	26
2472	18
2473	19
2474	22
2475	13
2476	8
2477	19
2478	18
2479	19
2480	14
2481	15
2482	17
2483	13
2484	22
2485	18
2486	17
2487	22
2488	9
2489	10
2490	20
2491	20
2492	19
2493	26
2494	13
2495	20
2496	25
2497	15
2498	16
2499	12
2500	16
2501	20
2502	17
2503	22
2504	15
2505	23
2506	13
2507	5
2508	11
2509	15
2510	16
2511	14
2512	19
2513	18
2514	25
2515	22
2516	16
2517	17
2518	18
2519	16
2520	17
2521	13
2522	16
2523	13
2524	24
2525	17
2526	15
2527	19
2528	9
2529	11
2530	25
2531	21
2532	16
2533	17
2534	17
2535	10
2536	19
2537	9
2538	17
2539	20
2540	13
2541	10
2542	16
2543	23
2544	15
2545	16
2546	16
2547	17
2548	11
2549	28
2550	18
2551	18
2552	20
2553	10
2554	13
2555	14
2556	15
2557	22
2558	16
2559	18
2560	17
2561	19
2562	16
2563	15
2564	16
2565	15
2566	24
2567	20
2568	16
2569	25
2570	22
2571	25
2572	19
2573	18
2574	14
2575	16
2576	19
2577	19
2578	19
2579	14
2580	21
2581	22
2582	11
2583	21
2584	16
2585	14
2586	18
2587	11
2588	17
2589	15
2590	16
2591	18
2592	21
2593	18
2594	16
2595	21
2596	10
2597	17
2598	19
2599	11
2600	17
2601	15
2602	18
2603	5
2604	13
2605	17
2606	29
2607	25
2608	15
2609	20
2610	19
2611	9
2612	10
2613	22
2614	20
2615	19
2616	21
2617	16
2618	14
2619	14
2620	9
2621	6
2622	17
2623	16
2624	21
2625	12
2626	12
2627	13
2628	23
2629	13
2630	11
2631	24
2632	20
2633	21
2634	15
2635	16
2636	20
2637	20
2638	21
2639	12
2640	16
2641	18
2642	13
2643	15
2644	12
2645	14
2646	20
2647	19
2648	19
2649	17
2650	17
2651	14
2652	23
2653	21
2654	23
2655	13
2656	16
2657	18
2658	14
2659	11
2660	20
2661	21
2662	22
2663	16
2664	13
2665	23
2666	16
2667	20
2668	18
2669	12
2670	19
2671	18
2672	18
2673	10
2674	19
2675	18
2676	16
2677	17
2678	19
2679	18
2680	23
2681	18
2682	15
2683	17
2684	20
2685	16
2686	16
2687	8
2688	15
2689	16
2690	14
2691	16
2692	13
2693	16
2694	12
2695	14
2696	16
2697	11
2698	15
2699	16
2700	16
2701	16
2702	18
2703	18
2704	16
2705	15
2706	20
2707	15
2708	14
2709	12
2710	20
2711	11
2712	16
2713	14
2714	16
2715	18
2716	20
2717	11
2718	18
2719	19
2720	16
2721	15
2722	18
2723	14
2724	11
2725	10
2726	14
2727	12
2728	13
2729	24
2730	13
2731	12
2732	13
2733	16
2734	13
2735	9
2736	16
2737	18
2738	15
2739	9
2740	23
2741	20
2742	12
2743	18
2744	10
2745	16
2746	10
2747	11
2748	18
2749	21
2750	15
2751	11
2752	20
2753	16
2754	9
2755	17
2756	12
2757	14
2758	8
2759	14
2760	14
2761	13
2762	10
2763	7
2764	9
2765	16
2766	22
2767	11
2768	8
2769	11
2770	16
2771	10
2772	9
2773	15
2774	13
2775	13
2776	15
2777	11
2778	15
2779	20
2780	11
2781	11
2782	13
2783	12
2784	18
2785	16
2786	13
2787	11
2788	9
2789	18
2790	18
2791	11
2792	13
2793	16
2794	13
2795	10
2796	13
2797	9
2798	14
2799	17
2800	13
2801	10
2802	18
2803	16
2804	12
2805	13
2806	18
2807	11
2808	12
2809	16
2810	9
2811	11
2812	7
2813	10
2814	13
2815	13
2816	14
2817	11
2818	16
2819	17
2820	10
2821	7
2822	8
2823	13
2824	14
2825	17
2826	19
2827	18
2828	14
2829	18
2830	15
2831	9
2832	7
2833	9
2834	7
2835	17
2836	13
2837	13
2838	15
2839	9
2840	16
2841	13
2842	9
2843	18
2844	14
2845	14
2846	12
2847	15
2848	13
2849	13
2850	8
2851	10
2852	13
2853	16
2854	13
2855	15
2856	13
2857	12
2858	12
2859	15
2860	13
2861	14
2862	3
2863	7
2864	5
2865	9
2866	9
2867	12
2868	10
2869	11
2870	10
2871	10
2872	8
2873	11
2874	10
2875	15
2876	11
2877	10
2878	9
2879	15
2880	9
2881	10
2882	11
2883	15
2884	11
2885	8
2886	11
2887	13
2888	11
2889	12
2890	11
2891	15
2892	11
2893	13
2894	13
2895	7
2896	9
2897	6
2898	11
2899	9
2900	16
2901	13
2902	13
2903	12
2904	11
2905	11
2906	9
2907	11
2908	12
2909	15
2910	12
2911	21
2912	14
2913	11
2914	12
2915	12
2916	8
2917	8
2918	15
2919	15
2920	8
2921	11
2922	10
2923	15
2924	17
2925	10
2926	13
2927	7
2928	10
2929	16
2930	8
2931	6
2932	12
2933	11
2934	10
2935	11
2936	6
2937	12
2938	10
2939	11
2940	6
2941	11
2942	10
2943	9
2944	14
2945	6
2946	11
2947	9
2948	12
2949	4
2950	7
2951	14
2952	4
2953	6
2954	10
2955	5
2956	10
2957	7
2958	15
2959	18
2960	6
2961	8
2962	8
2963	10
2964	9
2965	13
2966	7
2967	5
2968	18
2969	7
2970	7
2971	11
2972	8
2973	5
2974	7
2975	7
2976	8
2977	11
2978	6
2979	11
2980	9
2981	7
2982	9
2983	12
2984	11
2985	12
2986	8
2987	14
2988	12
2989	14
2990	9
2991	2
2992	9
2993	9
2994	15
2995	9
2996	6
2997	9
2998	7
2999	8
3000	11
3001	14
3002	9
3003	5
3004	5
3005	9
3006	12
3007	7
3008	9
3009	9
3010	11
3011	14
3012	10
3013	9
3014	7
3015	7
3016	13
3017	7
3018	11
3019	7
3020	10
3021	5
3022	7
3023	7
3024	8
3025	11
3026	6
3027	6
3028	8
3029	6
3030	7
3031	9
3032	11
3033	6
3034	6
3035	9
3036	15
3037	12
3038	10
3039	6
3040	12
3041	8
3042	4
3043	10
3044	7
3045	9
3046	6
3047	7
3048	12
3049	10
3050	13
3051	9
3052	8
3053	2
3054	5
3055	11
3056	9
3057	7
3058	8
3059	11
3060	10
3061	8
3062	9
3063	6
3064	12
3065	12
3066	7
3067	11
3068	4
3069	10
3070	7
3071	9
3072	6
3073	11
3074	4
3075	6
3076	10
3077	5
3078	12
3079	7
3080	6
3081	8
3082	11
3083	10
3084	10
3085	7
3086	8
3087	6
3088	11
3089	6
3090	7
3091	6
3092	10
3093	5
3094	10
3095	13
3096	8
3097	3
3098	7
3099	9
3100	7
3101	8
3102	11
3103	7
3104	8
3105	12
3106	5
3107	14
3108	13
3109	6
3110	4
3111	11
3112	5
3113	10
3114	10
3115	10
3116	10
3117	8
3118	8
3119	5
3120	3
3121	9
3122	12
3123	6
3124	11
3125	5
3126	6
3127	8
3128	9
3129	8
3130	8
3131	8
3132	4
3133	8
3134	8
3135	8
3136	3
3137	9
3138	7
3139	5
3140	7
3141	8
3142	9
3143	7
3144	4
3145	4
3146	10
3147	8
3148	4
3149	7
3150	7
3151	8
3152	9
3153	6
3154	2
3155	8
3156	9
3157	7
3158	9
3159	8
3160	7
3161	7
3162	8
3163	11
3164	6
3165	6
3166	6
3167	8
3168	6
3169	6
3170	5
3171	5
3172	9
3173	2
3174	6
3175	13
3176	6
3177	4
3178	9
3179	7
3180	5
3181	14
3182	3
3183	6
3184	7
3185	4
3186	4
3187	6
3188	9
3189	5
3190	3
3191	9
3192	5
3193	7
3194	6
3195	7
3196	7
3197	9
3198	5
3199	3
3200	5
3201	5
3202	9
3203	6
3204	6
3205	8
3206	4
3207	8
3208	9
3209	7
3210	5
3211	7
3212	10
3213	6
3214	4
3215	6
3216	3
3217	10
3218	4
3219	5
3220	5
3221	3
3222	7
3223	6
3224	4
3225	10
3226	9
3227	4
3228	11
3229	8
3230	5
3231	8
3232	6
3233	3
3234	8
3235	10
3236	7
3237	4
3238	8
3239	7
3240	11
3241	7
3242	12
3243	3
3244	3
3245	3
3246	8
3247	6
3248	5
3249	6
3250	8
3251	9
3252	5
3253	11
3254	4
3255	3
3256	10
3257	6
3258	17
3259	3
3260	5
3261	6
3262	6
3263	6
3264	10
3265	3
3266	6
3267	7
3268	5
3269	5
3270	6
3271	8
3272	6
3273	2
3274	7
3275	5
3276	7
3277	6
3278	2
3279	6
3280	4
3281	7
3282	4
3283	8
3284	7
3285	7
3286	8
3287	6
3288	9
3289	7
3290	11
3291	7
3292	6
3293	6
3294	5
3295	10
3296	6
3297	4
3298	9
3299	4
3300	4
3301	4
3302	6
3303	6
3304	5
3305	6
3306	6
3307	4
3308	4
3309	7
3310	7
3311	2
3312	5
3313	4
3314	7
3315	6
3316	4
3317	3
3318	2
3319	2
3320	5
3321	6
3322	4
3323	4
3324	4
3325	6
3326	12
3327	7
3328	2
3329	5
3330	3
3331	1
3332	8
3333	2
3334	5
3335	3
3336	4
3337	9
3338	6
3339	5
3340	5
3341	5
3342	7
3343	5
3344	6
3345	9
3346	1
3347	3
3348	3
3349	7
3350	4
3351	9
3352	10
3353	8
3354	6
3355	8
3356	12
3357	3
3358	2
3359	6
3360	3
3361	5
3362	5
3363	4
3364	9
3365	1
3366	6
3367	8
3368	5
3369	3
3370	1
3371	5
3372	5
3373	11
3374	5
3375	9
3376	4
3377	5
3378	6
3379	3
3380	4
3381	2
3382	7
3383	6
3384	5
3385	6
3386	4
3387	3
3388	4
3389	6
3390	9
3391	5
3392	4
3393	2
3394	7
3395	7
3396	6
3397	2
3398	4
3399	8
3400	3
3401	6
3402	5
3403	3
3404	3
3405	4
3406	3
3407	3
3408	6
3409	4
3410	3
3411	2
3412	5
3413	7
3414	3
3415	4
3416	10
3417	6
3418	2
3419	1
3420	3
3421	3
3422	3
3423	2
3424	2
3425	2
3426	4
3427	4
3428	3
3429	5
3430	4
3431	6
3432	4
3433	5
3434	3
3435	3
3436	2
3437	6
3438	3
3439	2
3440	10
3441	2
3442	3
3443	6
3444	3
3445	3
3446	5
3447	9
3448	1
3449	2
3450	7
3451	2
3452	7
3453	5
3454	1
3455	5
3456	5
3457	1
3458	2
3459	2
3460	3
3461	4
3462	3
3463	4
3464	3
3465	3
3466	6
3467	2
3468	2
3469	3
3470	4
3471	5
3472	2
3473	2
3474	3
3475	2
3476	7
3477	2
3478	6
3479	3
3480	3
3481	2
3482	4
3483	3
3484	5
3485	2
3486	5
3487	3
3488	3
3489	1
3490	2
3491	7
3492	0
3493	4
3494	5
3495	5
3496	2
3497	1
3498	2
3499	4
3500	1
3501	1
3502	1
3503	1
3504	0
3505	5
3506	6
3507	3
3508	2
3509	6
3510	2
3511	1
3512	3
3513	8
3514	4
3515	1
3516	3
3517	3
3518	3
3519	6
3520	3
3521	3
3522	1
3523	3
3524	3
3525	3
3526	4
3527	3
3528	2
3529	2
3530	2
3531	4
3532	5
3533	5
3534	4
3535	4
3536	0
3537	3
3538	3
3539	3
3540	3
3541	4
3542	3
3543	2
3544	0
3545	4
3546	2
3547	5
3548	3
3549	2
3550	5
3551	4
3552	7
3553	3
3554	3
3555	4
3556	1
3557	1
3558	4
3559	2
3560	1
3561	5
3562	4
3563	1
3564	6
3565	3
3566	3
3567	2
3568	6
3569	1
3570	3
3571	3
3572	2
3573	0
3574	2
3575	5
3576	2
3577	1
3578	0
3579	2
3580	0
3581	4
3582	4
3583	4
3584	5
3585	1
3586	0
3587	1
3588	1
3589	2
3590	1
3591	4
3592	3
3593	3
3594	5
3595	2
3596	4
3597	0
3598	1
3599	2
3600	2
3601	3
3602	2
3603	1
3604	1
3605	4
3606	3
3607	3
3608	2
3609	2
3610	1
3611	4
3612	1
3613	2
3614	0
3615	3
3616	1
3617	5
3618	1
3619	5
3620	0
3621	2
3622	4
3623	4
3624	2
3625	2
3626	1
3627	1
3628	1
3629	0
3630	1
3631	3
3632	3
3633	2
3634	2
3635	2
3636	1
3637	2
3638	3
3639	1
3640	1
3641	0
3642	1
3643	1
3644	1
3645	2
3646	3
3647	5
3648	4
3649	1
3650	2
3651	1
3652	1
3653	3
3654	2
3655	1
3656	2
3657	4
3658	3
3659	4
3660	3
3661	5
3662	3
3663	1
3664	1
3665	0
3666	1
3667	0
3668	1
3669	2
3670	1
3671	3
3672	2
3673	0
3674	1
3675	1
3676	3
3677	1
3678	0
3679	2
3680	0
3681	2
3682	1
3683	2
3684	4
3685	2
3686	4
3687	1
3688	2
3689	1
3690	3
3691	1
3692	1
3693	4
3694	1
3695	2
3696	3
3697	4
3698	2
3699	1
3700	2
3701	0
3702	1
3703	1
3704	3
3705	1
3706	2
3707	2
3708	0
3709	0
3710	1
3711	3
3712	2
3713	1
3714	0
3715	1
3716	0
3717	2
3718	0
3719	0
3720	1
3721	1
3722	1
3723	0
3724	1
3725	1
3726	1
3727	0
3728	0
3729	1
3730	2
3731	0
3732	3
3733	3
3734	3
3735	0
3736	2
3737	1
3738	0
3739	2
3740	2
3741	1
3742	2
3743	1
3744	0
3745	1
3746	2
3747	2
3748	0
3749	2
3750	2
3751	1
3752	1
3753	0
3754	1
3755	0
3756	1
3757	0
3758	0
3759	3
3760	0
3761	2
3762	0
3763	0
3764	0
3765	0
3766	1
3767	2
3768	2
3769	2
3770	2
3771	2
3772	0
3773	2
3774	0
3775	1
3776	0
3777	1
3778	1
3779	0
3780	1
3781	0
3782	1
3783	1
3784	0
3785	1
3786	1
3787	1
3788	0
3789	1
3790	0
3791	1
3792	1
3793	0
3794	0
3795	0
3796	1
3797	1
3798	0
3799	0
3800	0
3801	0
3802	0
3803	1
3804	0
3805	0
3806	1
3807	0
3808	2
3809	0
3810	2
3811	0
3812	0
3813	0
3814	0
3815	1
3816	1
3817	1
3818	2
3819	2
3820	0
3821	0
3822	0
3823	0
3824	0
3825	1
3826	2
3827	0
3828	0
3829	1
3830	0
3831	0
3832	1
3833	1
3834	1
3835	1
3836	0
3837	0
3838	0
3839	1
3840	1
3841	1
3842	0
3843	0
3844	1
3845	2
3846	0
3847	1
3848	1
3849	0
3850	1
3851	0
3852	0
3853	0
3854	0
3855	0
3856	0
3857	1
3858	0
3859	0
3860	0
3861	0
3862	0
3863	2
3864	0
3865	0
3866	0
3867	0
3868	0
3869	3
3870	1
3871	1
3872	1
3873	0
3874	0
3875	0
3876	0
3877	0
3878	0
3879	0
3880	0
3881	1
3882	0
3883	1
3884	0
3885	1
3886	0
3887	0
3888	0
3889	0
3890	1
3891	2
3892	2
3893	0
3894	1
3895	1
3896	1
3897	3
3898	0
3899	1
3900	0
3901	0
3902	0
3903	0
3904	0
3905	0
3906	1
3907	0
3908	0
3909	0
3910	2
3911	0
3912	0
3913	0
3914	0
3915	1
3916	1
3917	0
3918	1
3919	2
3920	0
3921	0
3922	0
3923	0
3924	0
3925	0
3926	0
3927	1
3928	0
3929	0
3930	0
3931	0
3932	1
3933	0
3934	0
3935	0
3936	1
3937	0
3938	1
3939	0
3940	0
3941	1
3942	0
3943	0
3944	2
3945	0
3946	0
3947	0
3948	1
3949	0
3950	0
3951	0
3952	3
3953	0
3954	2
3955	1
3956	0
3957	1
3958	1
3959	1
3960	1
3961	0
3962	1
3963	0
3964	0
3965	0
3966	0
3967	1
3968	1
3969	0
3970	1
3971	0
3972	1
3973	0
3974	0
3975	0
3976	1
3977	0
3978	1
3979	0
3980	0
3981	1
3982	0
3983	0
3984	0
3985	0
3986	0
3987	1
3988	0
3989	0
3990	0
3991	1
3992	1
3993	0
3994	0
3995	1
3996	0
3997	0
3998	1
3999	1
4000	0
4001	0
4002	0
4003	1
4004	0
4005	0
4006	0
4007	1
4008	1
4009	0
4010	0
4011	0
4012	1
4013	0
4014	1
4015	0
4016	0
4017	1
4018	2
4019	0
4020	0
4021	0
4022	1
4023	0
4024	0
4025	0
4026	0
4027	1
4028	0
4029	1
4030	0
4031	0
4032	1
4033	0
4034	0
4035	1
4036	1
4037	1
4038	1
4039	0
4040	0
4041	1
4042	1
4043	0
4044	2
4045	0
4046	0
4047	1
4048	0
4049	0
4050	0
4051	0
4052	0
4053	0
4054	0
4055	0
4056	0
4057	2
4058	1
4059	0
4060	0
4061	1
4062	0
4063	0
4064	2
4065	0
4066	0
4067	1
4068	0
4069	0
4070	0
4071	0
4072	1
4073	2
4074	0
4075	1
4076	0
4077	2
4078	1
4079	0
4080	3
4081	0
4082	1
4083	1
4084	1
4085	1
4086	0
4087	2
4088	0
4089	0
4090	0
4091	0
4092	0
4093	0
4094	0
4095	0
