0	0
1	0
2	0
3	0
4	0
5	0
6	0
7	0
8	0
9	0
10	0
11	0
12	0
13	0
14	0
15	0
16	0
17	0
18	0
19	0
20	0
21	0
22	1
23	0
24	0
25	0
26	0
27	0
28	0
29	0
30	0
31	0
32	0
33	0
34	0
35	0
36	0
37	1
38	0
39	0
40	3
41	2
42	0
43	1
44	2
45	1
46	1
47	4
48	1
49	3
50	4
51	5
52	2
53	5
54	8
55	3
56	7
57	7
58	5
59	6
60	16
61	31
62	84
63	282
64	363
65	308
66	278
67	226
68	203
69	176
70	145
71	149
72	136
73	100
74	98
75	94
76	74
77	74
78	70
79	69
80	75
81	69
82	67
83	65
84	39
85	59
86	59
87	50
88	61
89	67
90	54
91	64
92	56
93	49
94	57
95	56
96	51
97	49
98	56
99	50
100	59
101	60
102	49
103	39
104	47
105	49
106	62
107	48
108	59
109	55
110	53
111	43
112	48
113	59
114	48
115	57
116	50
117	53
118	55
119	58
120	64
121	44
122	53
123	60
124	57
125	52
126	51
127	54
128	52
129	51
130	52
131	65
132	58
133	49
134	58
135	72
136	62
137	60
138	57
139	57
140	52
141	54
142	61
143	52
144	66
145	54
146	49
147	67
148	63
149	57
150	59
151	51
152	51
153	65
154	66
155	55
156	49
157	53
158	56
159	56
160	59
161	57
162	51
163	72
164	52
165	62
166	51
167	55
168	60
169	49
170	56
171	47
172	67
173	59
174	56
175	53
176	69
177	46
178	64
179	61
180	51
181	72
182	57
183	55
184	63
185	50
186	50
187	64
188	54
189	67
190	61
191	56
192	49
193	74
194	57
195	60
196	55
197	71
198	49
199	74
200	61
201	62
202	62
203	67
204	60
205	62
206	49
207	61
208	55
209	64
210	67
211	55
212	72
213	54
214	64
215	55
216	68
217	47
218	61
219	59
220	53
221	52
222	60
223	54
224	62
225	61
226	57
227	60
228	46
229	64
230	49
231	55
232	55
233	70
234	58
235	50
236	65
237	71
238	56
239	59
240	50
241	62
242	64
243	62
244	54
245	54
246	52
247	66
248	48
249	65
250	66
251	56
252	64
253	61
254	55
255	49
256	71
257	60
258	56
259	80
260	45
261	56
262	53
263	72
264	70
265	66
266	66
267	77
268	59
269	69
270	57
271	68
272	72
273	56
274	53
275	64
276	63
277	58
278	54
279	58
280	72
281	52
282	58
283	65
284	75
285	60
286	64
287	74
288	62
289	64
290	69
291	68
292	59
293	57
294	69
295	77
296	59
297	65
298	69
299	70
300	74
301	60
302	71
303	69
304	70
305	71
306	69
307	56
308	80
309	69
310	67
311	70
312	71
313	69
314	61
315	65
316	86
317	82
318	95
319	63
320	67
321	83
322	76
323	80
324	69
325	77
326	82
327	86
328	72
329	67
330	82
331	94
332	74
333	80
334	79
335	76
336	73
337	82
338	68
339	73
340	89
341	85
342	85
343	92
344	71
345	70
346	86
347	88
348	72
349	79
350	87
351	81
352	69
353	86
354	89
355	78
356	81
357	84
358	80
359	76
360	71
361	76
362	92
363	80
364	87
365	83
366	82
367	82
368	105
369	98
370	90
371	108
372	97
373	74
374	100
375	81
376	83
377	103
378	104
379	70
380	105
381	87
382	95
383	97
384	72
385	84
386	94
387	99
388	92
389	75
390	89
391	98
392	99
393	102
394	108
395	86
396	91
397	106
398	94
399	85
400	89
401	95
402	102
403	99
404	81
405	88
406	105
407	97
408	109
409	93
410	89
411	96
412	99
413	86
414	111
415	101
416	106
417	114
418	87
419	91
420	91
421	119
422	97
423	90
424	97
425	104
426	80
427	99
428	89
429	106
430	87
431	96
432	88
433	112
434	119
435	115
436	97
437	89
438	93
439	97
440	89
441	124
442	105
443	93
444	89
445	119
446	110
447	79
448	106
449	109
450	88
451	111
452	100
453	120
454	94
455	87
456	87
457	95
458	92
459	93
460	106
461	104
462	94
463	100
464	103
465	91
466	99
467	95
468	86
469	107
470	94
471	85
472	100
473	83
474	98
475	91
476	78
477	79
478	75
479	99
480	90
481	92
482	102
483	95
484	92
485	80
486	82
487	94
488	97
489	94
490	84
491	87
492	71
493	97
494	85
495	90
496	90
497	94
498	97
499	91
500	94
501	72
502	91
503	106
504	85
505	96
506	83
507	96
508	83
509	75
510	81
511	84
512	67
513	71
514	79
515	83
516	72
517	79
518	77
519	87
520	84
521	78
522	80
523	78
524	83
525	79
526	109
527	77
528	97
529	69
530	74
531	84
532	93
533	72
534	77
535	89
536	77
537	69
538	78
539	89
540	79
541	103
542	74
543	63
544	83
545	85
546	82
547	76
548	76
549	87
550	66
551	81
552	83
553	76
554	64
555	80
556	87
557	75
558	65
559	55
560	69
561	77
562	61
563	88
564	69
565	81
566	76
567	66
568	84
569	96
570	66
571	73
572	75
573	70
574	75
575	82
576	67
577	68
578	78
579	73
580	82
581	70
582	82
583	66
584	70
585	79
586	79
587	67
588	66
589	85
590	63
591	82
592	69
593	83
594	88
595	82
596	75
597	78
598	71
599	75
600	62
601	55
602	68
603	88
604	61
605	71
606	70
607	76
608	76
609	76
610	72
611	71
612	74
613	70
614	84
615	73
616	68
617	71
618	71
619	77
620	79
621	69
622	80
623	80
624	66
625	62
626	73
627	76
628	66
629	70
630	79
631	63
632	72
633	74
634	88
635	77
636	73
637	75
638	75
639	77
640	83
641	68
642	62
643	75
644	77
645	87
646	83
647	85
648	70
649	63
650	79
651	69
652	73
653	76
654	68
655	58
656	75
657	93
658	91
659	78
660	79
661	94
662	79
663	75
664	91
665	83
666	64
667	82
668	71
669	75
670	73
671	76
672	74
673	86
674	78
675	71
676	86
677	71
678	83
679	86
680	82
681	64
682	79
683	72
684	87
685	90
686	88
687	78
688	69
689	76
690	57
691	62
692	90
693	85
694	87
695	86
696	64
697	84
698	69
699	91
700	74
701	85
702	80
703	83
704	80
705	77
706	100
707	89
708	87
709	85
710	94
711	85
712	62
713	80
714	91
715	101
716	76
717	83
718	77
719	82
720	79
721	88
722	70
723	87
724	75
725	93
726	82
727	95
728	75
729	95
730	90
731	86
732	77
733	82
734	79
735	77
736	74
737	86
738	69
739	78
740	76
741	69
742	97
743	62
744	77
745	87
746	77
747	77
748	78
749	55
750	88
751	82
752	88
753	72
754	78
755	87
756	102
757	80
758	81
759	95
760	80
761	96
762	80
763	78
764	74
765	77
766	86
767	78
768	77
769	81
770	79
771	88
772	70
773	83
774	88
775	94
776	77
777	82
778	91
779	96
780	105
781	79
782	87
783	80
784	89
785	72
786	77
787	81
788	102
789	85
790	96
791	72
792	85
793	88
794	89
795	84
796	74
797	110
798	75
799	62
800	106
801	82
802	81
803	95
804	72
805	76
806	87
807	85
808	72
809	96
810	84
811	90
812	104
813	82
814	92
815	71
816	88
817	80
818	76
819	92
820	99
821	99
822	91
823	100
824	99
825	109
826	91
827	81
828	95
829	99
830	102
831	89
832	92
833	84
834	98
835	77
836	100
837	78
838	86
839	94
840	97
841	83
842	88
843	81
844	92
845	92
846	98
847	101
848	97
849	102
850	86
851	95
852	101
853	90
854	77
855	104
856	93
857	93
858	90
859	80
860	88
861	102
862	90
863	88
864	103
865	92
866	92
867	99
868	88
869	86
870	82
871	81
872	76
873	94
874	77
875	100
876	87
877	92
878	101
879	96
880	107
881	86
882	105
883	96
884	91
885	74
886	89
887	102
888	102
889	97
890	77
891	80
892	89
893	96
894	78
895	94
896	99
897	105
898	107
899	118
900	80
901	105
902	102
903	70
904	82
905	92
906	99
907	92
908	93
909	112
910	84
911	95
912	87
913	101
914	104
915	82
916	104
917	84
918	111
919	106
920	102
921	98
922	107
923	99
924	107
925	105
926	86
927	102
928	93
929	91
930	90
931	97
932	84
933	99
934	100
935	117
936	109
937	93
938	100
939	99
940	96
941	78
942	105
943	111
944	106
945	101
946	105
947	102
948	98
949	91
950	113
951	98
952	106
953	97
954	92
955	96
956	76
957	90
958	88
959	90
960	99
961	113
962	102
963	102
964	85
965	92
966	98
967	115
968	100
969	89
970	92
971	99
972	100
973	100
974	114
975	105
976	80
977	113
978	93
979	104
980	89
981	99
982	111
983	99
984	96
985	94
986	100
987	109
988	90
989	110
990	85
991	97
992	89
993	97
994	103
995	104
996	83
997	104
998	100
999	115
1000	117
1001	107
1002	89
1003	99
1004	103
1005	89
1006	109
1007	107
1008	98
1009	114
1010	112
1011	93
1012	107
1013	103
1014	99
1015	110
1016	109
1017	107
1018	82
1019	95
1020	91
1021	96
1022	94
1023	93
1024	94
1025	120
1026	113
1027	94
1028	95
1029	114
1030	95
1031	90
1032	113
1033	115
1034	110
1035	122
1036	94
1037	116
1038	108
1039	117
1040	112
1041	101
1042	94
1043	92
1044	86
1045	73
1046	105
1047	98
1048	96
1049	100
1050	105
1051	103
1052	121
1053	101
1054	114
1055	106
1056	82
1057	98
1058	100
1059	98
1060	119
1061	90
1062	84
1063	96
1064	88
1065	102
1066	96
1067	121
1068	84
1069	97
1070	85
1071	106
1072	99
1073	102
1074	103
1075	91
1076	117
1077	88
1078	105
1079	98
1080	116
1081	106
1082	101
1083	118
1084	79
1085	95
1086	99
1087	109
1088	103
1089	109
1090	123
1091	113
1092	97
1093	87
1094	102
1095	114
1096	106
1097	91
1098	101
1099	101
1100	80
1101	98
1102	95
1103	80
1104	100
1105	85
1106	99
1107	101
1108	90
1109	86
1110	94
1111	99
1112	85
1113	103
1114	106
1115	82
1116	87
1117	84
1118	103
1119	84
1120	105
1121	105
1122	94
1123	91
1124	90
1125	112
1126	83
1127	82
1128	96
1129	84
1130	98
1131	86
1132	104
1133	75
1134	84
1135	92
1136	111
1137	98
1138	107
1139	94
1140	79
1141	78
1142	94
1143	93
1144	88
1145	82
1146	115
1147	79
1148	91
1149	87
1150	82
1151	94
1152	81
1153	108
1154	68
1155	89
1156	92
1157	78
1158	81
1159	74
1160	68
1161	93
1162	73
1163	88
1164	95
1165	90
1166	103
1167	107
1168	78
1169	87
1170	88
1171	98
1172	94
1173	83
1174	89
1175	98
1176	83
1177	95
1178	94
1179	94
1180	69
1181	88
1182	91
1183	97
1184	117
1185	86
1186	105
1187	80
1188	74
1189	93
1190	92
1191	89
1192	80
1193	92
1194	110
1195	89
1196	83
1197	108
1198	80
1199	87
1200	94
1201	91
1202	82
1203	81
1204	81
1205	72
1206	101
1207	81
1208	83
1209	92
1210	93
1211	86
1212	74
1213	89
1214	89
1215	86
1216	99
1217	72
1218	84
1219	88
1220	84
1221	81
1222	96
1223	93
1224	87
1225	90
1226	82
1227	90
1228	84
1229	87
1230	104
1231	77
1232	82
1233	97
1234	80
1235	108
1236	107
1237	88
1238	82
1239	80
1240	107
1241	81
1242	99
1243	85
1244	96
1245	87
1246	92
1247	92
1248	93
1249	89
1250	91
1251	81
1252	89
1253	85
1254	76
1255	97
1256	97
1257	104
1258	83
1259	97
1260	78
1261	98
1262	101
1263	87
1264	84
1265	81
1266	67
1267	87
1268	94
1269	99
1270	91
1271	106
1272	94
1273	99
1274	81
1275	73
1276	83
1277	77
1278	74
1279	65
1280	77
1281	83
1282	85
1283	65
1284	77
1285	69
1286	75
1287	68
1288	71
1289	80
1290	78
1291	87
1292	86
1293	78
1294	90
1295	80
1296	85
1297	92
1298	89
1299	90
1300	80
1301	79
1302	80
1303	82
1304	110
1305	86
1306	91
1307	81
1308	78
1309	72
1310	71
1311	89
1312	79
1313	72
1314	76
1315	58
1316	87
1317	88
1318	73
1319	69
1320	70
1321	81
1322	80
1323	81
1324	75
1325	78
1326	90
1327	60
1328	93
1329	89
1330	89
1331	79
1332	75
1333	82
1334	74
1335	85
1336	70
1337	87
1338	77
1339	70
1340	77
1341	72
1342	81
1343	96
1344	81
1345	102
1346	88
1347	74
1348	83
1349	68
1350	87
1351	85
1352	101
1353	82
1354	69
1355	89
1356	66
1357	77
1358	77
1359	80
1360	90
1361	74
1362	84
1363	69
1364	85
1365	80
1366	74
1367	78
1368	76
1369	80
1370	84
1371	76
1372	81
1373	65
1374	80
1375	80
1376	82
1377	60
1378	76
1379	72
1380	94
1381	83
1382	75
1383	78
1384	76
1385	91
1386	75
1387	69
1388	96
1389	83
1390	80
1391	73
1392	82
1393	63
1394	65
1395	71
1396	92
1397	74
1398	61
1399	76
1400	77
1401	74
1402	77
1403	75
1404	68
1405	102
1406	72
1407	81
1408	75
1409	78
1410	73
1411	82
1412	93
1413	80
1414	85
1415	69
1416	54
1417	65
1418	59
1419	64
1420	56
1421	80
1422	75
1423	74
1424	70
1425	77
1426	76
1427	73
1428	76
1429	86
1430	76
1431	79
1432	93
1433	76
1434	69
1435	57
1436	64
1437	71
1438	74
1439	78
1440	71
1441	75
1442	75
1443	68
1444	72
1445	62
1446	81
1447	70
1448	62
1449	65
1450	86
1451	82
1452	76
1453	77
1454	71
1455	85
1456	63
1457	70
1458	78
1459	70
1460	62
1461	72
1462	75
1463	76
1464	82
1465	72
1466	78
1467	57
1468	75
1469	78
1470	67
1471	75
1472	71
1473	73
1474	76
1475	76
1476	71
1477	75
1478	70
1479	74
1480	65
1481	72
1482	82
1483	71
1484	73
1485	74
1486	69
1487	66
1488	72
1489	76
1490	73
1491	76
1492	74
1493	75
1494	84
1495	62
1496	83
1497	74
1498	72
1499	65
1500	72
1501	65
1502	77
1503	78
1504	70
1505	81
1506	63
1507	78
1508	78
1509	74
1510	79
1511	86
1512	77
1513	76
1514	59
1515	74
1516	74
1517	66
1518	66
1519	86
1520	65
1521	63
1522	76
1523	88
1524	74
1525	74
1526	72
1527	70
1528	71
1529	68
1530	57
1531	73
1532	69
1533	75
1534	62
1535	59
1536	64
1537	77
1538	63
1539	79
1540	72
1541	57
1542	85
1543	68
1544	65
1545	53
1546	60
1547	84
1548	61
1549	70
1550	90
1551	71
1552	66
1553	76
1554	82
1555	86
1556	66
1557	71
1558	76
1559	66
1560	80
1561	65
1562	81
1563	62
1564	74
1565	77
1566	79
1567	68
1568	76
1569	72
1570	64
1571	78
1572	68
1573	61
1574	76
1575	60
1576	62
1577	67
1578	74
1579	69
1580	81
1581	64
1582	83
1583	53
1584	65
1585	71
1586	69
1587	58
1588	65
1589	67
1590	76
1591	78
1592	60
1593	56
1594	56
1595	73
1596	78
1597	69
1598	74
1599	71
1600	63
1601	65
1602	57
1603	60
1604	67
1605	68
1606	66
1607	57
1608	67
1609	70
1610	76
1611	71
1612	78
1613	68
1614	67
1615	74
1616	61
1617	63
1618	38
1619	64
1620	67
1621	54
1622	57
1623	74
1624	61
1625	63
1626	60
1627	81
1628	72
1629	54
1630	62
1631	67
1632	66
1633	62
1634	78
1635	59
1636	57
1637	63
1638	69
1639	73
1640	65
1641	77
1642	64
1643	51
1644	77
1645	61
1646	71
1647	67
1648	77
1649	48
1650	63
1651	59
1652	64
1653	63
1654	77
1655	65
1656	63
1657	60
1658	62
1659	72
1660	65
1661	59
1662	68
1663	48
1664	74
1665	62
1666	58
1667	62
1668	73
1669	50
1670	71
1671	74
1672	72
1673	69
1674	69
1675	70
1676	76
1677	48
1678	68
1679	77
1680	63
1681	69
1682	63
1683	68
1684	74
1685	72
1686	73
1687	66
1688	52
1689	62
1690	63
1691	67
1692	75
1693	65
1694	65
1695	72
1696	53
1697	72
1698	58
1699	58
1700	63
1701	77
1702	68
1703	58
1704	59
1705	65
1706	73
1707	57
1708	70
1709	71
1710	51
1711	60
1712	61
1713	64
1714	51
1715	59
1716	58
1717	53
1718	63
1719	62
1720	67
1721	75
1722	61
1723	77
1724	75
1725	73
1726	67
1727	49
1728	49
1729	67
1730	56
1731	60
1732	62
1733	72
1734	57
1735	74
1736	68
1737	62
1738	62
1739	63
1740	63
1741	65
1742	54
1743	79
1744	80
1745	66
1746	63
1747	68
1748	51
1749	61
1750	63
1751	59
1752	64
1753	59
1754	65
1755	53
1756	71
1757	72
1758	58
1759	60
1760	56
1761	58
1762	52
1763	62
1764	60
1765	62
1766	55
1767	71
1768	53
1769	54
1770	76
1771	70
1772	72
1773	56
1774	47
1775	61
1776	61
1777	66
1778	59
1779	64
1780	56
1781	70
1782	48
1783	55
1784	58
1785	52
1786	74
1787	69
1788	70
1789	66
1790	56
1791	63
1792	54
1793	47
1794	59
1795	53
1796	63
1797	65
1798	57
1799	71
1800	58
1801	58
1802	59
1803	41
1804	66
1805	60
1806	69
1807	51
1808	64
1809	49
1810	62
1811	66
1812	52
1813	69
1814	59
1815	58
1816	52
1817	47
1818	59
1819	53
1820	66
1821	64
1822	57
1823	53
1824	65
1825	63
1826	65
1827	60
1828	51
1829	69
1830	50
1831	50
1832	49
1833	64
1834	66
1835	60
1836	59
1837	59
1838	65
1839	52
1840	69
1841	51
1842	64
1843	71
1844	73
1845	64
1846	52
1847	60
1848	52
1849	67
1850	53
1851	68
1852	58
1853	55
1854	65
1855	69
1856	60
1857	48
1858	52
1859	67
1860	49
1861	63
1862	72
1863	58
1864	53
1865	43
1866	59
1867	60
1868	61
1869	56
1870	64
1871	46
1872	59
1873	69
1874	61
1875	55
1876	46
1877	62
1878	54
1879	55
1880	51
1881	57
1882	58
1883	58
1884	63
1885	48
1886	52
1887	46
1888	60
1889	54
1890	58
1891	54
1892	54
1893	67
1894	56
1895	58
1896	42
1897	55
1898	57
1899	53
1900	64
1901	60
1902	63
1903	54
1904	57
1905	73
1906	48
1907	61
1908	58
1909	58
1910	57
1911	46
1912	58
1913	54
1914	49
1915	61
1916	49
1917	55
1918	48
1919	47
1920	44
1921	42
1922	61
1923	60
1924	52
1925	57
1926	45
1927	55
1928	60
1929	70
1930	61
1931	60
1932	43
1933	53
1934	71
1935	68
1936	54
1937	51
1938	46
1939	44
1940	63
1941	52
1942	46
1943	50
1944	72
1945	44
1946	47
1947	63
1948	51
1949	53
1950	52
1951	61
1952	68
1953	53
1954	67
1955	55
1956	57
1957	59
1958	52
1959	63
1960	50
1961	59
1962	56
1963	47
1964	66
1965	59
1966	58
1967	81
1968	49
1969	55
1970	44
1971	53
1972	58
1973	50
1974	52
1975	64
1976	47
1977	55
1978	51
1979	56
1980	48
1981	51
1982	61
1983	56
1984	52
1985	65
1986	41
1987	59
1988	45
1989	50
1990	50
1991	60
1992	48
1993	52
1994	52
1995	59
1996	56
1997	60
1998	40
1999	52
2000	64
2001	65
2002	58
2003	53
2004	57
2005	53
2006	47
2007	64
2008	41
2009	43
2010	56
2011	55
2012	57
2013	57
2014	55
2015	46
2016	46
2017	54
2018	48
2019	39
2020	58
2021	45
2022	58
2023	50
2024	42
2025	51
2026	53
2027	40
2028	48
2029	44
2030	35
2031	57
2032	56
2033	46
2034	56
2035	51
2036	45
2037	35
2038	60
2039	46
2040	52
2041	48
2042	50
2043	61
2044	53
2045	48
2046	46
2047	57
2048	43
2049	50
2050	57
2051	53
2052	56
2053	44
2054	55
2055	44
2056	38
2057	59
2058	53
2059	47
2060	40
2061	53
2062	51
2063	53
2064	68
2065	48
2066	52
2067	48
2068	50
2069	50
2070	50
2071	51
2072	50
2073	56
2074	52
2075	60
2076	60
2077	40
2078	53
2079	33
2080	51
2081	56
2082	56
2083	56
2084	41
2085	49
2086	38
2087	45
2088	51
2089	40
2090	37
2091	50
2092	45
2093	41
2094	39
2095	41
2096	39
2097	36
2098	39
2099	60
2100	42
2101	47
2102	58
2103	47
2104	43
2105	47
2106	41
2107	56
2108	39
2109	51
2110	46
2111	60
2112	39
2113	46
2114	43
2115	43
2116	56
2117	35
2118	45
2119	51
2120	52
2121	32
2122	56
2123	39
2124	38
2125	40
2126	47
2127	47
2128	43
2129	40
2130	52
2131	31
2132	43
2133	53
2134	51
2135	45
2136	55
2137	50
2138	49
2139	50
2140	53
2141	56
2142	42
2143	43
2144	51
2145	49
2146	47
2147	56
2148	59
2149	48
2150	43
2151	41
2152	42
2153	37
2154	46
2155	37
2156	46
2157	41
2158	38
2159	30
2160	49
2161	44
2162	46
2163	45
2164	41
2165	35
2166	44
2167	38
2168	44
2169	49
2170	52
2171	45
2172	50
2173	42
2174	37
2175	41
2176	42
2177	35
2178	37
2179	52
2180	51
2181	47
2182	40
2183	45
2184	57
2185	60
2186	33
2187	51
2188	36
2189	43
2190	35
2191	31
2192	41
2193	49
2194	37
2195	54
2196	38
2197	41
2198	53
2199	46
2200	51
2201	40
2202	44
2203	48
2204	43
2205	50
2206	37
2207	36
2208	28
2209	45
2210	41
2211	47
2212	42
2213	41
2214	40
2215	41
2216	44
2217	28
2218	41
2219	33
2220	35
2221	28
2222	40
2223	40
2224	27
2225	33
2226	44
2227	48
2228	38
2229	37
2230	46
2231	49
2232	45
2233	49
2234	27
2235	52
2236	36
2237	36
2238	47
2239	46
2240	48
2241	39
2242	36
2243	37
2244	52
2245	40
2246	48
2247	46
2248	36
2249	33
2250	53
2251	40
2252	33
2253	32
2254	41
2255	45
2256	44
2257	42
2258	35
2259	42
2260	55
2261	34
2262	46
2263	37
2264	45
2265	40
2266	35
2267	36
2268	52
2269	31
2270	36
2271	40
2272	45
2273	33
2274	39
2275	44
2276	29
2277	45
2278	46
2279	47
2280	39
2281	39
2282	25
2283	39
2284	37
2285	40
2286	48
2287	42
2288	32
2289	39
2290	48
2291	32
2292	34
2293	37
2294	41
2295	37
2296	44
2297	42
2298	39
2299	44
2300	42
2301	37
2302	38
2303	45
2304	37
2305	30
2306	32
2307	36
2308	43
2309	39
2310	32
2311	34
2312	33
2313	27
2314	46
2315	36
2316	27
2317	45
2318	33
2319	43
2320	34
2321	45
2322	37
2323	27
2324	38
2325	37
2326	26
2327	34
2328	33
2329	32
2330	37
2331	40
2332	33
2333	39
2334	37
2335	31
2336	40
2337	40
2338	36
2339	21
2340	43
2341	42
2342	34
2343	46
2344	35
2345	25
2346	40
2347	43
2348	27
2349	51
2350	35
2351	48
2352	30
2353	37
2354	32
2355	34
2356	39
2357	34
2358	42
2359	30
2360	43
2361	39
2362	33
2363	45
2364	27
2365	37
2366	46
2367	43
2368	48
2369	38
2370	38
2371	40
2372	38
2373	40
2374	37
2375	32
2376	44
2377	39
2378	37
2379	47
2380	35
2381	29
2382	35
2383	38
2384	28
2385	45
2386	47
2387	38
2388	40
2389	45
2390	34
2391	33
2392	35
2393	39
2394	50
2395	41
2396	44
2397	41
2398	38
2399	39
2400	36
2401	28
2402	26
2403	43
2404	26
2405	37
2406	41
2407	33
2408	35
2409	33
2410	38
2411	36
2412	37
2413	40
2414	33
2415	31
2416	38
2417	38
2418	42
2419	40
2420	40
2421	43
2422	38
2423	33
2424	37
2425	40
2426	38
2427	42
2428	29
2429	44
2430	29
2431	37
2432	39
2433	45
2434	36
2435	39
2436	43
2437	34
2438	39
2439	36
2440	35
2441	41
2442	41
2443	46
2444	47
2445	40
2446	45
2447	26
2448	40
2449	46
2450	32
2451	48
2452	37
2453	28
2454	55
2455	39
2456	40
2457	40
2458	38
2459	37
2460	39
2461	40
2462	46
2463	39
2464	34
2465	30
2466	48
2467	42
2468	29
2469	39
2470	43
2471	31
2472	45
2473	40
2474	40
2475	41
2476	44
2477	47
2478	44
2479	35
2480	38
2481	38
2482	46
2483	52
2484	46
2485	38
2486	40
2487	41
2488	50
2489	53
2490	36
2491	36
2492	39
2493	38
2494	43
2495	43
2496	42
2497	47
2498	45
2499	37
2500	48
2501	38
2502	35
2503	31
2504	35
2505	35
2506	53
2507	38
2508	46
2509	45
2510	46
2511	46
2512	36
2513	41
2514	43
2515	28
2516	49
2517	46
2518	44
2519	42
2520	46
2521	34
2522	39
2523	44
2524	35
2525	40
2526	50
2527	37
2528	47
2529	46
2530	52
2531	35
2532	44
2533	37
2534	40
2535	50
2536	45
2537	40
2538	38
2539	37
2540	42
2541	49
2542	41
2543	51
2544	45
2545	34
2546	50
2547	38
2548	44
2549	46
2550	39
2551	41
2552	47
2553	49
2554	50
2555	50
2556	41
2557	46
2558	47
2559	49
2560	45
2561	46
2562	50
2563	49
2564	44
2565	53
2566	46
2567	45
2568	55
2569	54
2570	38
2571	37
2572	39
2573	39
2574	48
2575	58
2576	48
2577	37
2578	57
2579	48
2580	57
2581	52
2582	47
2583	44
2584	38
2585	50
2586	59
2587	60
2588	47
2589	50
2590	42
2591	52
2592	55
2593	48
2594	45
2595	44
2596	50
2597	56
2598	59
2599	47
2600	62
2601	59
2602	56
2603	60
2604	56
2605	56
2606	53
2607	53
2608	57
2609	60
2610	61
2611	40
2612	57
2613	67
2614	50
2615	54
2616	51
2617	51
2618	65
2619	55
2620	62
2621	54
2622	54
2623	64
2624	59
2625	48
2626	59
2627	56
2628	58
2629	57
2630	53
2631	48
2632	55
2633	42
2634	53
2635	60
2636	54
2637	60
2638	50
2639	59
2640	58
2641	59
2642	50
2643	51
2644	45
2645	54
2646	58
2647	69
2648	64
2649	66
2650	50
2651	52
2652	63
2653	52
2654	59
2655	51
2656	69
2657	67
2658	60
2659	64
2660	65
2661	74
2662	59
2663	49
2664	65
2665	65
2666	61
2667	55
2668	51
2669	62
2670	52
2671	60
2672	70
2673	58
2674	59
2675	66
2676	64
2677	69
2678	63
2679	62
2680	68
2681	59
2682	68
2683	65
2684	59
2685	54
2686	73
2687	53
2688	72
2689	68
2690	68
2691	68
2692	71
2693	59
2694	62
2695	70
2696	66
2697	57
2698	69
2699	60
2700	66
2701	76
2702	58
2703	84
2704	70
2705	59
2706	74
2707	69
2708	75
2709	74
2710	71
2711	69
2712	63
2713	52
2714	66
2715	88
2716	64
2717	70
2718	60
2719	77
2720	83
2721	81
2722	89
2723	84
2724	61
2725	63
2726	76
2727	66
2728	62
2729	68
2730	74
2731	72
2732	62
2733	90
2734	73
2735	75
2736	88
2737	72
2738	92
2739	85
2740	67
2741	81
2742	70
2743	73
2744	76
2745	69
2746	77
2747	88
2748	66
2749	73
2750	77
2751	69
2752	74
2753	75
2754	87
2755	94
2756	75
2757	77
2758	83
2759	74
2760	65
2761	79
2762	84
2763	83
2764	77
2765	78
2766	78
2767	71
2768	83
2769	92
2770	62
2771	81
2772	94
2773	72
2774	64
2775	80
2776	79
2777	77
2778	80
2779	77
2780	90
2781	90
2782	72
2783	78
2784	71
2785	99
2786	87
2787	63
2788	80
2789	77
2790	78
2791	74
2792	83
2793	99
2794	76
2795	87
2796	80
2797	86
2798	89
2799	103
2800	89
2801	77
2802	92
2803	73
2804	91
2805	87
2806	81
2807	83
2808	97
2809	88
2810	74
2811	69
2812	87
2813	92
2814	85
2815	77
2816	80
2817	106
2818	94
2819	83
2820	91
2821	83
2822	84
2823	86
2824	97
2825	69
2826	95
2827	70
2828	92
2829	85
2830	85
2831	89
2832	81
2833	88
2834	88
2835	79
2836	87
2837	94
2838	93
2839	81
2840	94
2841	90
2842	83
2843	97
2844	88
2845	76
2846	84
2847	77
2848	77
2849	90
2850	93
2851	95
2852	103
2853	87
2854	100
2855	90
2856	86
2857	76
2858	63
2859	81
2860	87
2861	103
2862	90
2863	87
2864	102
2865	84
2866	100
2867	99
2868	85
2869	98
2870	83
2871	70
2872	78
2873	86
2874	75
2875	70
2876	96
2877	86
2878	98
2879	88
2880	88
2881	105
2882	89
2883	87
2884	88
2885	95
2886	98
2887	95
2888	87
2889	96
2890	88
2891	86
2892	88
2893	72
2894	90
2895	91
2896	99
2897	107
2898	103
2899	112
2900	97
2901	101
2902	103
2903	97
2904	95
2905	90
2906	86
2907	81
2908	106
2909	113
2910	98
2911	93
2912	106
2913	97
2914	100
2915	101
2916	96
2917	88
2918	93
2919	110
2920	94
2921	102
2922	82
2923	87
2924	96
2925	83
2926	91
2927	93
2928	96
2929	95
2930	82
2931	80
2932	77
2933	104
2934	85
2935	99
2936	81
2937	102
2938	100
2939	102
2940	106
2941	82
2942	108
2943	95
2944	94
2945	105
2946	99
2947	73
2948	98
2949	93
2950	84
2951	75
2952	92
2953	95
2954	98
2955	82
2956	96
2957	96
2958	96
2959	87
2960	86
2961	98
2962	78
2963	102
2964	87
2965	103
2966	95
2967	85
2968	89
2969	92
2970	100
2971	91
2972	92
2973	88
2974	92
2975	86
2976	96
2977	86
2978	99
2979	90
2980	86
2981	101
2982	89
2983	103
2984	109
2985	87
2986	85
2987	77
2988	89
2989	107
2990	95
2991	84
2992	101
2993	86
2994	83
2995	94
2996	105
2997	97
2998	77
2999	96
3000	77
3001	91
3002	79
3003	96
3004	92
3005	86
3006	80
3007	74
3008	91
3009	101
3010	82
3011	88
3012	83
3013	105
3014	85
3015	90
3016	93
3017	94
3018	104
3019	89
3020	79
3021	91
3022	96
3023	99
3024	85
3025	83
3026	78
3027	83
3028	84
3029	93
3030	68
3031	79
3032	100
3033	85
3034	89
3035	100
3036	98
3037	110
3038	92
3039	87
3040	95
3041	78
3042	70
3043	87
3044	87
3045	90
3046	93
3047	71
3048	83
3049	70
3050	88
3051	81
3052	83
3053	81
3054	77
3055	90
3056	84
3057	93
3058	99
3059	92
3060	76
3061	82
3062	91
3063	78
3064	78
3065	93
3066	84
3067	83
3068	104
3069	91
3070	99
3071	84
3072	76
3073	71
3074	98
3075	76
3076	84
3077	91
3078	78
3079	74
3080	90
3081	96
3082	77
3083	78
3084	69
3085	74
3086	79
3087	68
3088	73
3089	63
3090	80
3091	71
3092	78
3093	65
3094	77
3095	75
3096	85
3097	89
3098	53
3099	85
3100	98
3101	81
3102	75
3103	72
3104	75
3105	86
3106	61
3107	94
3108	88
3109	79
3110	61
3111	69
3112	66
3113	67
3114	74
3115	67
3116	67
3117	76
3118	65
3119	55
3120	93
3121	72
3122	72
3123	60
3124	73
3125	63
3126	81
3127	70
3128	68
3129	83
3130	82
3131	65
3132	69
3133	92
3134	64
3135	65
3136	67
3137	76
3138	72
3139	75
3140	60
3141	70
3142	69
3143	58
3144	67
3145	64
3146	71
3147	70
3148	58
3149	62
3150	71
3151	63
3152	67
3153	78
3154	72
3155	59
3156	68
3157	54
3158	70
3159	65
3160	58
3161	63
3162	60
3163	57
3164	66
3165	55
3166	61
3167	57
3168	72
3169	73
3170	75
3171	76
3172	69
3173	58
3174	67
3175	74
3176	73
3177	74
3178	76
3179	70
3180	63
3181	58
3182	63
3183	76
3184	58
3185	74
3186	55
3187	44
3188	51
3189	52
3190	56
3191	61
3192	70
3193	61
3194	51
3195	62
3196	71
3197	64
3198	65
3199	68
3200	61
3201	64
3202	64
3203	52
3204	75
3205	66
3206	57
3207	66
3208	55
3209	44
3210	44
3211	43
3212	64
3213	56
3214	52
3215	46
3216	52
3217	57
3218	50
3219	47
3220	54
3221	50
3222	52
3223	54
3224	74
3225	46
3226	52
3227	45
3228	55
3229	57
3230	49
3231	48
3232	58
3233	51
3234	61
3235	60
3236	36
3237	57
3238	44
3239	59
3240	66
3241	51
3242	49
3243	62
3244	52
3245	36
3246	44
3247	45
3248	39
3249	46
3250	61
3251	49
3252	61
3253	53
3254	46
3255	39
3256	49
3257	50
3258	51
3259	60
3260	43
3261	42
3262	43
3263	35
3264	44
3265	40
3266	42
3267	54
3268	60
3269	41
3270	40
3271	46
3272	47
3273	36
3274	53
3275	40
3276	39
3277	36
3278	50
3279	46
3280	46
3281	31
3282	44
3283	41
3284	53
3285	50
3286	40
3287	37
3288	46
3289	40
3290	44
3291	41
3292	42
3293	39
3294	38
3295	37
3296	43
3297	41
3298	43
3299	43
3300	44
3301	36
3302	35
3303	38
3304	37
3305	38
3306	33
3307	40
3308	36
3309	49
3310	29
3311	36
3312	38
3313	45
3314	43
3315	34
3316	17
3317	50
3318	27
3319	35
3320	35
3321	32
3322	28
3323	28
3324	46
3325	35
3326	36
3327	33
3328	32
3329	33
3330	30
3331	39
3332	32
3333	36
3334	36
3335	43
3336	26
3337	33
3338	28
3339	28
3340	27
3341	38
3342	29
3343	26
3344	28
3345	33
3346	29
3347	31
3348	35
3349	31
3350	35
3351	35
3352	40
3353	23
3354	32
3355	27
3356	34
3357	31
3358	26
3359	30
3360	24
3361	27
3362	27
3363	24
3364	33
3365	21
3366	20
3367	42
3368	20
3369	36
3370	35
3371	34
3372	35
3373	39
3374	39
3375	27
3376	27
3377	31
3378	26
3379	34
3380	33
3381	31
3382	26
3383	27
3384	20
3385	22
3386	21
3387	33
3388	19
3389	22
3390	28
3391	25
3392	26
3393	34
3394	24
3395	29
3396	18
3397	20
3398	20
3399	25
3400	19
3401	25
3402	27
3403	26
3404	27
3405	25
3406	18
3407	19
3408	19
3409	20
3410	21
3411	32
3412	25
3413	21
3414	25
3415	16
3416	13
3417	26
3418	12
3419	23
3420	32
3421	21
3422	23
3423	16
3424	16
3425	18
3426	15
3427	17
3428	24
3429	14
3430	22
3431	16
3432	22
3433	17
3434	18
3435	17
3436	20
3437	16
3438	14
3439	13
3440	20
3441	25
3442	23
3443	18
3444	23
3445	17
3446	19
3447	23
3448	25
3449	23
3450	16
3451	19
3452	16
3453	24
3454	15
3455	21
3456	16
3457	26
3458	13
3459	17
3460	21
3461	18
3462	15
3463	25
3464	14
3465	16
3466	20
3467	12
3468	19
3469	14
3470	14
3471	12
3472	13
3473	21
3474	14
3475	14
3476	11
3477	21
3478	8
3479	12
3480	19
3481	22
3482	9
3483	12
3484	20
3485	20
3486	14
3487	10
3488	14
3489	13
3490	14
3491	24
3492	12
3493	19
3494	12
3495	14
3496	17
3497	7
3498	9
3499	15
3500	14
3501	8
3502	10
3503	10
3504	12
3505	15
3506	10
3507	15
3508	16
3509	17
3510	13
3511	10
3512	11
3513	11
3514	14
3515	11
3516	11
3517	13
3518	12
3519	12
3520	16
3521	10
3522	16
3523	12
3524	11
3525	8
3526	13
3527	4
3528	9
3529	13
3530	13
3531	11
3532	18
3533	9
3534	9
3535	8
3536	12
3537	10
3538	14
3539	10
3540	9
3541	10
3542	14
3543	12
3544	12
3545	12
3546	8
3547	16
3548	17
3549	12
3550	13
3551	9
3552	13
3553	8
3554	14
3555	11
3556	10
3557	9
3558	3
3559	13
3560	8
3561	7
3562	7
3563	9
3564	16
3565	10
3566	10
3567	7
3568	6
3569	12
3570	10
3571	16
3572	6
3573	9
3574	6
3575	10
3576	14
3577	7
3578	12
3579	7
3580	10
3581	10
3582	10
3583	10
3584	11
3585	12
3586	3
3587	4
3588	6
3589	9
3590	8
3591	9
3592	6
3593	6
3594	5
3595	7
3596	6
3597	10
3598	5
3599	7
3600	4
3601	5
3602	8
3603	7
3604	6
3605	7
3606	5
3607	6
3608	10
3609	11
3610	6
3611	2
3612	9
3613	8
3614	4
3615	6
3616	7
3617	5
3618	8
3619	6
3620	5
3621	6
3622	9
3623	5
3624	6
3625	7
3626	8
3627	0
3628	7
3629	10
3630	5
3631	6
3632	15
3633	6
3634	7
3635	6
3636	4
3637	3
3638	7
3639	6
3640	2
3641	7
3642	6
3643	2
3644	4
3645	8
3646	11
3647	5
3648	6
3649	3
3650	3
3651	4
3652	4
3653	7
3654	4
3655	5
3656	3
3657	5
3658	0
3659	8
3660	4
3661	5
3662	5
3663	8
3664	3
3665	3
3666	2
3667	5
3668	10
3669	5
3670	3
3671	6
3672	3
3673	4
3674	0
3675	5
3676	5
3677	2
3678	3
3679	8
3680	6
3681	6
3682	5
3683	4
3684	4
3685	8
3686	5
3687	0
3688	1
3689	3
3690	2
3691	5
3692	4
3693	7
3694	8
3695	2
3696	4
3697	4
3698	5
3699	4
3700	5
3701	3
3702	5
3703	9
3704	4
3705	7
3706	5
3707	0
3708	5
3709	2
3710	6
3711	4
3712	1
3713	2
3714	2
3715	1
3716	2
3717	0
3718	3
3719	8
3720	4
3721	2
3722	2
3723	2
3724	2
3725	2
3726	1
3727	7
3728	5
3729	4
3730	4
3731	2
3732	4
3733	3
3734	4
3735	2
3736	3
3737	2
3738	1
3739	3
3740	3
3741	2
3742	3
3743	3
3744	4
3745	3
3746	2
3747	6
3748	0
3749	2
3750	5
3751	1
3752	4
3753	5
3754	4
3755	3
3756	3
3757	3
3758	0
3759	0
3760	3
3761	1
3762	2
3763	1
3764	6
3765	1
3766	4
3767	2
3768	1
3769	3
3770	1
3771	5
3772	4
3773	0
3774	2
3775	4
3776	6
3777	2
3778	2
3779	1
3780	1
3781	4
3782	2
3783	0
3784	1
3785	2
3786	1
3787	2
3788	1
3789	0
3790	4
3791	3
3792	1
3793	0
3794	1
3795	6
3796	0
3797	0
3798	4
3799	3
3800	2
3801	3
3802	0
3803	1
3804	2
3805	1
3806	1
3807	3
3808	1
3809	6
3810	0
3811	3
3812	3
3813	0
3814	2
3815	3
3816	1
3817	4
3818	1
3819	4
3820	1
3821	0
3822	2
3823	0
3824	1
3825	1
3826	3
3827	3
3828	0
3829	1
3830	1
3831	1
3832	1
3833	1
3834	0
3835	4
3836	1
3837	1
3838	2
3839	2
3840	0
3841	0
3842	1
3843	1
3844	0
3845	1
3846	1
3847	1
3848	0
3849	0
3850	0
3851	0
3852	3
3853	1
3854	1
3855	0
3856	0
3857	0
3858	2
3859	2
3860	4
3861	0
3862	1
3863	0
3864	4
3865	4
3866	1
3867	0
3868	0
3869	0
3870	0
3871	1
3872	1
3873	0
3874	0
3875	3
3876	0
3877	0
3878	1
3879	0
3880	0
3881	0
3882	1
3883	1
3884	1
3885	1
3886	1
3887	1
3888	0
3889	3
3890	0
3891	0
3892	0
3893	1
3894	1
3895	1
3896	1
3897	1
3898	2
3899	2
3900	2
3901	1
3902	1
3903	0
3904	2
3905	0
3906	0
3907	1
3908	0
3909	0
3910	1
3911	0
3912	1
3913	0
3914	0
3915	0
3916	0
3917	1
3918	0
3919	0
3920	2
3921	5
3922	0
3923	0
3924	1
3925	1
3926	0
3927	2
3928	0
3929	0
3930	0
3931	0
3932	1
3933	0
3934	0
3935	1
3936	0
3937	0
3938	1
3939	1
3940	0
3941	0
3942	1
3943	0
3944	2
3945	0
3946	2
3947	0
3948	1
3949	0
3950	0
3951	0
3952	3
3953	0
3954	0
3955	1
3956	0
3957	0
3958	1
3959	0
3960	0
3961	0
3962	1
3963	1
3964	1
3965	0
3966	0
3967	0
3968	3
3969	0
3970	0
3971	0
3972	0
3973	1
3974	0
3975	1
3976	1
3977	3
3978	1
3979	1
3980	0
3981	0
3982	0
3983	0
3984	1
3985	0
3986	0
3987	1
3988	1
3989	1
3990	1
3991	1
3992	0
3993	1
3994	0
3995	0
3996	1
3997	1
3998	0
3999	0
4000	0
4001	0
4002	0
4003	0
4004	0
4005	0
4006	0
4007	0
4008	0
4009	0
4010	0
4011	1
4012	0
4013	0
4014	0
4015	0
4016	1
4017	0
4018	0
4019	1
4020	0
4021	1
4022	2
4023	0
4024	0
4025	0
4026	0
4027	0
4028	0
4029	0
4030	0
4031	1
4032	1
4033	0
4034	0
4035	0
4036	1
4037	0
4038	1
4039	0
4040	1
4041	0
4042	1
4043	0
4044	0
4045	1
4046	1
4047	0
4048	0
4049	0
4050	0
4051	0
4052	0
4053	1
4054	0
4055	0
4056	1
4057	1
4058	0
4059	1
4060	0
4061	0
4062	0
4063	1
4064	0
4065	1
4066	1
4067	1
4068	1
4069	0
4070	0
4071	0
4072	0
4073	0
4074	0
4075	1
4076	1
4077	0
4078	0
4079	0
4080	2
4081	0
4082	0
4083	0
4084	1
4085	0
4086	0
4087	1
4088	0
4089	0
4090	0
4091	1
4092	0
4093	0
4094	0
4095	2
