0	0
1	0
2	0
3	0
4	0
5	0
6	0
7	0
8	0
9	0
10	0
11	0
12	0
13	0
14	0
15	0
16	0
17	0
18	0
19	0
20	0
21	0
22	0
23	0
24	0
25	0
26	0
27	0
28	0
29	0
30	0
31	0
32	0
33	1
34	0
35	0
36	1
37	2
38	0
39	1
40	3
41	2
42	0
43	1
44	0
45	2
46	4
47	2
48	1
49	2
50	1
51	2
52	4
53	7
54	6
55	6
56	5
57	5
58	1
59	6
60	7
61	13
62	61
63	172
64	228
65	188
66	154
67	114
68	106
69	89
70	60
71	79
72	61
73	47
74	44
75	56
76	45
77	31
78	34
79	48
80	31
81	30
82	38
83	23
84	25
85	40
86	27
87	29
88	42
89	28
90	36
91	27
92	35
93	24
94	31
95	30
96	40
97	33
98	31
99	35
100	26
101	37
102	43
103	30
104	23
105	30
106	46
107	28
108	41
109	34
110	25
111	30
112	21
113	30
114	24
115	27
116	24
117	26
118	19
119	29
120	32
121	29
122	20
123	30
124	23
125	28
126	28
127	31
128	28
129	34
130	30
131	29
132	24
133	39
134	26
135	27
136	36
137	26
138	24
139	33
140	39
141	37
142	37
143	30
144	27
145	31
146	32
147	31
148	28
149	38
150	32
151	32
152	24
153	36
154	41
155	29
156	30
157	21
158	30
159	33
160	36
161	20
162	28
163	31
164	37
165	34
166	23
167	24
168	31
169	31
170	32
171	15
172	32
173	36
174	31
175	29
176	30
177	28
178	29
179	18
180	36
181	38
182	31
183	35
184	26
185	30
186	20
187	37
188	28
189	19
190	33
191	25
192	26
193	27
194	28
195	16
196	29
197	23
198	33
199	25
200	32
201	23
202	38
203	26
204	30
205	38
206	19
207	39
208	25
209	28
210	35
211	26
212	30
213	22
214	31
215	22
216	31
217	32
218	34
219	25
220	24
221	33
222	37
223	38
224	28
225	26
226	23
227	26
228	19
229	28
230	29
231	26
232	26
233	26
234	31
235	22
236	24
237	28
238	26
239	24
240	32
241	28
242	22
243	26
244	30
245	31
246	32
247	37
248	24
249	22
250	40
251	33
252	19
253	15
254	30
255	29
256	27
257	37
258	35
259	33
260	19
261	21
262	36
263	30
264	25
265	34
266	41
267	27
268	31
269	30
270	24
271	34
272	33
273	19
274	25
275	36
276	25
277	38
278	41
279	35
280	34
281	40
282	32
283	32
284	27
285	27
286	40
287	33
288	42
289	33
290	29
291	35
292	26
293	28
294	32
295	29
296	36
297	49
298	32
299	34
300	47
301	37
302	26
303	38
304	41
305	40
306	25
307	34
308	30
309	37
310	33
311	39
312	31
313	30
314	37
315	33
316	34
317	31
318	34
319	34
320	38
321	38
322	34
323	40
324	34
325	37
326	39
327	46
328	36
329	41
330	48
331	38
332	34
333	30
334	42
335	44
336	36
337	41
338	50
339	36
340	34
341	41
342	42
343	31
344	35
345	38
346	50
347	49
348	41
349	40
350	49
351	52
352	47
353	51
354	29
355	36
356	41
357	48
358	42
359	38
360	34
361	36
362	40
363	40
364	51
365	47
366	47
367	50
368	50
369	43
370	39
371	54
372	50
373	37
374	50
375	59
376	51
377	50
378	57
379	53
380	51
381	58
382	62
383	42
384	53
385	39
386	47
387	47
388	58
389	40
390	68
391	44
392	57
393	57
394	43
395	49
396	47
397	45
398	70
399	46
400	58
401	41
402	50
403	51
404	53
405	42
406	49
407	49
408	47
409	46
410	50
411	62
412	63
413	44
414	60
415	51
416	50
417	57
418	53
419	58
420	54
421	39
422	55
423	52
424	50
425	57
426	44
427	49
428	59
429	52
430	49
431	59
432	49
433	53
434	57
435	50
436	56
437	50
438	66
439	70
440	48
441	51
442	41
443	66
444	55
445	73
446	57
447	63
448	59
449	60
450	43
451	51
452	54
453	49
454	43
455	57
456	48
457	54
458	54
459	51
460	44
461	47
462	53
463	48
464	43
465	45
466	48
467	43
468	49
469	45
470	54
471	41
472	53
473	47
474	55
475	52
476	42
477	39
478	27
479	48
480	51
481	59
482	46
483	49
484	41
485	44
486	35
487	31
488	47
489	34
490	38
491	52
492	52
493	29
494	38
495	31
496	61
497	47
498	47
499	53
500	51
501	35
502	44
503	48
504	35
505	40
506	34
507	44
508	40
509	55
510	38
511	41
512	49
513	51
514	52
515	46
516	45
517	40
518	43
519	32
520	35
521	35
522	32
523	49
524	41
525	47
526	34
527	44
528	32
529	40
530	43
531	38
532	45
533	34
534	26
535	43
536	48
537	41
538	35
539	38
540	35
541	36
542	26
543	35
544	50
545	44
546	45
547	42
548	29
549	39
550	48
551	41
552	36
553	43
554	36
555	38
556	44
557	39
558	39
559	43
560	28
561	29
562	35
563	42
564	26
565	34
566	33
567	35
568	41
569	32
570	31
571	33
572	29
573	36
574	28
575	35
576	35
577	37
578	29
579	52
580	39
581	38
582	39
583	44
584	31
585	32
586	30
587	30
588	31
589	33
590	48
591	34
592	36
593	38
594	33
595	34
596	52
597	37
598	38
599	40
600	38
601	35
602	31
603	29
604	32
605	37
606	46
607	27
608	28
609	40
610	32
611	39
612	30
613	42
614	45
615	43
616	41
617	35
618	31
619	38
620	44
621	37
622	33
623	31
624	37
625	34
626	45
627	33
628	34
629	43
630	33
631	43
632	48
633	36
634	56
635	31
636	35
637	36
638	33
639	32
640	36
641	41
642	34
643	37
644	42
645	45
646	42
647	37
648	48
649	50
650	30
651	49
652	39
653	28
654	40
655	28
656	36
657	38
658	37
659	37
660	53
661	46
662	44
663	31
664	41
665	34
666	42
667	44
668	31
669	40
670	34
671	45
672	39
673	57
674	33
675	35
676	30
677	39
678	46
679	38
680	43
681	42
682	42
683	39
684	29
685	44
686	29
687	50
688	41
689	34
690	41
691	33
692	46
693	44
694	40
695	44
696	37
697	32
698	48
699	36
700	38
701	41
702	35
703	31
704	51
705	51
706	38
707	44
708	44
709	46
710	38
711	39
712	37
713	46
714	36
715	37
716	36
717	57
718	54
719	34
720	40
721	54
722	33
723	42
724	50
725	41
726	36
727	38
728	45
729	49
730	43
731	36
732	46
733	31
734	39
735	48
736	62
737	38
738	42
739	39
740	35
741	48
742	51
743	38
744	36
745	48
746	41
747	40
748	39
749	46
750	61
751	35
752	45
753	53
754	60
755	42
756	67
757	41
758	33
759	45
760	49
761	47
762	39
763	37
764	39
765	43
766	40
767	45
768	51
769	55
770	52
771	46
772	38
773	40
774	41
775	48
776	44
777	51
778	54
779	36
780	49
781	43
782	51
783	53
784	35
785	35
786	41
787	47
788	48
789	57
790	44
791	45
792	57
793	38
794	46
795	48
796	49
797	52
798	41
799	54
800	60
801	42
802	56
803	49
804	46
805	40
806	38
807	61
808	39
809	35
810	44
811	55
812	41
813	51
814	45
815	43
816	51
817	44
818	50
819	52
820	59
821	52
822	44
823	33
824	63
825	35
826	40
827	55
828	35
829	38
830	46
831	49
832	49
833	45
834	53
835	60
836	56
837	39
838	48
839	39
840	63
841	46
842	46
843	54
844	41
845	52
846	40
847	45
848	55
849	33
850	45
851	46
852	42
853	56
854	42
855	63
856	40
857	61
858	39
859	48
860	56
861	46
862	43
863	42
864	50
865	47
866	59
867	52
868	49
869	60
870	53
871	44
872	65
873	53
874	46
875	43
876	40
877	49
878	38
879	42
880	63
881	52
882	51
883	51
884	38
885	50
886	44
887	56
888	49
889	48
890	53
891	49
892	43
893	49
894	53
895	44
896	47
897	52
898	49
899	40
900	51
901	56
902	45
903	51
904	58
905	56
906	46
907	55
908	37
909	47
910	52
911	48
912	59
913	63
914	51
915	52
916	65
917	48
918	43
919	62
920	58
921	55
922	50
923	54
924	58
925	59
926	43
927	41
928	48
929	59
930	56
931	43
932	53
933	55
934	50
935	62
936	59
937	67
938	61
939	51
940	50
941	66
942	47
943	53
944	48
945	54
946	48
947	40
948	57
949	47
950	32
951	63
952	51
953	59
954	43
955	44
956	59
957	46
958	40
959	33
960	49
961	51
962	53
963	50
964	43
965	52
966	49
967	51
968	48
969	61
970	54
971	53
972	48
973	46
974	49
975	56
976	50
977	54
978	48
979	54
980	58
981	67
982	56
983	63
984	51
985	44
986	46
987	72
988	47
989	61
990	56
991	41
992	51
993	72
994	40
995	46
996	31
997	68
998	47
999	60
1000	52
1001	52
1002	52
1003	44
1004	40
1005	62
1006	52
1007	57
1008	49
1009	37
1010	41
1011	60
1012	46
1013	51
1014	59
1015	48
1016	64
1017	41
1018	50
1019	49
1020	49
1021	47
1022	41
1023	43
1024	44
1025	53
1026	41
1027	55
1028	43
1029	51
1030	45
1031	55
1032	59
1033	46
1034	56
1035	54
1036	39
1037	39
1038	46
1039	46
1040	52
1041	53
1042	54
1043	43
1044	48
1045	53
1046	53
1047	50
1048	50
1049	64
1050	51
1051	33
1052	58
1053	45
1054	47
1055	41
1056	46
1057	51
1058	55
1059	52
1060	44
1061	46
1062	55
1063	56
1064	56
1065	34
1066	58
1067	50
1068	57
1069	64
1070	70
1071	59
1072	58
1073	57
1074	44
1075	62
1076	42
1077	49
1078	44
1079	53
1080	53
1081	48
1082	34
1083	60
1084	53
1085	47
1086	50
1087	66
1088	49
1089	53
1090	42
1091	40
1092	58
1093	45
1094	49
1095	42
1096	55
1097	54
1098	51
1099	50
1100	52
1101	45
1102	42
1103	51
1104	49
1105	52
1106	59
1107	48
1108	41
1109	62
1110	47
1111	47
1112	39
1113	64
1114	48
1115	48
1116	49
1117	49
1118	72
1119	50
1120	44
1121	46
1122	54
1123	40
1124	50
1125	50
1126	50
1127	45
1128	48
1129	53
1130	48
1131	50
1132	51
1133	43
1134	48
1135	45
1136	64
1137	37
1138	50
1139	65
1140	55
1141	49
1142	55
1143	57
1144	52
1145	39
1146	54
1147	55
1148	49
1149	52
1150	50
1151	59
1152	56
1153	47
1154	52
1155	42
1156	61
1157	47
1158	54
1159	54
1160	39
1161	33
1162	36
1163	57
1164	40
1165	61
1166	56
1167	40
1168	48
1169	45
1170	60
1171	48
1172	51
1173	37
1174	45
1175	55
1176	35
1177	46
1178	38
1179	47
1180	57
1181	38
1182	42
1183	66
1184	51
1185	42
1186	44
1187	50
1188	47
1189	41
1190	43
1191	42
1192	50
1193	45
1194	51
1195	54
1196	56
1197	47
1198	49
1199	43
1200	45
1201	43
1202	44
1203	64
1204	51
1205	51
1206	43
1207	35
1208	43
1209	54
1210	51
1211	41
1212	58
1213	46
1214	49
1215	36
1216	54
1217	47
1218	50
1219	43
1220	49
1221	40
1222	52
1223	49
1224	46
1225	50
1226	46
1227	39
1228	45
1229	37
1230	57
1231	44
1232	43
1233	38
1234	45
1235	48
1236	49
1237	39
1238	52
1239	45
1240	56
1241	50
1242	55
1243	51
1244	48
1245	33
1246	37
1247	36
1248	43
1249	46
1250	38
1251	43
1252	43
1253	32
1254	40
1255	38
1256	56
1257	40
1258	26
1259	39
1260	37
1261	37
1262	39
1263	43
1264	42
1265	48
1266	52
1267	45
1268	42
1269	46
1270	46
1271	42
1272	50
1273	47
1274	50
1275	50
1276	52
1277	45
1278	53
1279	44
1280	39
1281	40
1282	51
1283	34
1284	42
1285	53
1286	49
1287	47
1288	37
1289	43
1290	57
1291	29
1292	44
1293	42
1294	60
1295	49
1296	51
1297	39
1298	47
1299	43
1300	43
1301	45
1302	43
1303	38
1304	43
1305	49
1306	41
1307	40
1308	36
1309	58
1310	48
1311	38
1312	45
1313	46
1314	42
1315	44
1316	47
1317	50
1318	48
1319	53
1320	55
1321	37
1322	39
1323	44
1324	51
1325	41
1326	37
1327	48
1328	40
1329	27
1330	40
1331	42
1332	44
1333	37
1334	41
1335	41
1336	46
1337	39
1338	27
1339	37
1340	39
1341	38
1342	26
1343	38
1344	52
1345	31
1346	46
1347	30
1348	41
1349	40
1350	43
1351	41
1352	30
1353	54
1354	30
1355	36
1356	37
1357	50
1358	43
1359	46
1360	46
1361	38
1362	51
1363	35
1364	40
1365	55
1366	37
1367	38
1368	47
1369	30
1370	36
1371	41
1372	40
1373	49
1374	49
1375	42
1376	35
1377	55
1378	38
1379	46
1380	36
1381	41
1382	43
1383	46
1384	41
1385	35
1386	36
1387	37
1388	43
1389	50
1390	44
1391	39
1392	33
1393	31
1394	29
1395	45
1396	47
1397	33
1398	39
1399	40
1400	40
1401	44
1402	36
1403	32
1404	47
1405	32
1406	40
1407	41
1408	32
1409	37
1410	29
1411	25
1412	42
1413	45
1414	37
1415	37
1416	46
1417	39
1418	38
1419	38
1420	40
1421	48
1422	41
1423	39
1424	38
1425	44
1426	44
1427	43
1428	41
1429	27
1430	51
1431	37
1432	42
1433	46
1434	38
1435	40
1436	45
1437	31
1438	43
1439	37
1440	39
1441	35
1442	38
1443	26
1444	51
1445	34
1446	36
1447	30
1448	31
1449	38
1450	36
1451	39
1452	36
1453	37
1454	35
1455	40
1456	41
1457	45
1458	44
1459	38
1460	35
1461	42
1462	35
1463	30
1464	40
1465	34
1466	37
1467	31
1468	29
1469	26
1470	30
1471	37
1472	39
1473	42
1474	37
1475	41
1476	42
1477	29
1478	41
1479	36
1480	32
1481	46
1482	36
1483	31
1484	31
1485	41
1486	28
1487	36
1488	35
1489	29
1490	36
1491	40
1492	36
1493	42
1494	24
1495	39
1496	47
1497	39
1498	32
1499	30
1500	35
1501	45
1502	40
1503	31
1504	32
1505	40
1506	45
1507	36
1508	41
1509	40
1510	37
1511	38
1512	34
1513	24
1514	21
1515	38
1516	39
1517	44
1518	37
1519	29
1520	37
1521	30
1522	36
1523	36
1524	28
1525	31
1526	24
1527	34
1528	43
1529	35
1530	40
1531	33
1532	37
1533	27
1534	41
1535	36
1536	29
1537	39
1538	32
1539	48
1540	32
1541	48
1542	26
1543	38
1544	35
1545	27
1546	28
1547	32
1548	29
1549	39
1550	39
1551	39
1552	42
1553	42
1554	36
1555	38
1556	28
1557	34
1558	32
1559	37
1560	37
1561	41
1562	38
1563	33
1564	37
1565	27
1566	25
1567	23
1568	38
1569	33
1570	37
1571	32
1572	24
1573	21
1574	30
1575	42
1576	34
1577	42
1578	33
1579	43
1580	36
1581	34
1582	45
1583	33
1584	29
1585	38
1586	33
1587	28
1588	39
1589	37
1590	30
1591	40
1592	45
1593	26
1594	35
1595	46
1596	32
1597	33
1598	41
1599	30
1600	38
1601	33
1602	36
1603	24
1604	34
1605	41
1606	36
1607	45
1608	43
1609	23
1610	26
1611	37
1612	34
1613	32
1614	26
1615	28
1616	30
1617	37
1618	32
1619	44
1620	33
1621	23
1622	32
1623	26
1624	37
1625	28
1626	27
1627	37
1628	26
1629	44
1630	34
1631	40
1632	21
1633	28
1634	34
1635	26
1636	43
1637	27
1638	25
1639	33
1640	41
1641	37
1642	29
1643	34
1644	27
1645	33
1646	37
1647	24
1648	25
1649	32
1650	38
1651	30
1652	22
1653	30
1654	31
1655	45
1656	34
1657	30
1658	34
1659	41
1660	34
1661	32
1662	29
1663	27
1664	24
1665	25
1666	24
1667	31
1668	31
1669	32
1670	30
1671	35
1672	31
1673	32
1674	32
1675	28
1676	46
1677	35
1678	30
1679	25
1680	25
1681	39
1682	39
1683	25
1684	33
1685	37
1686	29
1687	21
1688	33
1689	35
1690	32
1691	25
1692	25
1693	21
1694	25
1695	37
1696	31
1697	24
1698	27
1699	38
1700	29
1701	32
1702	33
1703	25
1704	26
1705	22
1706	29
1707	29
1708	37
1709	27
1710	27
1711	34
1712	35
1713	37
1714	40
1715	33
1716	42
1717	22
1718	28
1719	26
1720	32
1721	28
1722	26
1723	20
1724	43
1725	24
1726	27
1727	28
1728	32
1729	30
1730	27
1731	26
1732	32
1733	28
1734	22
1735	28
1736	36
1737	35
1738	37
1739	30
1740	25
1741	39
1742	26
1743	35
1744	34
1745	27
1746	28
1747	32
1748	27
1749	28
1750	31
1751	26
1752	18
1753	31
1754	27
1755	25
1756	20
1757	30
1758	24
1759	28
1760	33
1761	29
1762	25
1763	29
1764	26
1765	18
1766	23
1767	26
1768	28
1769	29
1770	23
1771	20
1772	29
1773	29
1774	30
1775	28
1776	30
1777	35
1778	33
1779	29
1780	25
1781	23
1782	33
1783	24
1784	29
1785	19
1786	24
1787	36
1788	29
1789	21
1790	28
1791	23
1792	32
1793	31
1794	29
1795	32
1796	19
1797	31
1798	39
1799	26
1800	34
1801	40
1802	28
1803	21
1804	28
1805	30
1806	24
1807	25
1808	28
1809	32
1810	26
1811	33
1812	20
1813	18
1814	23
1815	34
1816	35
1817	27
1818	29
1819	29
1820	34
1821	25
1822	30
1823	28
1824	35
1825	28
1826	23
1827	37
1828	22
1829	23
1830	28
1831	23
1832	21
1833	26
1834	23
1835	29
1836	29
1837	30
1838	26
1839	27
1840	30
1841	39
1842	32
1843	28
1844	27
1845	26
1846	29
1847	22
1848	25
1849	32
1850	35
1851	29
1852	29
1853	30
1854	28
1855	20
1856	22
1857	16
1858	32
1859	26
1860	26
1861	26
1862	30
1863	30
1864	26
1865	37
1866	29
1867	27
1868	26
1869	32
1870	20
1871	18
1872	22
1873	21
1874	25
1875	23
1876	29
1877	30
1878	21
1879	24
1880	26
1881	23
1882	22
1883	25
1884	31
1885	21
1886	23
1887	27
1888	25
1889	24
1890	27
1891	33
1892	27
1893	20
1894	21
1895	30
1896	22
1897	21
1898	24
1899	16
1900	22
1901	21
1902	34
1903	27
1904	33
1905	23
1906	22
1907	20
1908	27
1909	33
1910	25
1911	28
1912	21
1913	29
1914	21
1915	35
1916	27
1917	26
1918	27
1919	32
1920	24
1921	21
1922	22
1923	27
1924	17
1925	31
1926	36
1927	24
1928	27
1929	22
1930	29
1931	31
1932	24
1933	32
1934	27
1935	24
1936	14
1937	31
1938	22
1939	29
1940	25
1941	30
1942	26
1943	30
1944	29
1945	29
1946	22
1947	22
1948	29
1949	22
1950	26
1951	23
1952	22
1953	32
1954	22
1955	30
1956	22
1957	26
1958	19
1959	41
1960	29
1961	14
1962	18
1963	20
1964	25
1965	27
1966	17
1967	28
1968	22
1969	20
1970	24
1971	21
1972	31
1973	22
1974	20
1975	18
1976	27
1977	27
1978	26
1979	21
1980	19
1981	19
1982	17
1983	20
1984	23
1985	20
1986	17
1987	22
1988	16
1989	17
1990	24
1991	25
1992	20
1993	24
1994	16
1995	22
1996	25
1997	28
1998	22
1999	20
2000	17
2001	22
2002	19
2003	14
2004	17
2005	16
2006	27
2007	18
2008	24
2009	22
2010	21
2011	16
2012	23
2013	25
2014	21
2015	22
2016	23
2017	23
2018	26
2019	32
2020	20
2021	21
2022	20
2023	19
2024	25
2025	25
2026	25
2027	21
2028	22
2029	17
2030	19
2031	28
2032	21
2033	26
2034	18
2035	18
2036	25
2037	18
2038	12
2039	13
2040	23
2041	35
2042	22
2043	28
2044	25
2045	23
2046	17
2047	26
2048	27
2049	17
2050	9
2051	24
2052	21
2053	21
2054	28
2055	27
2056	22
2057	21
2058	15
2059	20
2060	14
2061	25
2062	20
2063	20
2064	25
2065	20
2066	28
2067	19
2068	20
2069	21
2070	28
2071	18
2072	20
2073	26
2074	25
2075	21
2076	19
2077	18
2078	24
2079	17
2080	29
2081	13
2082	23
2083	24
2084	19
2085	20
2086	27
2087	13
2088	16
2089	18
2090	27
2091	28
2092	25
2093	22
2094	23
2095	24
2096	13
2097	18
2098	24
2099	24
2100	26
2101	20
2102	23
2103	17
2104	24
2105	19
2106	22
2107	19
2108	24
2109	16
2110	17
2111	16
2112	21
2113	16
2114	23
2115	18
2116	15
2117	22
2118	25
2119	17
2120	16
2121	24
2122	19
2123	18
2124	19
2125	19
2126	23
2127	23
2128	19
2129	18
2130	16
2131	17
2132	23
2133	17
2134	28
2135	17
2136	19
2137	23
2138	26
2139	24
2140	19
2141	28
2142	15
2143	17
2144	20
2145	16
2146	15
2147	21
2148	22
2149	18
2150	24
2151	26
2152	26
2153	23
2154	16
2155	23
2156	22
2157	16
2158	12
2159	11
2160	23
2161	15
2162	31
2163	21
2164	14
2165	20
2166	17
2167	12
2168	16
2169	21
2170	17
2171	27
2172	12
2173	25
2174	14
2175	19
2176	19
2177	20
2178	14
2179	18
2180	13
2181	24
2182	18
2183	15
2184	27
2185	17
2186	22
2187	15
2188	16
2189	18
2190	23
2191	24
2192	20
2193	18
2194	17
2195	20
2196	16
2197	14
2198	10
2199	10
2200	26
2201	32
2202	26
2203	18
2204	12
2205	18
2206	21
2207	11
2208	15
2209	20
2210	17
2211	28
2212	12
2213	17
2214	8
2215	25
2216	29
2217	24
2218	21
2219	24
2220	21
2221	24
2222	24
2223	17
2224	32
2225	22
2226	21
2227	24
2228	26
2229	18
2230	18
2231	10
2232	21
2233	17
2234	17
2235	18
2236	18
2237	29
2238	25
2239	13
2240	24
2241	27
2242	19
2243	13
2244	23
2245	19
2246	24
2247	26
2248	27
2249	15
2250	24
2251	14
2252	21
2253	18
2254	20
2255	14
2256	18
2257	18
2258	23
2259	15
2260	16
2261	15
2262	21
2263	20
2264	21
2265	22
2266	18
2267	28
2268	22
2269	19
2270	23
2271	20
2272	10
2273	16
2274	28
2275	19
2276	17
2277	20
2278	27
2279	22
2280	30
2281	15
2282	23
2283	22
2284	16
2285	19
2286	23
2287	22
2288	26
2289	22
2290	19
2291	21
2292	24
2293	26
2294	24
2295	13
2296	17
2297	16
2298	20
2299	15
2300	17
2301	15
2302	17
2303	19
2304	9
2305	17
2306	23
2307	25
2308	22
2309	24
2310	19
2311	21
2312	24
2313	25
2314	20
2315	14
2316	27
2317	13
2318	32
2319	20
2320	25
2321	15
2322	21
2323	17
2324	23
2325	26
2326	27
2327	27
2328	23
2329	24
2330	23
2331	14
2332	31
2333	18
2334	32
2335	25
2336	24
2337	22
2338	19
2339	24
2340	27
2341	21
2342	19
2343	16
2344	18
2345	27
2346	20
2347	16
2348	22
2349	24
2350	20
2351	20
2352	22
2353	26
2354	31
2355	12
2356	24
2357	23
2358	21
2359	23
2360	24
2361	27
2362	14
2363	20
2364	20
2365	23
2366	23
2367	23
2368	22
2369	27
2370	21
2371	27
2372	30
2373	19
2374	31
2375	28
2376	28
2377	20
2378	26
2379	19
2380	23
2381	17
2382	21
2383	27
2384	29
2385	24
2386	18
2387	21
2388	22
2389	20
2390	21
2391	20
2392	19
2393	25
2394	24
2395	17
2396	33
2397	19
2398	20
2399	22
2400	22
2401	21
2402	18
2403	17
2404	26
2405	13
2406	17
2407	19
2408	24
2409	30
2410	26
2411	13
2412	25
2413	16
2414	21
2415	28
2416	21
2417	26
2418	21
2419	35
2420	26
2421	17
2422	20
2423	28
2424	32
2425	23
2426	19
2427	25
2428	22
2429	32
2430	30
2431	26
2432	18
2433	20
2434	24
2435	17
2436	18
2437	27
2438	27
2439	15
2440	24
2441	20
2442	33
2443	21
2444	12
2445	30
2446	20
2447	26
2448	32
2449	24
2450	32
2451	27
2452	22
2453	19
2454	34
2455	21
2456	34
2457	28
2458	16
2459	29
2460	21
2461	20
2462	29
2463	24
2464	19
2465	34
2466	30
2467	22
2468	26
2469	23
2470	25
2471	23
2472	22
2473	24
2474	20
2475	12
2476	21
2477	35
2478	20
2479	21
2480	38
2481	14
2482	29
2483	24
2484	22
2485	27
2486	33
2487	29
2488	32
2489	23
2490	26
2491	20
2492	22
2493	32
2494	31
2495	25
2496	17
2497	26
2498	31
2499	26
2500	24
2501	23
2502	30
2503	16
2504	30
2505	31
2506	29
2507	24
2508	32
2509	22
2510	28
2511	30
2512	24
2513	31
2514	38
2515	27
2516	20
2517	33
2518	24
2519	18
2520	35
2521	36
2522	26
2523	26
2524	34
2525	26
2526	32
2527	32
2528	25
2529	28
2530	26
2531	36
2532	32
2533	24
2534	27
2535	21
2536	22
2537	20
2538	32
2539	25
2540	26
2541	29
2542	32
2543	34
2544	38
2545	33
2546	20
2547	27
2548	29
2549	30
2550	30
2551	26
2552	31
2553	37
2554	43
2555	29
2556	30
2557	32
2558	31
2559	34
2560	35
2561	30
2562	34
2563	23
2564	29
2565	29
2566	31
2567	20
2568	32
2569	20
2570	33
2571	31
2572	34
2573	24
2574	33
2575	31
2576	34
2577	21
2578	27
2579	31
2580	34
2581	24
2582	25
2583	25
2584	29
2585	26
2586	31
2587	41
2588	35
2589	31
2590	39
2591	32
2592	26
2593	31
2594	23
2595	32
2596	29
2597	42
2598	40
2599	29
2600	27
2601	27
2602	37
2603	31
2604	32
2605	30
2606	33
2607	26
2608	35
2609	26
2610	36
2611	33
2612	29
2613	24
2614	29
2615	31
2616	34
2617	34
2618	29
2619	33
2620	33
2621	33
2622	27
2623	42
2624	20
2625	29
2626	36
2627	40
2628	33
2629	27
2630	41
2631	29
2632	35
2633	25
2634	33
2635	32
2636	27
2637	32
2638	25
2639	31
2640	35
2641	30
2642	32
2643	43
2644	25
2645	33
2646	27
2647	33
2648	35
2649	32
2650	41
2651	44
2652	40
2653	31
2654	35
2655	27
2656	27
2657	35
2658	34
2659	29
2660	38
2661	48
2662	29
2663	35
2664	38
2665	32
2666	38
2667	32
2668	38
2669	29
2670	38
2671	44
2672	32
2673	31
2674	36
2675	35
2676	33
2677	30
2678	42
2679	29
2680	39
2681	36
2682	33
2683	32
2684	36
2685	34
2686	38
2687	32
2688	40
2689	42
2690	39
2691	32
2692	38
2693	30
2694	28
2695	31
2696	38
2697	36
2698	37
2699	34
2700	43
2701	32
2702	24
2703	30
2704	25
2705	25
2706	27
2707	28
2708	39
2709	33
2710	30
2711	39
2712	29
2713	48
2714	24
2715	28
2716	26
2717	32
2718	43
2719	38
2720	34
2721	28
2722	28
2723	36
2724	39
2725	30
2726	38
2727	24
2728	28
2729	42
2730	32
2731	47
2732	38
2733	40
2734	30
2735	34
2736	40
2737	31
2738	17
2739	25
2740	27
2741	38
2742	25
2743	39
2744	31
2745	16
2746	29
2747	54
2748	24
2749	37
2750	28
2751	26
2752	37
2753	38
2754	34
2755	27
2756	39
2757	32
2758	31
2759	32
2760	34
2761	31
2762	38
2763	42
2764	37
2765	31
2766	32
2767	31
2768	21
2769	29
2770	32
2771	27
2772	36
2773	36
2774	40
2775	31
2776	27
2777	26
2778	36
2779	34
2780	30
2781	46
2782	33
2783	26
2784	33
2785	22
2786	28
2787	34
2788	24
2789	35
2790	32
2791	35
2792	28
2793	35
2794	31
2795	29
2796	33
2797	35
2798	30
2799	39
2800	24
2801	32
2802	23
2803	30
2804	29
2805	26
2806	31
2807	35
2808	29
2809	28
2810	34
2811	24
2812	26
2813	20
2814	41
2815	29
2816	33
2817	24
2818	30
2819	39
2820	26
2821	21
2822	30
2823	30
2824	30
2825	31
2826	19
2827	30
2828	26
2829	28
2830	32
2831	24
2832	31
2833	34
2834	27
2835	34
2836	30
2837	28
2838	22
2839	33
2840	27
2841	28
2842	33
2843	25
2844	28
2845	24
2846	28
2847	21
2848	28
2849	24
2850	39
2851	22
2852	22
2853	28
2854	27
2855	35
2856	32
2857	29
2858	28
2859	30
2860	30
2861	34
2862	28
2863	22
2864	27
2865	30
2866	20
2867	26
2868	33
2869	31
2870	41
2871	31
2872	25
2873	34
2874	30
2875	38
2876	19
2877	32
2878	27
2879	33
2880	22
2881	26
2882	34
2883	37
2884	25
2885	32
2886	22
2887	39
2888	24
2889	22
2890	29
2891	23
2892	28
2893	37
2894	29
2895	34
2896	26
2897	26
2898	25
2899	32
2900	23
2901	29
2902	24
2903	28
2904	31
2905	32
2906	18
2907	33
2908	31
2909	17
2910	25
2911	28
2912	26
2913	26
2914	26
2915	20
2916	26
2917	28
2918	24
2919	28
2920	33
2921	26
2922	24
2923	28
2924	20
2925	28
2926	12
2927	19
2928	20
2929	28
2930	22
2931	23
2932	18
2933	26
2934	21
2935	20
2936	33
2937	31
2938	14
2939	20
2940	25
2941	12
2942	15
2943	25
2944	22
2945	29
2946	15
2947	18
2948	22
2949	19
2950	17
2951	20
2952	26
2953	23
2954	17
2955	18
2956	20
2957	21
2958	32
2959	15
2960	27
2961	27
2962	26
2963	27
2964	27
2965	27
2966	20
2967	24
2968	22
2969	24
2970	19
2971	24
2972	35
2973	15
2974	20
2975	15
2976	26
2977	20
2978	19
2979	14
2980	15
2981	20
2982	16
2983	18
2984	24
2985	20
2986	21
2987	26
2988	20
2989	14
2990	18
2991	16
2992	14
2993	16
2994	13
2995	21
2996	33
2997	22
2998	15
2999	21
3000	13
3001	16
3002	25
3003	19
3004	32
3005	27
3006	21
3007	18
3008	21
3009	22
3010	22
3011	21
3012	24
3013	24
3014	20
3015	19
3016	19
3017	17
3018	17
3019	25
3020	15
3021	10
3022	10
3023	18
3024	20
3025	19
3026	18
3027	18
3028	21
3029	18
3030	21
3031	15
3032	13
3033	18
3034	21
3035	20
3036	17
3037	14
3038	26
3039	18
3040	15
3041	18
3042	15
3043	15
3044	19
3045	16
3046	13
3047	17
3048	20
3049	15
3050	12
3051	14
3052	19
3053	13
3054	11
3055	22
3056	14
3057	19
3058	20
3059	14
3060	23
3061	20
3062	10
3063	18
3064	16
3065	18
3066	12
3067	14
3068	17
3069	15
3070	13
3071	12
3072	20
3073	25
3074	16
3075	10
3076	14
3077	10
3078	15
3079	17
3080	16
3081	11
3082	23
3083	14
3084	13
3085	15
3086	14
3087	11
3088	20
3089	23
3090	18
3091	11
3092	10
3093	12
3094	13
3095	12
3096	15
3097	12
3098	12
3099	14
3100	13
3101	9
3102	17
3103	26
3104	19
3105	18
3106	18
3107	9
3108	18
3109	14
3110	16
3111	10
3112	16
3113	17
3114	13
3115	10
3116	10
3117	13
3118	15
3119	16
3120	11
3121	15
3122	14
3123	19
3124	12
3125	18
3126	16
3127	13
3128	7
3129	8
3130	17
3131	8
3132	16
3133	18
3134	10
3135	15
3136	12
3137	10
3138	10
3139	20
3140	8
3141	14
3142	12
3143	12
3144	8
3145	9
3146	19
3147	11
3148	6
3149	19
3150	18
3151	16
3152	14
3153	15
3154	14
3155	12
3156	13
3157	13
3158	7
3159	7
3160	18
3161	13
3162	8
3163	12
3164	15
3165	10
3166	7
3167	9
3168	11
3169	10
3170	14
3171	18
3172	23
3173	10
3174	11
3175	9
3176	11
3177	9
3178	7
3179	14
3180	15
3181	16
3182	6
3183	18
3184	9
3185	18
3186	13
3187	18
3188	11
3189	12
3190	17
3191	10
3192	6
3193	11
3194	13
3195	13
3196	11
3197	14
3198	7
3199	9
3200	5
3201	14
3202	10
3203	14
3204	8
3205	8
3206	11
3207	13
3208	16
3209	14
3210	11
3211	10
3212	15
3213	13
3214	19
3215	9
3216	14
3217	9
3218	7
3219	11
3220	11
3221	9
3222	7
3223	11
3224	13
3225	9
3226	0
3227	9
3228	14
3229	11
3230	13
3231	7
3232	8
3233	9
3234	8
3235	10
3236	5
3237	11
3238	10
3239	14
3240	10
3241	7
3242	5
3243	6
3244	5
3245	5
3246	5
3247	9
3248	12
3249	7
3250	10
3251	7
3252	17
3253	5
3254	10
3255	8
3256	6
3257	13
3258	11
3259	6
3260	10
3261	8
3262	17
3263	8
3264	12
3265	9
3266	10
3267	7
3268	8
3269	9
3270	10
3271	5
3272	6
3273	8
3274	7
3275	8
3276	9
3277	10
3278	9
3279	10
3280	12
3281	13
3282	11
3283	10
3284	10
3285	10
3286	7
3287	8
3288	9
3289	9
3290	11
3291	4
3292	10
3293	10
3294	11
3295	11
3296	7
3297	7
3298	7
3299	6
3300	6
3301	10
3302	5
3303	8
3304	8
3305	12
3306	8
3307	9
3308	10
3309	11
3310	11
3311	9
3312	11
3313	4
3314	8
3315	9
3316	5
3317	7
3318	9
3319	8
3320	6
3321	11
3322	8
3323	9
3324	9
3325	8
3326	13
3327	6
3328	8
3329	8
3330	15
3331	9
3332	4
3333	8
3334	7
3335	11
3336	8
3337	5
3338	7
3339	10
3340	7
3341	8
3342	7
3343	4
3344	3
3345	9
3346	4
3347	7
3348	6
3349	5
3350	8
3351	10
3352	8
3353	9
3354	6
3355	10
3356	9
3357	11
3358	11
3359	5
3360	4
3361	10
3362	9
3363	5
3364	7
3365	4
3366	6
3367	10
3368	6
3369	4
3370	9
3371	3
3372	6
3373	3
3374	8
3375	5
3376	5
3377	5
3378	8
3379	8
3380	4
3381	7
3382	3
3383	5
3384	4
3385	5
3386	4
3387	4
3388	6
3389	2
3390	7
3391	9
3392	10
3393	1
3394	5
3395	8
3396	8
3397	10
3398	7
3399	5
3400	2
3401	8
3402	8
3403	6
3404	8
3405	6
3406	6
3407	8
3408	3
3409	3
3410	9
3411	8
3412	5
3413	6
3414	8
3415	7
3416	2
3417	7
3418	6
3419	3
3420	7
3421	6
3422	5
3423	2
3424	7
3425	7
3426	2
3427	4
3428	3
3429	5
3430	5
3431	3
3432	8
3433	3
3434	4
3435	3
3436	4
3437	4
3438	4
3439	4
3440	0
3441	7
3442	7
3443	5
3444	3
3445	7
3446	4
3447	9
3448	2
3449	3
3450	6
3451	7
3452	0
3453	9
3454	2
3455	2
3456	1
3457	6
3458	4
3459	4
3460	8
3461	5
3462	3
3463	6
3464	7
3465	4
3466	4
3467	5
3468	5
3469	3
3470	3
3471	6
3472	3
3473	3
3474	3
3475	5
3476	3
3477	6
3478	7
3479	3
3480	3
3481	8
3482	2
3483	4
3484	2
3485	2
3486	1
3487	8
3488	9
3489	5
3490	2
3491	2
3492	5
3493	5
3494	5
3495	5
3496	2
3497	7
3498	7
3499	3
3500	1
3501	1
3502	5
3503	2
3504	3
3505	4
3506	7
3507	3
3508	3
3509	5
3510	0
3511	1
3512	1
3513	4
3514	3
3515	7
3516	6
3517	2
3518	4
3519	2
3520	4
3521	5
3522	8
3523	1
3524	2
3525	1
3526	6
3527	6
3528	3
3529	4
3530	3
3531	2
3532	3
3533	6
3534	2
3535	1
3536	8
3537	3
3538	6
3539	1
3540	7
3541	3
3542	0
3543	4
3544	2
3545	1
3546	6
3547	8
3548	4
3549	2
3550	7
3551	5
3552	2
3553	3
3554	3
3555	2
3556	2
3557	3
3558	5
3559	6
3560	3
3561	3
3562	3
3563	2
3564	3
3565	0
3566	4
3567	4
3568	4
3569	3
3570	2
3571	2
3572	1
3573	1
3574	4
3575	5
3576	3
3577	4
3578	4
3579	2
3580	2
3581	3
3582	5
3583	4
3584	2
3585	4
3586	1
3587	3
3588	2
3589	3
3590	1
3591	3
3592	2
3593	4
3594	3
3595	3
3596	4
3597	3
3598	1
3599	1
3600	1
3601	2
3602	5
3603	2
3604	3
3605	2
3606	2
3607	1
3608	1
3609	1
3610	0
3611	0
3612	5
3613	3
3614	1
3615	4
3616	0
3617	3
3618	2
3619	4
3620	4
3621	0
3622	2
3623	1
3624	2
3625	0
3626	2
3627	1
3628	3
3629	0
3630	2
3631	2
3632	1
3633	1
3634	4
3635	4
3636	0
3637	1
3638	1
3639	1
3640	2
3641	0
3642	1
3643	3
3644	2
3645	0
3646	0
3647	3
3648	0
3649	4
3650	4
3651	2
3652	2
3653	2
3654	5
3655	5
3656	2
3657	5
3658	1
3659	3
3660	2
3661	1
3662	2
3663	1
3664	2
3665	3
3666	1
3667	1
3668	2
3669	2
3670	0
3671	1
3672	2
3673	1
3674	2
3675	2
3676	2
3677	3
3678	2
3679	2
3680	2
3681	7
3682	1
3683	2
3684	2
3685	2
3686	3
3687	3
3688	1
3689	1
3690	0
3691	1
3692	1
3693	1
3694	0
3695	0
3696	2
3697	1
3698	1
3699	1
3700	0
3701	0
3702	1
3703	0
3704	3
3705	2
3706	3
3707	2
3708	2
3709	6
3710	1
3711	1
3712	1
3713	0
3714	1
3715	0
3716	2
3717	2
3718	0
3719	1
3720	1
3721	0
3722	0
3723	3
3724	2
3725	0
3726	2
3727	1
3728	1
3729	1
3730	1
3731	0
3732	3
3733	1
3734	0
3735	2
3736	0
3737	2
3738	2
3739	2
3740	3
3741	1
3742	3
3743	0
3744	0
3745	2
3746	0
3747	2
3748	2
3749	5
3750	3
3751	1
3752	1
3753	1
3754	2
3755	0
3756	3
3757	1
3758	0
3759	1
3760	0
3761	0
3762	0
3763	2
3764	0
3765	1
3766	0
3767	1
3768	1
3769	0
3770	4
3771	3
3772	1
3773	0
3774	0
3775	2
3776	0
3777	0
3778	0
3779	1
3780	1
3781	0
3782	4
3783	1
3784	0
3785	0
3786	4
3787	2
3788	0
3789	0
3790	0
3791	2
3792	0
3793	2
3794	2
3795	0
3796	1
3797	0
3798	1
3799	1
3800	0
3801	0
3802	3
3803	0
3804	0
3805	0
3806	1
3807	0
3808	0
3809	0
3810	2
3811	2
3812	3
3813	0
3814	2
3815	3
3816	0
3817	0
3818	0
3819	0
3820	0
3821	1
3822	2
3823	1
3824	1
3825	2
3826	1
3827	1
3828	1
3829	2
3830	0
3831	0
3832	3
3833	0
3834	1
3835	0
3836	0
3837	1
3838	0
3839	2
3840	0
3841	0
3842	0
3843	1
3844	0
3845	1
3846	0
3847	0
3848	0
3849	1
3850	0
3851	1
3852	1
3853	1
3854	2
3855	1
3856	0
3857	2
3858	1
3859	0
3860	1
3861	0
3862	2
3863	0
3864	0
3865	1
3866	0
3867	1
3868	0
3869	0
3870	0
3871	0
3872	1
3873	0
3874	1
3875	2
3876	1
3877	2
3878	0
3879	0
3880	0
3881	0
3882	0
3883	1
3884	0
3885	1
3886	1
3887	2
3888	1
3889	1
3890	0
3891	0
3892	1
3893	1
3894	0
3895	1
3896	0
3897	1
3898	0
3899	0
3900	1
3901	0
3902	1
3903	0
3904	0
3905	0
3906	0
3907	1
3908	1
3909	0
3910	1
3911	0
3912	0
3913	0
3914	0
3915	1
3916	1
3917	2
3918	0
3919	0
3920	1
3921	0
3922	0
3923	3
3924	0
3925	1
3926	0
3927	0
3928	1
3929	1
3930	0
3931	0
3932	0
3933	1
3934	2
3935	1
3936	0
3937	1
3938	0
3939	1
3940	0
3941	0
3942	3
3943	2
3944	0
3945	0
3946	1
3947	0
3948	1
3949	1
3950	0
3951	1
3952	1
3953	1
3954	2
3955	1
3956	1
3957	2
3958	0
3959	0
3960	1
3961	0
3962	2
3963	0
3964	0
3965	0
3966	0
3967	1
3968	0
3969	0
3970	1
3971	0
3972	1
3973	0
3974	1
3975	0
3976	0
3977	1
3978	0
3979	0
3980	1
3981	0
3982	1
3983	1
3984	0
3985	0
3986	1
3987	2
3988	0
3989	0
3990	0
3991	1
3992	1
3993	0
3994	1
3995	0
3996	0
3997	0
3998	0
3999	0
4000	1
4001	1
4002	0
4003	0
4004	0
4005	0
4006	0
4007	0
4008	1
4009	0
4010	0
4011	1
4012	1
4013	0
4014	0
4015	0
4016	0
4017	1
4018	2
4019	0
4020	0
4021	0
4022	0
4023	1
4024	0
4025	0
4026	1
4027	1
4028	1
4029	0
4030	0
4031	0
4032	0
4033	0
4034	1
4035	1
4036	0
4037	1
4038	0
4039	1
4040	0
4041	0
4042	1
4043	0
4044	0
4045	0
4046	0
4047	0
4048	0
4049	0
4050	2
4051	0
4052	1
4053	1
4054	0
4055	0
4056	0
4057	0
4058	0
4059	0
4060	0
4061	0
4062	0
4063	1
4064	0
4065	0
4066	0
4067	0
4068	0
4069	1
4070	0
4071	1
4072	0
4073	0
4074	0
4075	1
4076	0
4077	2
4078	0
4079	0
4080	0
4081	1
4082	0
4083	0
4084	0
4085	2
4086	0
4087	0
4088	0
4089	1
4090	1
4091	1
4092	0
4093	1
4094	0
4095	0
