0	0
1	0
2	0
3	0
4	0
5	0
6	0
7	0
8	0
9	0
10	0
11	0
12	0
13	0
14	0
15	0
16	0
17	0
18	0
19	0
20	0
21	0
22	0
23	0
24	0
25	0
26	0
27	0
28	0
29	0
30	0
31	1
32	0
33	0
34	1
35	0
36	0
37	0
38	1
39	2
40	2
41	1
42	1
43	3
44	4
45	2
46	1
47	2
48	2
49	1
50	4
51	6
52	5
53	4
54	5
55	6
56	6
57	5
58	6
59	6
60	12
61	20
62	82
63	176
64	216
65	206
66	166
67	141
68	120
69	93
70	85
71	58
72	64
73	42
74	40
75	45
76	46
77	27
78	27
79	33
80	29
81	21
82	26
83	34
84	32
85	30
86	26
87	28
88	32
89	29
90	21
91	28
92	25
93	27
94	30
95	30
96	28
97	26
98	29
99	27
100	21
101	12
102	17
103	19
104	26
105	26
106	23
107	22
108	26
109	32
110	30
111	28
112	32
113	28
114	28
115	31
116	22
117	25
118	17
119	19
120	25
121	16
122	21
123	21
124	20
125	15
126	22
127	27
128	30
129	21
130	26
131	22
132	26
133	15
134	21
135	22
136	19
137	26
138	27
139	26
140	22
141	24
142	21
143	27
144	23
145	22
146	24
147	31
148	20
149	26
150	31
151	16
152	18
153	20
154	12
155	29
156	23
157	32
158	18
159	26
160	21
161	21
162	25
163	18
164	23
165	26
166	24
167	25
168	17
169	25
170	27
171	22
172	24
173	26
174	22
175	23
176	21
177	29
178	20
179	25
180	26
181	24
182	22
183	22
184	21
185	23
186	23
187	30
188	27
189	21
190	16
191	30
192	28
193	16
194	25
195	22
196	20
197	18
198	21
199	21
200	29
201	24
202	18
203	23
204	26
205	19
206	25
207	23
208	24
209	25
210	20
211	20
212	27
213	29
214	25
215	19
216	22
217	20
218	23
219	17
220	20
221	20
222	19
223	25
224	29
225	23
226	18
227	12
228	21
229	24
230	20
231	18
232	21
233	32
234	27
235	22
236	15
237	23
238	17
239	34
240	24
241	23
242	29
243	22
244	20
245	22
246	11
247	32
248	16
249	24
250	19
251	27
252	19
253	19
254	23
255	20
256	20
257	21
258	26
259	20
260	16
261	19
262	27
263	24
264	27
265	26
266	23
267	20
268	28
269	18
270	27
271	30
272	15
273	32
274	23
275	27
276	24
277	32
278	24
279	24
280	24
281	36
282	23
283	24
284	17
285	22
286	25
287	30
288	33
289	30
290	27
291	36
292	18
293	18
294	22
295	38
296	21
297	28
298	28
299	26
300	25
301	26
302	30
303	23
304	21
305	24
306	24
307	27
308	35
309	21
310	27
311	22
312	29
313	27
314	36
315	21
316	29
317	35
318	36
319	34
320	27
321	36
322	25
323	33
324	22
325	31
326	31
327	25
328	29
329	20
330	27
331	41
332	39
333	25
334	35
335	31
336	29
337	30
338	32
339	34
340	29
341	35
342	23
343	41
344	34
345	39
346	29
347	23
348	32
349	41
350	29
351	36
352	25
353	30
354	41
355	33
356	36
357	39
358	36
359	26
360	37
361	44
362	31
363	34
364	34
365	43
366	34
367	37
368	30
369	31
370	38
371	39
372	37
373	38
374	25
375	35
376	42
377	46
378	37
379	29
380	32
381	42
382	45
383	37
384	40
385	50
386	38
387	38
388	36
389	42
390	49
391	34
392	36
393	30
394	28
395	32
396	47
397	53
398	40
399	43
400	36
401	39
402	41
403	41
404	39
405	41
406	50
407	38
408	40
409	46
410	39
411	45
412	42
413	38
414	48
415	40
416	40
417	46
418	29
419	55
420	48
421	52
422	47
423	48
424	50
425	39
426	45
427	50
428	38
429	42
430	44
431	39
432	38
433	40
434	61
435	35
436	41
437	62
438	48
439	50
440	46
441	44
442	39
443	36
444	39
445	44
446	38
447	42
448	42
449	43
450	31
451	35
452	39
453	54
454	36
455	44
456	32
457	44
458	43
459	34
460	48
461	33
462	46
463	43
464	59
465	34
466	44
467	40
468	34
469	42
470	43
471	52
472	41
473	26
474	32
475	47
476	44
477	39
478	31
479	44
480	36
481	39
482	40
483	43
484	42
485	34
486	30
487	31
488	39
489	36
490	34
491	41
492	43
493	47
494	35
495	38
496	35
497	33
498	36
499	38
500	41
501	34
502	34
503	46
504	36
505	28
506	27
507	39
508	28
509	34
510	43
511	36
512	35
513	39
514	40
515	30
516	35
517	33
518	32
519	30
520	50
521	40
522	36
523	26
524	43
525	53
526	42
527	30
528	28
529	37
530	36
531	31
532	38
533	24
534	32
535	41
536	29
537	38
538	31
539	34
540	31
541	38
542	36
543	32
544	30
545	32
546	35
547	31
548	37
549	43
550	22
551	41
552	38
553	23
554	38
555	26
556	24
557	25
558	40
559	33
560	34
561	38
562	19
563	33
564	29
565	27
566	26
567	24
568	29
569	36
570	32
571	33
572	32
573	34
574	22
575	24
576	25
577	33
578	25
579	30
580	37
581	23
582	35
583	29
584	38
585	32
586	20
587	32
588	34
589	33
590	32
591	34
592	33
593	34
594	20
595	23
596	38
597	39
598	27
599	27
600	28
601	31
602	29
603	27
604	27
605	34
606	39
607	29
608	30
609	34
610	30
611	30
612	35
613	33
614	29
615	30
616	26
617	26
618	30
619	33
620	34
621	36
622	25
623	38
624	36
625	22
626	23
627	28
628	29
629	35
630	25
631	23
632	30
633	19
634	34
635	25
636	31
637	29
638	28
639	27
640	36
641	38
642	32
643	26
644	32
645	28
646	31
647	28
648	38
649	19
650	29
651	28
652	38
653	27
654	33
655	23
656	22
657	31
658	35
659	36
660	30
661	30
662	34
663	31
664	35
665	33
666	38
667	33
668	28
669	26
670	26
671	37
672	39
673	29
674	37
675	22
676	37
677	39
678	26
679	24
680	33
681	34
682	38
683	42
684	31
685	32
686	32
687	30
688	26
689	43
690	34
691	18
692	34
693	33
694	24
695	30
696	35
697	45
698	36
699	27
700	41
701	29
702	37
703	37
704	34
705	24
706	33
707	33
708	25
709	30
710	38
711	37
712	39
713	29
714	35
715	30
716	29
717	33
718	40
719	31
720	37
721	27
722	41
723	41
724	27
725	34
726	44
727	30
728	31
729	24
730	32
731	38
732	42
733	29
734	39
735	43
736	25
737	38
738	33
739	33
740	27
741	30
742	36
743	30
744	34
745	26
746	27
747	32
748	27
749	33
750	31
751	50
752	36
753	40
754	39
755	44
756	36
757	43
758	38
759	29
760	29
761	40
762	31
763	38
764	34
765	38
766	30
767	38
768	37
769	34
770	35
771	40
772	29
773	31
774	33
775	34
776	38
777	33
778	34
779	25
780	34
781	45
782	35
783	50
784	36
785	36
786	26
787	33
788	33
789	42
790	28
791	49
792	47
793	47
794	39
795	32
796	39
797	38
798	29
799	32
800	35
801	35
802	44
803	30
804	34
805	41
806	34
807	24
808	41
809	45
810	45
811	32
812	32
813	34
814	42
815	39
816	44
817	33
818	40
819	30
820	40
821	32
822	37
823	30
824	33
825	36
826	32
827	33
828	37
829	42
830	41
831	45
832	41
833	34
834	38
835	38
836	40
837	33
838	36
839	39
840	38
841	37
842	51
843	34
844	34
845	49
846	42
847	37
848	37
849	32
850	35
851	49
852	34
853	43
854	35
855	32
856	38
857	50
858	35
859	40
860	54
861	44
862	24
863	46
864	47
865	35
866	24
867	24
868	32
869	35
870	32
871	39
872	41
873	46
874	34
875	37
876	41
877	37
878	40
879	39
880	48
881	40
882	44
883	42
884	49
885	34
886	37
887	39
888	37
889	41
890	38
891	44
892	41
893	37
894	39
895	28
896	40
897	45
898	58
899	57
900	41
901	44
902	43
903	48
904	37
905	44
906	39
907	36
908	40
909	38
910	44
911	40
912	34
913	39
914	60
915	40
916	31
917	32
918	41
919	40
920	43
921	37
922	43
923	40
924	46
925	43
926	29
927	46
928	52
929	33
930	42
931	42
932	34
933	43
934	47
935	33
936	49
937	38
938	38
939	45
940	32
941	40
942	42
943	57
944	46
945	47
946	46
947	39
948	48
949	28
950	49
951	39
952	41
953	49
954	39
955	30
956	41
957	26
958	54
959	37
960	49
961	34
962	36
963	39
964	37
965	36
966	44
967	45
968	54
969	42
970	34
971	52
972	40
973	43
974	40
975	33
976	35
977	41
978	46
979	38
980	39
981	42
982	38
983	37
984	40
985	51
986	48
987	36
988	43
989	43
990	48
991	38
992	39
993	46
994	43
995	38
996	37
997	37
998	52
999	36
1000	33
1001	37
1002	33
1003	47
1004	32
1005	31
1006	43
1007	32
1008	48
1009	45
1010	42
1011	48
1012	50
1013	47
1014	39
1015	43
1016	63
1017	43
1018	41
1019	40
1020	36
1021	39
1022	42
1023	33
1024	48
1025	49
1026	42
1027	49
1028	44
1029	30
1030	40
1031	52
1032	28
1033	48
1034	52
1035	44
1036	41
1037	35
1038	37
1039	36
1040	41
1041	41
1042	32
1043	41
1044	36
1045	51
1046	48
1047	43
1048	46
1049	46
1050	41
1051	31
1052	48
1053	43
1054	43
1055	37
1056	39
1057	44
1058	34
1059	38
1060	47
1061	33
1062	36
1063	55
1064	35
1065	49
1066	38
1067	42
1068	37
1069	40
1070	38
1071	40
1072	30
1073	41
1074	36
1075	40
1076	36
1077	48
1078	37
1079	46
1080	51
1081	48
1082	50
1083	46
1084	40
1085	51
1086	53
1087	25
1088	45
1089	50
1090	38
1091	41
1092	44
1093	39
1094	37
1095	50
1096	56
1097	32
1098	44
1099	54
1100	31
1101	38
1102	65
1103	51
1104	45
1105	45
1106	27
1107	43
1108	44
1109	32
1110	37
1111	47
1112	38
1113	41
1114	38
1115	40
1116	38
1117	25
1118	45
1119	39
1120	41
1121	42
1122	40
1123	42
1124	45
1125	42
1126	45
1127	42
1128	30
1129	28
1130	50
1131	47
1132	39
1133	43
1134	36
1135	50
1136	35
1137	40
1138	33
1139	31
1140	37
1141	42
1142	50
1143	52
1144	40
1145	53
1146	46
1147	36
1148	30
1149	29
1150	46
1151	43
1152	40
1153	40
1154	36
1155	42
1156	51
1157	37
1158	32
1159	34
1160	40
1161	51
1162	47
1163	32
1164	35
1165	46
1166	35
1167	35
1168	31
1169	37
1170	32
1171	31
1172	49
1173	40
1174	34
1175	39
1176	32
1177	36
1178	40
1179	38
1180	28
1181	36
1182	41
1183	41
1184	33
1185	38
1186	18
1187	38
1188	42
1189	23
1190	41
1191	42
1192	35
1193	32
1194	39
1195	34
1196	38
1197	34
1198	43
1199	43
1200	39
1201	43
1202	41
1203	35
1204	27
1205	37
1206	36
1207	28
1208	37
1209	34
1210	46
1211	45
1212	35
1213	40
1214	36
1215	26
1216	36
1217	37
1218	34
1219	41
1220	41
1221	30
1222	44
1223	32
1224	36
1225	41
1226	34
1227	38
1228	28
1229	39
1230	45
1231	45
1232	35
1233	31
1234	38
1235	38
1236	33
1237	36
1238	35
1239	37
1240	36
1241	38
1242	34
1243	33
1244	43
1245	37
1246	45
1247	45
1248	37
1249	34
1250	37
1251	39
1252	29
1253	34
1254	35
1255	32
1256	38
1257	39
1258	34
1259	41
1260	51
1261	41
1262	36
1263	35
1264	35
1265	40
1266	36
1267	28
1268	44
1269	38
1270	29
1271	34
1272	31
1273	44
1274	29
1275	33
1276	30
1277	30
1278	42
1279	25
1280	32
1281	36
1282	34
1283	42
1284	50
1285	33
1286	35
1287	35
1288	29
1289	33
1290	35
1291	36
1292	33
1293	43
1294	39
1295	39
1296	25
1297	30
1298	33
1299	37
1300	26
1301	35
1302	29
1303	31
1304	48
1305	25
1306	32
1307	33
1308	25
1309	33
1310	34
1311	34
1312	39
1313	23
1314	35
1315	29
1316	31
1317	43
1318	34
1319	29
1320	33
1321	41
1322	38
1323	24
1324	32
1325	32
1326	32
1327	46
1328	42
1329	24
1330	32
1331	35
1332	50
1333	33
1334	32
1335	35
1336	40
1337	33
1338	41
1339	24
1340	36
1341	30
1342	25
1343	28
1344	43
1345	39
1346	37
1347	24
1348	35
1349	33
1350	34
1351	25
1352	34
1353	18
1354	32
1355	33
1356	38
1357	31
1358	25
1359	33
1360	23
1361	29
1362	22
1363	41
1364	34
1365	38
1366	38
1367	18
1368	33
1369	31
1370	33
1371	42
1372	41
1373	22
1374	29
1375	29
1376	30
1377	32
1378	34
1379	33
1380	38
1381	36
1382	34
1383	39
1384	30
1385	22
1386	36
1387	31
1388	22
1389	29
1390	22
1391	29
1392	22
1393	31
1394	22
1395	32
1396	24
1397	25
1398	24
1399	35
1400	36
1401	29
1402	32
1403	31
1404	30
1405	38
1406	24
1407	38
1408	33
1409	37
1410	28
1411	32
1412	37
1413	21
1414	33
1415	38
1416	29
1417	25
1418	23
1419	39
1420	29
1421	32
1422	34
1423	34
1424	34
1425	36
1426	26
1427	25
1428	37
1429	27
1430	41
1431	33
1432	27
1433	26
1434	23
1435	22
1436	53
1437	29
1438	39
1439	23
1440	26
1441	31
1442	29
1443	21
1444	27
1445	32
1446	36
1447	26
1448	34
1449	33
1450	31
1451	25
1452	35
1453	24
1454	33
1455	38
1456	34
1457	33
1458	36
1459	33
1460	38
1461	34
1462	31
1463	19
1464	31
1465	19
1466	36
1467	37
1468	26
1469	38
1470	36
1471	28
1472	34
1473	29
1474	31
1475	35
1476	33
1477	34
1478	32
1479	24
1480	32
1481	27
1482	28
1483	26
1484	25
1485	23
1486	39
1487	29
1488	35
1489	44
1490	25
1491	21
1492	41
1493	36
1494	35
1495	37
1496	18
1497	28
1498	30
1499	19
1500	33
1501	25
1502	21
1503	29
1504	28
1505	28
1506	31
1507	41
1508	33
1509	18
1510	37
1511	33
1512	25
1513	30
1514	30
1515	27
1516	28
1517	29
1518	33
1519	23
1520	33
1521	34
1522	30
1523	43
1524	19
1525	28
1526	34
1527	33
1528	24
1529	26
1530	28
1531	25
1532	28
1533	30
1534	32
1535	23
1536	23
1537	25
1538	24
1539	29
1540	31
1541	24
1542	26
1543	30
1544	33
1545	27
1546	30
1547	36
1548	22
1549	22
1550	22
1551	26
1552	27
1553	31
1554	28
1555	30
1556	24
1557	26
1558	28
1559	20
1560	27
1561	35
1562	26
1563	23
1564	30
1565	24
1566	30
1567	28
1568	23
1569	25
1570	18
1571	30
1572	24
1573	32
1574	26
1575	24
1576	31
1577	22
1578	24
1579	31
1580	30
1581	24
1582	28
1583	23
1584	31
1585	20
1586	30
1587	28
1588	33
1589	29
1590	20
1591	32
1592	30
1593	23
1594	17
1595	28
1596	16
1597	37
1598	31
1599	33
1600	20
1601	22
1602	24
1603	22
1604	23
1605	32
1606	31
1607	29
1608	21
1609	25
1610	32
1611	29
1612	25
1613	22
1614	32
1615	18
1616	22
1617	27
1618	29
1619	24
1620	24
1621	29
1622	24
1623	31
1624	25
1625	15
1626	22
1627	26
1628	32
1629	27
1630	18
1631	24
1632	24
1633	31
1634	29
1635	25
1636	26
1637	33
1638	30
1639	30
1640	19
1641	27
1642	34
1643	18
1644	26
1645	24
1646	27
1647	24
1648	32
1649	33
1650	19
1651	26
1652	22
1653	31
1654	23
1655	28
1656	26
1657	25
1658	29
1659	22
1660	25
1661	28
1662	21
1663	33
1664	23
1665	37
1666	30
1667	28
1668	19
1669	23
1670	24
1671	29
1672	32
1673	28
1674	22
1675	19
1676	25
1677	29
1678	19
1679	26
1680	30
1681	29
1682	25
1683	26
1684	19
1685	31
1686	17
1687	29
1688	19
1689	24
1690	23
1691	20
1692	26
1693	18
1694	28
1695	25
1696	30
1697	21
1698	33
1699	21
1700	33
1701	25
1702	30
1703	29
1704	24
1705	33
1706	25
1707	21
1708	22
1709	33
1710	25
1711	31
1712	28
1713	23
1714	30
1715	20
1716	22
1717	29
1718	30
1719	23
1720	22
1721	26
1722	15
1723	18
1724	22
1725	23
1726	23
1727	21
1728	25
1729	21
1730	22
1731	21
1732	23
1733	24
1734	31
1735	26
1736	24
1737	26
1738	24
1739	29
1740	23
1741	26
1742	32
1743	22
1744	30
1745	15
1746	20
1747	31
1748	22
1749	20
1750	23
1751	28
1752	15
1753	22
1754	14
1755	27
1756	28
1757	23
1758	24
1759	18
1760	24
1761	27
1762	26
1763	27
1764	25
1765	17
1766	15
1767	10
1768	29
1769	27
1770	27
1771	21
1772	25
1773	11
1774	21
1775	24
1776	25
1777	27
1778	26
1779	25
1780	20
1781	26
1782	12
1783	22
1784	34
1785	20
1786	17
1787	15
1788	29
1789	25
1790	25
1791	22
1792	23
1793	20
1794	24
1795	37
1796	30
1797	33
1798	24
1799	21
1800	25
1801	32
1802	18
1803	20
1804	20
1805	18
1806	25
1807	23
1808	22
1809	29
1810	19
1811	25
1812	14
1813	25
1814	25
1815	17
1816	33
1817	30
1818	26
1819	21
1820	14
1821	24
1822	14
1823	24
1824	20
1825	19
1826	17
1827	19
1828	23
1829	15
1830	26
1831	14
1832	19
1833	26
1834	14
1835	29
1836	13
1837	13
1838	25
1839	12
1840	25
1841	20
1842	26
1843	24
1844	16
1845	19
1846	20
1847	25
1848	13
1849	19
1850	21
1851	23
1852	23
1853	24
1854	22
1855	13
1856	15
1857	22
1858	29
1859	17
1860	20
1861	15
1862	23
1863	25
1864	28
1865	14
1866	24
1867	31
1868	20
1869	23
1870	15
1871	22
1872	18
1873	24
1874	17
1875	15
1876	18
1877	11
1878	21
1879	25
1880	28
1881	17
1882	13
1883	27
1884	17
1885	24
1886	18
1887	22
1888	14
1889	17
1890	18
1891	20
1892	12
1893	14
1894	21
1895	18
1896	15
1897	23
1898	18
1899	25
1900	26
1901	23
1902	20
1903	22
1904	16
1905	16
1906	21
1907	15
1908	26
1909	31
1910	16
1911	26
1912	14
1913	22
1914	22
1915	21
1916	13
1917	14
1918	23
1919	18
1920	26
1921	12
1922	18
1923	14
1924	18
1925	19
1926	15
1927	17
1928	22
1929	28
1930	20
1931	23
1932	19
1933	20
1934	15
1935	15
1936	18
1937	24
1938	13
1939	16
1940	19
1941	14
1942	24
1943	22
1944	21
1945	17
1946	29
1947	17
1948	15
1949	19
1950	16
1951	18
1952	27
1953	29
1954	28
1955	20
1956	16
1957	16
1958	15
1959	11
1960	15
1961	13
1962	15
1963	17
1964	26
1965	21
1966	13
1967	16
1968	19
1969	25
1970	14
1971	17
1972	13
1973	14
1974	14
1975	19
1976	17
1977	17
1978	13
1979	17
1980	14
1981	14
1982	24
1983	24
1984	10
1985	13
1986	19
1987	14
1988	18
1989	16
1990	13
1991	16
1992	18
1993	8
1994	14
1995	21
1996	25
1997	23
1998	13
1999	7
2000	17
2001	17
2002	11
2003	21
2004	20
2005	14
2006	13
2007	13
2008	18
2009	22
2010	13
2011	22
2012	17
2013	17
2014	18
2015	13
2016	25
2017	18
2018	18
2019	16
2020	17
2021	21
2022	9
2023	14
2024	16
2025	17
2026	19
2027	17
2028	14
2029	20
2030	17
2031	19
2032	12
2033	18
2034	20
2035	15
2036	15
2037	14
2038	22
2039	20
2040	16
2041	17
2042	19
2043	22
2044	19
2045	14
2046	14
2047	18
2048	10
2049	16
2050	19
2051	17
2052	16
2053	17
2054	17
2055	15
2056	18
2057	14
2058	19
2059	11
2060	17
2061	8
2062	14
2063	14
2064	14
2065	14
2066	18
2067	15
2068	21
2069	20
2070	12
2071	17
2072	14
2073	16
2074	32
2075	15
2076	19
2077	23
2078	17
2079	18
2080	17
2081	16
2082	19
2083	17
2084	23
2085	18
2086	19
2087	14
2088	20
2089	7
2090	23
2091	17
2092	15
2093	25
2094	14
2095	21
2096	14
2097	11
2098	25
2099	14
2100	22
2101	17
2102	13
2103	18
2104	18
2105	19
2106	16
2107	9
2108	28
2109	17
2110	13
2111	20
2112	24
2113	16
2114	17
2115	14
2116	16
2117	20
2118	16
2119	17
2120	15
2121	20
2122	8
2123	17
2124	16
2125	11
2126	17
2127	10
2128	12
2129	11
2130	15
2131	16
2132	11
2133	16
2134	13
2135	16
2136	18
2137	14
2138	13
2139	11
2140	22
2141	15
2142	13
2143	12
2144	18
2145	13
2146	13
2147	16
2148	18
2149	16
2150	18
2151	15
2152	9
2153	13
2154	19
2155	23
2156	15
2157	15
2158	14
2159	10
2160	19
2161	17
2162	13
2163	16
2164	12
2165	17
2166	15
2167	19
2168	20
2169	16
2170	19
2171	16
2172	20
2173	19
2174	12
2175	11
2176	20
2177	20
2178	19
2179	15
2180	18
2181	17
2182	14
2183	10
2184	14
2185	20
2186	11
2187	14
2188	14
2189	14
2190	18
2191	18
2192	19
2193	10
2194	20
2195	16
2196	21
2197	13
2198	10
2199	19
2200	16
2201	11
2202	15
2203	16
2204	20
2205	13
2206	13
2207	17
2208	19
2209	21
2210	11
2211	17
2212	13
2213	17
2214	17
2215	19
2216	15
2217	17
2218	12
2219	16
2220	23
2221	19
2222	17
2223	12
2224	21
2225	13
2226	16
2227	12
2228	21
2229	18
2230	26
2231	13
2232	15
2233	17
2234	11
2235	15
2236	14
2237	19
2238	19
2239	14
2240	14
2241	16
2242	14
2243	20
2244	10
2245	19
2246	12
2247	15
2248	18
2249	15
2250	15
2251	18
2252	20
2253	15
2254	20
2255	28
2256	21
2257	18
2258	16
2259	21
2260	15
2261	14
2262	21
2263	20
2264	13
2265	14
2266	16
2267	11
2268	17
2269	15
2270	23
2271	15
2272	19
2273	17
2274	13
2275	18
2276	14
2277	15
2278	18
2279	12
2280	15
2281	11
2282	14
2283	18
2284	18
2285	17
2286	15
2287	23
2288	13
2289	23
2290	18
2291	20
2292	17
2293	20
2294	15
2295	20
2296	16
2297	12
2298	19
2299	14
2300	16
2301	16
2302	19
2303	22
2304	15
2305	23
2306	18
2307	13
2308	17
2309	19
2310	22
2311	17
2312	14
2313	19
2314	18
2315	18
2316	11
2317	17
2318	8
2319	16
2320	12
2321	19
2322	18
2323	13
2324	15
2325	15
2326	16
2327	18
2328	19
2329	16
2330	18
2331	17
2332	21
2333	25
2334	19
2335	18
2336	20
2337	16
2338	18
2339	14
2340	20
2341	17
2342	16
2343	22
2344	9
2345	18
2346	19
2347	20
2348	9
2349	23
2350	23
2351	18
2352	12
2353	23
2354	19
2355	32
2356	15
2357	15
2358	12
2359	18
2360	21
2361	17
2362	17
2363	26
2364	17
2365	17
2366	15
2367	21
2368	14
2369	24
2370	20
2371	20
2372	17
2373	17
2374	23
2375	18
2376	10
2377	19
2378	14
2379	17
2380	18
2381	19
2382	23
2383	19
2384	16
2385	30
2386	21
2387	18
2388	12
2389	23
2390	19
2391	16
2392	22
2393	24
2394	16
2395	13
2396	26
2397	24
2398	18
2399	21
2400	18
2401	17
2402	18
2403	19
2404	25
2405	17
2406	14
2407	17
2408	18
2409	24
2410	17
2411	16
2412	15
2413	17
2414	20
2415	19
2416	20
2417	21
2418	24
2419	23
2420	20
2421	19
2422	25
2423	23
2424	21
2425	17
2426	22
2427	20
2428	16
2429	8
2430	20
2431	15
2432	26
2433	24
2434	22
2435	23
2436	21
2437	25
2438	20
2439	19
2440	26
2441	18
2442	37
2443	15
2444	21
2445	34
2446	18
2447	18
2448	26
2449	17
2450	21
2451	10
2452	19
2453	22
2454	21
2455	17
2456	23
2457	17
2458	23
2459	15
2460	24
2461	20
2462	23
2463	25
2464	17
2465	28
2466	21
2467	33
2468	19
2469	14
2470	22
2471	19
2472	16
2473	20
2474	21
2475	15
2476	24
2477	20
2478	17
2479	23
2480	13
2481	23
2482	17
2483	23
2484	18
2485	16
2486	22
2487	19
2488	17
2489	30
2490	21
2491	24
2492	26
2493	19
2494	17
2495	18
2496	17
2497	24
2498	24
2499	21
2500	18
2501	19
2502	19
2503	21
2504	26
2505	17
2506	29
2507	26
2508	26
2509	20
2510	22
2511	24
2512	15
2513	24
2514	17
2515	21
2516	23
2517	27
2518	34
2519	29
2520	18
2521	16
2522	21
2523	19
2524	21
2525	16
2526	23
2527	20
2528	22
2529	28
2530	17
2531	20
2532	24
2533	15
2534	26
2535	15
2536	24
2537	16
2538	19
2539	32
2540	20
2541	21
2542	16
2543	22
2544	26
2545	28
2546	19
2547	30
2548	20
2549	17
2550	22
2551	25
2552	26
2553	25
2554	17
2555	25
2556	23
2557	22
2558	17
2559	22
2560	17
2561	22
2562	20
2563	16
2564	16
2565	34
2566	18
2567	28
2568	28
2569	27
2570	29
2571	22
2572	16
2573	18
2574	17
2575	24
2576	20
2577	19
2578	24
2579	20
2580	23
2581	21
2582	20
2583	19
2584	27
2585	28
2586	26
2587	15
2588	21
2589	20
2590	20
2591	24
2592	17
2593	27
2594	25
2595	23
2596	17
2597	24
2598	27
2599	26
2600	18
2601	34
2602	20
2603	19
2604	27
2605	27
2606	24
2607	26
2608	28
2609	19
2610	19
2611	14
2612	24
2613	35
2614	20
2615	21
2616	29
2617	20
2618	25
2619	19
2620	17
2621	21
2622	25
2623	20
2624	24
2625	18
2626	20
2627	24
2628	28
2629	23
2630	20
2631	22
2632	20
2633	18
2634	19
2635	22
2636	26
2637	24
2638	17
2639	22
2640	28
2641	31
2642	24
2643	23
2644	28
2645	14
2646	21
2647	17
2648	24
2649	31
2650	23
2651	25
2652	30
2653	26
2654	30
2655	22
2656	23
2657	18
2658	19
2659	23
2660	18
2661	24
2662	21
2663	19
2664	24
2665	22
2666	19
2667	25
2668	24
2669	27
2670	24
2671	23
2672	18
2673	27
2674	17
2675	29
2676	24
2677	15
2678	18
2679	27
2680	26
2681	23
2682	21
2683	33
2684	33
2685	23
2686	22
2687	25
2688	25
2689	22
2690	16
2691	24
2692	14
2693	31
2694	17
2695	22
2696	28
2697	17
2698	25
2699	29
2700	23
2701	18
2702	21
2703	24
2704	23
2705	24
2706	22
2707	23
2708	24
2709	29
2710	19
2711	14
2712	19
2713	37
2714	14
2715	22
2716	21
2717	25
2718	17
2719	29
2720	19
2721	16
2722	25
2723	26
2724	22
2725	18
2726	16
2727	19
2728	20
2729	22
2730	24
2731	24
2732	14
2733	23
2734	16
2735	23
2736	21
2737	16
2738	19
2739	20
2740	28
2741	19
2742	27
2743	25
2744	23
2745	20
2746	16
2747	27
2748	21
2749	21
2750	26
2751	24
2752	20
2753	23
2754	23
2755	15
2756	22
2757	21
2758	24
2759	27
2760	12
2761	19
2762	21
2763	23
2764	19
2765	23
2766	25
2767	14
2768	15
2769	28
2770	21
2771	21
2772	15
2773	16
2774	22
2775	18
2776	24
2777	22
2778	22
2779	19
2780	19
2781	14
2782	25
2783	24
2784	15
2785	19
2786	22
2787	19
2788	19
2789	22
2790	20
2791	19
2792	20
2793	16
2794	22
2795	17
2796	27
2797	25
2798	16
2799	27
2800	16
2801	22
2802	19
2803	22
2804	23
2805	11
2806	15
2807	20
2808	14
2809	13
2810	17
2811	19
2812	8
2813	15
2814	17
2815	12
2816	17
2817	17
2818	18
2819	17
2820	16
2821	26
2822	13
2823	21
2824	19
2825	15
2826	15
2827	16
2828	14
2829	21
2830	17
2831	13
2832	20
2833	13
2834	17
2835	18
2836	22
2837	11
2838	15
2839	12
2840	19
2841	14
2842	14
2843	19
2844	19
2845	22
2846	20
2847	14
2848	18
2849	23
2850	19
2851	17
2852	11
2853	10
2854	24
2855	11
2856	11
2857	18
2858	20
2859	15
2860	14
2861	21
2862	22
2863	14
2864	17
2865	19
2866	13
2867	27
2868	13
2869	16
2870	9
2871	20
2872	21
2873	15
2874	24
2875	20
2876	13
2877	10
2878	14
2879	23
2880	18
2881	21
2882	24
2883	14
2884	15
2885	10
2886	20
2887	16
2888	11
2889	24
2890	16
2891	19
2892	15
2893	16
2894	19
2895	14
2896	19
2897	23
2898	14
2899	14
2900	22
2901	17
2902	15
2903	15
2904	11
2905	16
2906	22
2907	21
2908	25
2909	10
2910	16
2911	14
2912	12
2913	12
2914	19
2915	13
2916	15
2917	11
2918	22
2919	15
2920	11
2921	14
2922	14
2923	9
2924	14
2925	11
2926	14
2927	10
2928	19
2929	13
2930	12
2931	20
2932	20
2933	11
2934	18
2935	12
2936	4
2937	17
2938	12
2939	15
2940	11
2941	15
2942	12
2943	11
2944	16
2945	15
2946	18
2947	22
2948	16
2949	21
2950	20
2951	18
2952	15
2953	11
2954	14
2955	13
2956	14
2957	13
2958	12
2959	15
2960	20
2961	10
2962	15
2963	13
2964	21
2965	9
2966	15
2967	22
2968	13
2969	15
2970	12
2971	18
2972	15
2973	19
2974	14
2975	19
2976	15
2977	15
2978	14
2979	11
2980	11
2981	18
2982	12
2983	5
2984	12
2985	8
2986	11
2987	7
2988	20
2989	5
2990	9
2991	12
2992	13
2993	8
2994	15
2995	13
2996	18
2997	16
2998	12
2999	6
3000	14
3001	10
3002	18
3003	6
3004	9
3005	17
3006	16
3007	12
3008	15
3009	11
3010	20
3011	12
3012	16
3013	12
3014	17
3015	10
3016	14
3017	14
3018	9
3019	6
3020	15
3021	9
3022	12
3023	9
3024	11
3025	8
3026	11
3027	7
3028	12
3029	7
3030	6
3031	19
3032	8
3033	7
3034	10
3035	7
3036	17
3037	10
3038	7
3039	9
3040	13
3041	10
3042	14
3043	13
3044	11
3045	12
3046	13
3047	17
3048	11
3049	10
3050	11
3051	10
3052	8
3053	11
3054	14
3055	15
3056	10
3057	13
3058	14
3059	13
3060	14
3061	9
3062	9
3063	14
3064	12
3065	13
3066	6
3067	7
3068	11
3069	7
3070	8
3071	10
3072	14
3073	7
3074	9
3075	11
3076	11
3077	10
3078	10
3079	14
3080	14
3081	6
3082	18
3083	13
3084	9
3085	13
3086	10
3087	15
3088	6
3089	11
3090	9
3091	4
3092	14
3093	8
3094	7
3095	12
3096	12
3097	8
3098	6
3099	10
3100	14
3101	12
3102	12
3103	3
3104	11
3105	9
3106	6
3107	12
3108	10
3109	13
3110	9
3111	7
3112	14
3113	9
3114	5
3115	9
3116	6
3117	9
3118	10
3119	16
3120	11
3121	9
3122	13
3123	11
3124	13
3125	10
3126	9
3127	10
3128	14
3129	13
3130	12
3131	8
3132	8
3133	6
3134	6
3135	7
3136	8
3137	5
3138	7
3139	9
3140	12
3141	9
3142	5
3143	4
3144	11
3145	8
3146	6
3147	10
3148	11
3149	12
3150	10
3151	7
3152	10
3153	5
3154	9
3155	14
3156	10
3157	10
3158	8
3159	7
3160	6
3161	8
3162	11
3163	10
3164	4
3165	10
3166	10
3167	5
3168	8
3169	7
3170	10
3171	13
3172	10
3173	8
3174	3
3175	8
3176	8
3177	8
3178	8
3179	12
3180	10
3181	12
3182	7
3183	5
3184	6
3185	9
3186	7
3187	9
3188	10
3189	8
3190	5
3191	8
3192	8
3193	10
3194	5
3195	13
3196	7
3197	8
3198	8
3199	7
3200	10
3201	6
3202	6
3203	8
3204	4
3205	5
3206	4
3207	4
3208	5
3209	11
3210	10
3211	15
3212	11
3213	11
3214	9
3215	6
3216	5
3217	11
3218	12
3219	16
3220	0
3221	7
3222	6
3223	10
3224	7
3225	9
3226	5
3227	6
3228	12
3229	4
3230	7
3231	10
3232	8
3233	7
3234	5
3235	3
3236	4
3237	10
3238	6
3239	10
3240	8
3241	8
3242	7
3243	8
3244	8
3245	9
3246	11
3247	8
3248	7
3249	5
3250	11
3251	7
3252	6
3253	7
3254	7
3255	13
3256	9
3257	7
3258	11
3259	10
3260	3
3261	6
3262	10
3263	4
3264	7
3265	9
3266	8
3267	8
3268	7
3269	9
3270	7
3271	5
3272	8
3273	11
3274	8
3275	5
3276	5
3277	10
3278	6
3279	8
3280	6
3281	5
3282	8
3283	9
3284	6
3285	6
3286	7
3287	8
3288	7
3289	7
3290	5
3291	3
3292	5
3293	7
3294	8
3295	11
3296	3
3297	8
3298	5
3299	4
3300	11
3301	2
3302	6
3303	3
3304	7
3305	10
3306	9
3307	4
3308	9
3309	7
3310	7
3311	5
3312	6
3313	8
3314	5
3315	11
3316	4
3317	7
3318	4
3319	4
3320	4
3321	7
3322	5
3323	7
3324	3
3325	8
3326	2
3327	4
3328	5
3329	6
3330	5
3331	4
3332	2
3333	8
3334	5
3335	10
3336	11
3337	5
3338	5
3339	8
3340	4
3341	5
3342	10
3343	10
3344	9
3345	3
3346	6
3347	8
3348	9
3349	7
3350	7
3351	11
3352	5
3353	9
3354	4
3355	4
3356	5
3357	5
3358	6
3359	4
3360	5
3361	8
3362	11
3363	4
3364	5
3365	2
3366	5
3367	7
3368	7
3369	5
3370	7
3371	8
3372	2
3373	7
3374	1
3375	4
3376	10
3377	5
3378	3
3379	3
3380	5
3381	3
3382	10
3383	8
3384	5
3385	4
3386	8
3387	6
3388	8
3389	4
3390	4
3391	4
3392	8
3393	5
3394	4
3395	3
3396	9
3397	6
3398	5
3399	4
3400	5
3401	8
3402	6
3403	6
3404	2
3405	2
3406	2
3407	8
3408	8
3409	5
3410	4
3411	4
3412	8
3413	2
3414	2
3415	7
3416	6
3417	7
3418	6
3419	7
3420	3
3421	7
3422	7
3423	8
3424	3
3425	8
3426	4
3427	9
3428	0
3429	3
3430	6
3431	2
3432	4
3433	4
3434	4
3435	4
3436	3
3437	4
3438	3
3439	5
3440	2
3441	8
3442	2
3443	2
3444	3
3445	8
3446	5
3447	7
3448	0
3449	6
3450	4
3451	5
3452	2
3453	3
3454	7
3455	7
3456	2
3457	2
3458	4
3459	4
3460	3
3461	4
3462	4
3463	5
3464	4
3465	3
3466	5
3467	4
3468	2
3469	4
3470	1
3471	4
3472	1
3473	5
3474	4
3475	8
3476	6
3477	1
3478	4
3479	6
3480	1
3481	3
3482	0
3483	3
3484	6
3485	4
3486	4
3487	7
3488	3
3489	4
3490	3
3491	6
3492	2
3493	6
3494	1
3495	2
3496	4
3497	8
3498	4
3499	4
3500	3
3501	6
3502	6
3503	6
3504	3
3505	3
3506	2
3507	0
3508	3
3509	1
3510	8
3511	2
3512	2
3513	3
3514	5
3515	4
3516	4
3517	3
3518	4
3519	2
3520	8
3521	3
3522	6
3523	1
3524	1
3525	2
3526	2
3527	5
3528	7
3529	7
3530	0
3531	4
3532	2
3533	4
3534	6
3535	1
3536	2
3537	6
3538	1
3539	3
3540	2
3541	2
3542	2
3543	4
3544	2
3545	3
3546	2
3547	5
3548	1
3549	3
3550	2
3551	1
3552	1
3553	0
3554	1
3555	3
3556	4
3557	3
3558	1
3559	3
3560	3
3561	1
3562	7
3563	3
3564	4
3565	0
3566	4
3567	2
3568	0
3569	1
3570	4
3571	2
3572	4
3573	1
3574	3
3575	4
3576	2
3577	3
3578	6
3579	6
3580	2
3581	2
3582	1
3583	2
3584	0
3585	3
3586	2
3587	2
3588	2
3589	0
3590	1
3591	2
3592	4
3593	1
3594	2
3595	6
3596	4
3597	1
3598	1
3599	2
3600	2
3601	3
3602	5
3603	2
3604	1
3605	1
3606	2
3607	2
3608	0
3609	4
3610	4
3611	3
3612	1
3613	2
3614	1
3615	2
3616	3
3617	2
3618	2
3619	3
3620	3
3621	5
3622	3
3623	1
3624	0
3625	0
3626	3
3627	0
3628	4
3629	2
3630	0
3631	2
3632	1
3633	1
3634	2
3635	2
3636	3
3637	5
3638	1
3639	4
3640	3
3641	5
3642	1
3643	0
3644	4
3645	0
3646	4
3647	1
3648	2
3649	1
3650	2
3651	1
3652	1
3653	2
3654	2
3655	1
3656	1
3657	1
3658	4
3659	3
3660	4
3661	4
3662	3
3663	1
3664	0
3665	3
3666	2
3667	4
3668	1
3669	3
3670	3
3671	1
3672	0
3673	1
3674	3
3675	1
3676	3
3677	2
3678	2
3679	0
3680	1
3681	2
3682	1
3683	3
3684	1
3685	2
3686	1
3687	2
3688	2
3689	0
3690	2
3691	0
3692	2
3693	0
3694	1
3695	3
3696	0
3697	3
3698	3
3699	1
3700	0
3701	3
3702	1
3703	1
3704	5
3705	4
3706	1
3707	1
3708	1
3709	0
3710	1
3711	0
3712	1
3713	0
3714	2
3715	0
3716	0
3717	1
3718	0
3719	2
3720	1
3721	0
3722	1
3723	6
3724	0
3725	0
3726	1
3727	1
3728	1
3729	1
3730	2
3731	2
3732	0
3733	1
3734	2
3735	0
3736	0
3737	0
3738	1
3739	2
3740	3
3741	2
3742	0
3743	1
3744	1
3745	4
3746	1
3747	1
3748	1
3749	1
3750	1
3751	1
3752	3
3753	3
3754	2
3755	1
3756	3
3757	0
3758	2
3759	2
3760	0
3761	0
3762	0
3763	1
3764	2
3765	1
3766	0
3767	2
3768	0
3769	2
3770	0
3771	1
3772	1
3773	1
3774	2
3775	2
3776	0
3777	0
3778	1
3779	0
3780	0
3781	0
3782	0
3783	0
3784	0
3785	1
3786	2
3787	1
3788	1
3789	1
3790	2
3791	0
3792	3
3793	1
3794	0
3795	2
3796	0
3797	1
3798	0
3799	0
3800	0
3801	2
3802	1
3803	0
3804	2
3805	1
3806	3
3807	1
3808	1
3809	1
3810	0
3811	1
3812	1
3813	1
3814	1
3815	0
3816	0
3817	1
3818	0
3819	2
3820	1
3821	0
3822	0
3823	0
3824	0
3825	0
3826	0
3827	1
3828	2
3829	0
3830	0
3831	1
3832	0
3833	1
3834	0
3835	1
3836	1
3837	0
3838	1
3839	0
3840	0
3841	1
3842	0
3843	3
3844	1
3845	0
3846	0
3847	2
3848	0
3849	0
3850	0
3851	2
3852	1
3853	0
3854	3
3855	2
3856	2
3857	1
3858	1
3859	0
3860	1
3861	1
3862	0
3863	0
3864	1
3865	0
3866	1
3867	0
3868	1
3869	2
3870	1
3871	1
3872	0
3873	2
3874	0
3875	1
3876	0
3877	1
3878	0
3879	1
3880	2
3881	0
3882	2
3883	1
3884	2
3885	0
3886	1
3887	1
3888	1
3889	2
3890	0
3891	1
3892	1
3893	0
3894	1
3895	1
3896	1
3897	0
3898	0
3899	0
3900	0
3901	1
3902	0
3903	0
3904	0
3905	0
3906	0
3907	0
3908	0
3909	2
3910	0
3911	1
3912	0
3913	0
3914	0
3915	1
3916	0
3917	0
3918	0
3919	0
3920	1
3921	0
3922	1
3923	0
3924	1
3925	0
3926	0
3927	1
3928	0
3929	0
3930	0
3931	0
3932	0
3933	0
3934	0
3935	0
3936	0
3937	1
3938	2
3939	0
3940	0
3941	1
3942	1
3943	1
3944	0
3945	0
3946	2
3947	1
3948	0
3949	0
3950	1
3951	2
3952	0
3953	1
3954	2
3955	0
3956	0
3957	1
3958	0
3959	1
3960	1
3961	0
3962	0
3963	1
3964	1
3965	0
3966	0
3967	1
3968	1
3969	0
3970	0
3971	0
3972	0
3973	0
3974	1
3975	0
3976	0
3977	0
3978	1
3979	2
3980	0
3981	1
3982	0
3983	1
3984	1
3985	1
3986	2
3987	1
3988	0
3989	0
3990	2
3991	1
3992	1
3993	0
3994	0
3995	0
3996	0
3997	0
3998	0
3999	1
4000	0
4001	0
4002	0
4003	1
4004	0
4005	2
4006	0
4007	0
4008	0
4009	0
4010	0
4011	0
4012	0
4013	0
4014	0
4015	0
4016	1
4017	1
4018	0
4019	1
4020	1
4021	0
4022	1
4023	0
4024	0
4025	0
4026	1
4027	0
4028	1
4029	0
4030	0
4031	0
4032	0
4033	0
4034	1
4035	0
4036	1
4037	1
4038	0
4039	0
4040	0
4041	0
4042	1
4043	0
4044	0
4045	0
4046	0
4047	0
4048	1
4049	1
4050	0
4051	1
4052	0
4053	2
4054	0
4055	0
4056	0
4057	1
4058	0
4059	1
4060	0
4061	0
4062	1
4063	0
4064	0
4065	0
4066	0
4067	0
4068	1
4069	0
4070	0
4071	0
4072	0
4073	2
4074	1
4075	0
4076	0
4077	0
4078	0
4079	0
4080	0
4081	0
4082	0
4083	2
4084	0
4085	0
4086	0
4087	0
4088	0
4089	0
4090	0
4091	0
4092	1
4093	3
4094	0
4095	1
