0	0
1	0
2	0
3	0
4	0
5	0
6	0
7	0
8	0
9	0
10	0
11	0
12	0
13	0
14	0
15	0
16	0
17	0
18	0
19	0
20	0
21	0
22	0
23	0
24	0
25	0
26	0
27	0
28	0
29	0
30	0
31	1
32	0
33	0
34	0
35	0
36	0
37	0
38	0
39	1
40	2
41	1
42	1
43	2
44	2
45	0
46	2
47	3
48	2
49	2
50	2
51	4
52	2
53	4
54	3
55	7
56	6
57	0
58	6
59	7
60	8
61	32
62	115
63	380
64	714
65	719
66	632
67	570
68	463
69	436
70	326
71	283
72	278
73	234
74	225
75	180
76	180
77	158
78	147
79	112
80	127
81	129
82	91
83	105
84	100
85	81
86	87
87	96
88	79
89	81
90	89
91	92
92	100
93	94
94	106
95	82
96	90
97	87
98	74
99	94
100	103
101	84
102	96
103	101
104	82
105	97
106	82
107	85
108	96
109	99
110	82
111	72
112	79
113	80
114	96
115	94
116	91
117	76
118	89
119	79
120	94
121	101
122	87
123	79
124	90
125	89
126	78
127	77
128	90
129	73
130	82
131	110
132	77
133	101
134	87
135	88
136	84
137	95
138	91
139	82
140	95
141	76
142	96
143	97
144	92
145	90
146	72
147	79
148	92
149	96
150	90
151	88
152	94
153	78
154	84
155	93
156	92
157	76
158	108
159	93
160	92
161	86
162	94
163	84
164	93
165	93
166	101
167	83
168	98
169	80
170	86
171	106
172	91
173	110
174	82
175	84
176	85
177	116
178	85
179	113
180	93
181	79
182	94
183	93
184	83
185	98
186	103
187	99
188	99
189	98
190	109
191	88
192	89
193	98
194	81
195	92
196	85
197	90
198	93
199	89
200	86
201	105
202	72
203	89
204	94
205	73
206	99
207	92
208	85
209	92
210	98
211	91
212	103
213	84
214	86
215	96
216	93
217	90
218	78
219	98
220	87
221	91
222	85
223	102
224	88
225	92
226	93
227	96
228	81
229	110
230	96
231	97
232	110
233	116
234	89
235	90
236	110
237	94
238	102
239	110
240	99
241	102
242	115
243	105
244	97
245	87
246	85
247	110
248	118
249	92
250	106
251	91
252	94
253	98
254	91
255	95
256	103
257	92
258	101
259	93
260	86
261	102
262	116
263	96
264	102
265	101
266	91
267	100
268	107
269	84
270	96
271	110
272	95
273	85
274	110
275	114
276	88
277	99
278	101
279	102
280	103
281	101
282	99
283	102
284	108
285	94
286	87
287	73
288	97
289	87
290	93
291	98
292	100
293	108
294	88
295	93
296	88
297	108
298	118
299	87
300	100
301	101
302	115
303	116
304	123
305	99
306	112
307	112
308	97
309	106
310	102
311	94
312	121
313	102
314	126
315	112
316	114
317	99
318	120
319	119
320	107
321	124
322	119
323	85
324	127
325	117
326	100
327	121
328	113
329	130
330	136
331	108
332	109
333	116
334	124
335	121
336	95
337	129
338	116
339	132
340	123
341	121
342	98
343	134
344	126
345	111
346	112
347	126
348	111
349	108
350	129
351	133
352	110
353	118
354	127
355	121
356	136
357	139
358	132
359	107
360	136
361	124
362	110
363	146
364	122
365	111
366	133
367	134
368	117
369	144
370	120
371	119
372	145
373	147
374	125
375	156
376	122
377	146
378	137
379	133
380	131
381	144
382	144
383	133
384	153
385	169
386	148
387	170
388	157
389	144
390	157
391	140
392	148
393	157
394	155
395	124
396	141
397	147
398	152
399	163
400	146
401	159
402	142
403	149
404	152
405	162
406	159
407	145
408	119
409	140
410	159
411	139
412	138
413	151
414	137
415	160
416	135
417	145
418	166
419	164
420	146
421	154
422	144
423	157
424	164
425	153
426	149
427	159
428	152
429	132
430	175
431	134
432	152
433	148
434	165
435	148
436	136
437	142
438	160
439	159
440	149
441	156
442	138
443	142
444	149
445	153
446	155
447	140
448	152
449	159
450	152
451	162
452	153
453	139
454	136
455	159
456	142
457	149
458	140
459	157
460	149
461	148
462	136
463	168
464	155
465	121
466	146
467	147
468	129
469	146
470	150
471	123
472	131
473	159
474	149
475	157
476	144
477	155
478	160
479	135
480	138
481	151
482	140
483	128
484	152
485	143
486	135
487	165
488	136
489	140
490	138
491	127
492	134
493	138
494	118
495	132
496	132
497	120
498	111
499	157
500	125
501	144
502	115
503	127
504	118
505	132
506	112
507	114
508	110
509	130
510	130
511	124
512	120
513	163
514	144
515	140
516	127
517	142
518	120
519	107
520	129
521	135
522	144
523	109
524	130
525	133
526	98
527	113
528	120
529	118
530	117
531	129
532	134
533	130
534	131
535	101
536	119
537	118
538	113
539	119
540	123
541	121
542	108
543	121
544	113
545	128
546	126
547	116
548	105
549	115
550	130
551	114
552	118
553	132
554	135
555	126
556	120
557	122
558	113
559	121
560	130
561	114
562	113
563	127
564	116
565	111
566	102
567	104
568	135
569	110
570	131
571	119
572	113
573	121
574	114
575	120
576	124
577	125
578	113
579	115
580	105
581	112
582	125
583	106
584	122
585	99
586	132
587	113
588	107
589	108
590	121
591	122
592	115
593	97
594	107
595	123
596	120
597	94
598	109
599	111
600	124
601	111
602	126
603	106
604	105
605	125
606	94
607	143
608	106
609	124
610	109
611	105
612	100
613	119
614	110
615	116
616	108
617	128
618	108
619	128
620	101
621	128
622	103
623	92
624	107
625	117
626	139
627	101
628	114
629	128
630	124
631	98
632	114
633	123
634	107
635	125
636	108
637	104
638	136
639	109
640	115
641	118
642	110
643	117
644	112
645	103
646	107
647	118
648	101
649	101
650	88
651	133
652	110
653	121
654	130
655	100
656	95
657	116
658	107
659	122
660	122
661	125
662	120
663	114
664	107
665	122
666	121
667	100
668	106
669	113
670	117
671	106
672	115
673	107
674	114
675	118
676	139
677	112
678	89
679	112
680	114
681	102
682	108
683	132
684	151
685	119
686	110
687	124
688	117
689	138
690	110
691	139
692	122
693	110
694	112
695	118
696	136
697	116
698	105
699	114
700	123
701	118
702	134
703	134
704	108
705	111
706	115
707	122
708	110
709	118
710	138
711	143
712	102
713	109
714	110
715	101
716	150
717	122
718	125
719	111
720	133
721	140
722	104
723	128
724	145
725	148
726	137
727	123
728	118
729	115
730	125
731	123
732	130
733	131
734	107
735	121
736	150
737	103
738	132
739	126
740	124
741	111
742	122
743	120
744	133
745	138
746	120
747	125
748	151
749	113
750	130
751	121
752	108
753	146
754	123
755	126
756	132
757	121
758	130
759	134
760	128
761	137
762	130
763	123
764	122
765	145
766	128
767	111
768	129
769	121
770	134
771	91
772	115
773	131
774	137
775	133
776	139
777	131
778	139
779	125
780	138
781	131
782	135
783	128
784	131
785	139
786	142
787	131
788	159
789	128
790	98
791	131
792	125
793	125
794	139
795	133
796	141
797	122
798	114
799	142
800	128
801	142
802	128
803	124
804	135
805	138
806	121
807	126
808	143
809	143
810	157
811	151
812	134
813	132
814	149
815	137
816	162
817	146
818	116
819	124
820	145
821	136
822	130
823	134
824	134
825	135
826	141
827	127
828	138
829	147
830	134
831	142
832	130
833	148
834	139
835	146
836	113
837	140
838	131
839	148
840	120
841	138
842	162
843	143
844	139
845	122
846	146
847	143
848	137
849	136
850	148
851	137
852	139
853	156
854	137
855	149
856	144
857	167
858	140
859	143
860	136
861	141
862	132
863	131
864	148
865	128
866	130
867	128
868	149
869	122
870	140
871	129
872	157
873	144
874	150
875	130
876	144
877	143
878	139
879	151
880	134
881	147
882	127
883	133
884	154
885	148
886	135
887	157
888	145
889	160
890	148
891	151
892	144
893	171
894	168
895	134
896	132
897	138
898	128
899	135
900	140
901	135
902	167
903	168
904	161
905	132
906	131
907	128
908	162
909	167
910	169
911	160
912	124
913	148
914	153
915	158
916	142
917	169
918	154
919	162
920	119
921	146
922	137
923	163
924	141
925	140
926	134
927	138
928	150
929	144
930	145
931	183
932	129
933	166
934	153
935	156
936	154
937	148
938	121
939	142
940	133
941	132
942	161
943	135
944	157
945	129
946	165
947	154
948	166
949	129
950	170
951	153
952	145
953	173
954	142
955	142
956	121
957	138
958	200
959	155
960	151
961	163
962	165
963	147
964	159
965	149
966	163
967	140
968	152
969	147
970	130
971	145
972	148
973	138
974	158
975	156
976	160
977	157
978	146
979	149
980	153
981	162
982	143
983	134
984	154
985	162
986	138
987	144
988	155
989	146
990	155
991	155
992	128
993	146
994	152
995	160
996	168
997	142
998	156
999	138
1000	152
1001	157
1002	142
1003	151
1004	151
1005	164
1006	165
1007	151
1008	161
1009	168
1010	165
1011	160
1012	153
1013	161
1014	150
1015	160
1016	155
1017	162
1018	127
1019	130
1020	160
1021	144
1022	149
1023	159
1024	150
1025	165
1026	144
1027	130
1028	147
1029	147
1030	144
1031	135
1032	148
1033	155
1034	139
1035	139
1036	133
1037	178
1038	179
1039	159
1040	152
1041	159
1042	136
1043	158
1044	151
1045	164
1046	150
1047	139
1048	162
1049	146
1050	144
1051	144
1052	132
1053	172
1054	165
1055	155
1056	152
1057	154
1058	140
1059	124
1060	156
1061	141
1062	161
1063	137
1064	153
1065	137
1066	141
1067	153
1068	114
1069	171
1070	160
1071	153
1072	150
1073	152
1074	167
1075	140
1076	137
1077	156
1078	137
1079	141
1080	129
1081	153
1082	159
1083	128
1084	157
1085	139
1086	144
1087	168
1088	161
1089	163
1090	133
1091	157
1092	150
1093	159
1094	154
1095	158
1096	139
1097	152
1098	151
1099	148
1100	151
1101	147
1102	161
1103	150
1104	117
1105	134
1106	164
1107	152
1108	161
1109	146
1110	174
1111	143
1112	118
1113	151
1114	160
1115	129
1116	119
1117	129
1118	142
1119	136
1120	133
1121	155
1122	163
1123	145
1124	120
1125	142
1126	144
1127	155
1128	163
1129	140
1130	159
1131	135
1132	146
1133	134
1134	146
1135	124
1136	136
1137	148
1138	128
1139	153
1140	160
1141	143
1142	130
1143	142
1144	153
1145	156
1146	151
1147	172
1148	143
1149	138
1150	151
1151	123
1152	128
1153	123
1154	158
1155	125
1156	144
1157	140
1158	132
1159	138
1160	135
1161	137
1162	132
1163	141
1164	130
1165	133
1166	127
1167	124
1168	137
1169	142
1170	154
1171	142
1172	128
1173	157
1174	135
1175	154
1176	148
1177	141
1178	129
1179	152
1180	135
1181	136
1182	141
1183	155
1184	139
1185	144
1186	144
1187	157
1188	157
1189	140
1190	123
1191	130
1192	131
1193	150
1194	120
1195	138
1196	127
1197	143
1198	139
1199	137
1200	132
1201	142
1202	123
1203	121
1204	137
1205	138
1206	140
1207	141
1208	140
1209	138
1210	121
1211	127
1212	128
1213	110
1214	157
1215	122
1216	126
1217	130
1218	133
1219	136
1220	142
1221	160
1222	113
1223	138
1224	119
1225	137
1226	143
1227	131
1228	115
1229	144
1230	141
1231	130
1232	149
1233	134
1234	125
1235	124
1236	129
1237	122
1238	146
1239	140
1240	118
1241	102
1242	131
1243	128
1244	134
1245	134
1246	115
1247	139
1248	134
1249	124
1250	129
1251	147
1252	120
1253	117
1254	138
1255	124
1256	129
1257	139
1258	130
1259	113
1260	134
1261	137
1262	115
1263	118
1264	128
1265	115
1266	123
1267	137
1268	137
1269	125
1270	138
1271	136
1272	136
1273	130
1274	122
1275	124
1276	137
1277	124
1278	142
1279	130
1280	113
1281	129
1282	116
1283	117
1284	137
1285	120
1286	115
1287	133
1288	112
1289	127
1290	132
1291	113
1292	125
1293	133
1294	106
1295	120
1296	116
1297	126
1298	132
1299	104
1300	113
1301	134
1302	136
1303	120
1304	132
1305	112
1306	130
1307	125
1308	138
1309	94
1310	121
1311	119
1312	132
1313	119
1314	106
1315	130
1316	126
1317	111
1318	110
1319	128
1320	118
1321	116
1322	110
1323	105
1324	128
1325	113
1326	128
1327	110
1328	121
1329	127
1330	129
1331	117
1332	117
1333	124
1334	130
1335	120
1336	119
1337	107
1338	125
1339	121
1340	112
1341	133
1342	109
1343	135
1344	131
1345	117
1346	128
1347	135
1348	125
1349	115
1350	111
1351	112
1352	140
1353	120
1354	136
1355	120
1356	140
1357	114
1358	133
1359	121
1360	128
1361	101
1362	131
1363	103
1364	124
1365	118
1366	112
1367	119
1368	96
1369	124
1370	129
1371	115
1372	112
1373	123
1374	109
1375	126
1376	110
1377	100
1378	121
1379	116
1380	112
1381	116
1382	112
1383	112
1384	99
1385	119
1386	111
1387	99
1388	120
1389	138
1390	122
1391	110
1392	111
1393	117
1394	120
1395	121
1396	109
1397	122
1398	118
1399	126
1400	116
1401	121
1402	116
1403	103
1404	127
1405	136
1406	124
1407	121
1408	107
1409	105
1410	143
1411	101
1412	112
1413	126
1414	114
1415	117
1416	106
1417	112
1418	109
1419	131
1420	123
1421	104
1422	120
1423	113
1424	108
1425	114
1426	110
1427	120
1428	104
1429	104
1430	116
1431	111
1432	104
1433	134
1434	92
1435	125
1436	105
1437	120
1438	109
1439	108
1440	112
1441	119
1442	115
1443	108
1444	99
1445	122
1446	104
1447	122
1448	111
1449	106
1450	133
1451	113
1452	109
1453	109
1454	126
1455	120
1456	97
1457	114
1458	106
1459	128
1460	121
1461	93
1462	119
1463	106
1464	108
1465	110
1466	116
1467	116
1468	111
1469	121
1470	111
1471	94
1472	125
1473	113
1474	126
1475	120
1476	108
1477	120
1478	122
1479	103
1480	107
1481	98
1482	127
1483	109
1484	96
1485	105
1486	117
1487	101
1488	113
1489	120
1490	111
1491	97
1492	126
1493	114
1494	109
1495	123
1496	123
1497	109
1498	102
1499	97
1500	96
1501	108
1502	101
1503	119
1504	115
1505	120
1506	96
1507	108
1508	107
1509	99
1510	93
1511	118
1512	104
1513	117
1514	94
1515	89
1516	104
1517	124
1518	110
1519	108
1520	118
1521	115
1522	108
1523	105
1524	109
1525	109
1526	127
1527	112
1528	96
1529	113
1530	108
1531	116
1532	113
1533	110
1534	89
1535	107
1536	92
1537	107
1538	107
1539	112
1540	102
1541	113
1542	104
1543	111
1544	103
1545	85
1546	102
1547	92
1548	114
1549	107
1550	105
1551	91
1552	123
1553	115
1554	117
1555	98
1556	104
1557	102
1558	99
1559	99
1560	111
1561	131
1562	98
1563	87
1564	118
1565	106
1566	107
1567	101
1568	98
1569	102
1570	92
1571	98
1572	93
1573	103
1574	114
1575	113
1576	102
1577	97
1578	81
1579	95
1580	117
1581	106
1582	82
1583	99
1584	102
1585	98
1586	113
1587	105
1588	110
1589	121
1590	112
1591	118
1592	111
1593	111
1594	114
1595	121
1596	92
1597	115
1598	84
1599	121
1600	104
1601	112
1602	107
1603	107
1604	97
1605	104
1606	99
1607	98
1608	106
1609	94
1610	88
1611	78
1612	91
1613	108
1614	111
1615	108
1616	113
1617	90
1618	87
1619	109
1620	106
1621	102
1622	90
1623	92
1624	132
1625	111
1626	110
1627	81
1628	114
1629	109
1630	110
1631	108
1632	110
1633	112
1634	101
1635	111
1636	103
1637	106
1638	112
1639	117
1640	98
1641	94
1642	123
1643	109
1644	111
1645	119
1646	110
1647	109
1648	107
1649	104
1650	111
1651	105
1652	117
1653	117
1654	112
1655	95
1656	90
1657	116
1658	101
1659	109
1660	99
1661	103
1662	105
1663	107
1664	108
1665	98
1666	98
1667	103
1668	100
1669	99
1670	81
1671	110
1672	101
1673	101
1674	102
1675	92
1676	99
1677	91
1678	78
1679	89
1680	108
1681	112
1682	93
1683	113
1684	105
1685	120
1686	106
1687	96
1688	107
1689	110
1690	109
1691	96
1692	100
1693	117
1694	92
1695	89
1696	107
1697	112
1698	111
1699	100
1700	87
1701	95
1702	106
1703	116
1704	115
1705	97
1706	100
1707	103
1708	111
1709	114
1710	91
1711	113
1712	96
1713	95
1714	98
1715	101
1716	66
1717	105
1718	93
1719	105
1720	106
1721	101
1722	102
1723	81
1724	101
1725	116
1726	101
1727	80
1728	100
1729	96
1730	98
1731	93
1732	103
1733	93
1734	108
1735	90
1736	96
1737	105
1738	107
1739	107
1740	105
1741	105
1742	91
1743	107
1744	97
1745	93
1746	103
1747	73
1748	96
1749	117
1750	98
1751	105
1752	94
1753	98
1754	96
1755	112
1756	85
1757	93
1758	101
1759	83
1760	115
1761	90
1762	82
1763	99
1764	97
1765	105
1766	100
1767	107
1768	95
1769	106
1770	93
1771	113
1772	87
1773	118
1774	91
1775	85
1776	97
1777	98
1778	124
1779	95
1780	98
1781	86
1782	87
1783	94
1784	112
1785	92
1786	105
1787	83
1788	100
1789	95
1790	101
1791	88
1792	90
1793	99
1794	105
1795	100
1796	101
1797	113
1798	91
1799	88
1800	91
1801	100
1802	108
1803	91
1804	98
1805	99
1806	94
1807	89
1808	100
1809	94
1810	110
1811	107
1812	116
1813	73
1814	102
1815	86
1816	114
1817	119
1818	97
1819	94
1820	107
1821	105
1822	95
1823	84
1824	129
1825	98
1826	96
1827	87
1828	98
1829	78
1830	104
1831	93
1832	100
1833	86
1834	98
1835	96
1836	80
1837	92
1838	104
1839	90
1840	96
1841	114
1842	90
1843	82
1844	86
1845	86
1846	99
1847	93
1848	102
1849	120
1850	91
1851	93
1852	99
1853	89
1854	105
1855	105
1856	100
1857	90
1858	105
1859	98
1860	89
1861	93
1862	97
1863	77
1864	90
1865	103
1866	94
1867	105
1868	89
1869	98
1870	101
1871	103
1872	94
1873	92
1874	95
1875	92
1876	90
1877	104
1878	93
1879	93
1880	93
1881	99
1882	97
1883	116
1884	98
1885	104
1886	82
1887	85
1888	96
1889	89
1890	91
1891	96
1892	93
1893	104
1894	100
1895	112
1896	113
1897	103
1898	112
1899	76
1900	96
1901	101
1902	98
1903	97
1904	109
1905	106
1906	104
1907	107
1908	101
1909	102
1910	92
1911	93
1912	106
1913	99
1914	91
1915	100
1916	98
1917	87
1918	90
1919	91
1920	86
1921	81
1922	89
1923	103
1924	73
1925	104
1926	94
1927	94
1928	79
1929	91
1930	99
1931	88
1932	107
1933	76
1934	82
1935	91
1936	102
1937	94
1938	93
1939	95
1940	93
1941	103
1942	100
1943	82
1944	98
1945	103
1946	94
1947	92
1948	91
1949	91
1950	77
1951	99
1952	104
1953	92
1954	100
1955	99
1956	101
1957	75
1958	90
1959	81
1960	83
1961	86
1962	82
1963	94
1964	100
1965	80
1966	76
1967	101
1968	88
1969	96
1970	92
1971	93
1972	78
1973	84
1974	84
1975	99
1976	98
1977	78
1978	102
1979	80
1980	95
1981	90
1982	77
1983	103
1984	97
1985	90
1986	70
1987	91
1988	75
1989	98
1990	97
1991	98
1992	82
1993	69
1994	97
1995	92
1996	99
1997	94
1998	91
1999	82
2000	93
2001	95
2002	83
2003	95
2004	91
2005	94
2006	73
2007	92
2008	108
2009	88
2010	92
2011	100
2012	97
2013	93
2014	84
2015	90
2016	100
2017	89
2018	79
2019	97
2020	85
2021	88
2022	82
2023	117
2024	101
2025	92
2026	97
2027	101
2028	111
2029	114
2030	88
2031	109
2032	86
2033	108
2034	85
2035	103
2036	80
2037	92
2038	85
2039	66
2040	92
2041	87
2042	100
2043	83
2044	96
2045	72
2046	84
2047	82
2048	97
2049	87
2050	83
2051	80
2052	92
2053	103
2054	86
2055	73
2056	75
2057	80
2058	90
2059	85
2060	98
2061	94
2062	98
2063	98
2064	84
2065	81
2066	80
2067	92
2068	89
2069	89
2070	90
2071	91
2072	71
2073	76
2074	89
2075	81
2076	66
2077	75
2078	78
2079	95
2080	93
2081	101
2082	103
2083	81
2084	106
2085	80
2086	66
2087	71
2088	70
2089	75
2090	86
2091	73
2092	90
2093	82
2094	78
2095	81
2096	95
2097	88
2098	80
2099	91
2100	99
2101	74
2102	82
2103	98
2104	81
2105	89
2106	89
2107	86
2108	96
2109	90
2110	81
2111	79
2112	101
2113	90
2114	94
2115	92
2116	82
2117	80
2118	95
2119	91
2120	76
2121	74
2122	76
2123	79
2124	92
2125	92
2126	86
2127	81
2128	72
2129	86
2130	88
2131	95
2132	83
2133	81
2134	73
2135	77
2136	64
2137	84
2138	72
2139	104
2140	97
2141	88
2142	81
2143	67
2144	87
2145	92
2146	73
2147	88
2148	80
2149	91
2150	72
2151	86
2152	81
2153	85
2154	79
2155	95
2156	62
2157	72
2158	87
2159	86
2160	96
2161	87
2162	78
2163	80
2164	80
2165	70
2166	72
2167	91
2168	66
2169	82
2170	82
2171	70
2172	72
2173	73
2174	69
2175	81
2176	86
2177	71
2178	68
2179	67
2180	75
2181	75
2182	75
2183	79
2184	77
2185	69
2186	72
2187	78
2188	68
2189	76
2190	76
2191	64
2192	72
2193	73
2194	89
2195	83
2196	80
2197	80
2198	70
2199	67
2200	81
2201	80
2202	68
2203	71
2204	80
2205	74
2206	69
2207	70
2208	77
2209	65
2210	74
2211	72
2212	83
2213	83
2214	59
2215	63
2216	78
2217	62
2218	79
2219	77
2220	71
2221	62
2222	89
2223	67
2224	72
2225	79
2226	73
2227	73
2228	73
2229	78
2230	76
2231	74
2232	53
2233	66
2234	59
2235	88
2236	59
2237	69
2238	57
2239	77
2240	72
2241	69
2242	77
2243	74
2244	69
2245	82
2246	70
2247	73
2248	76
2249	75
2250	74
2251	72
2252	77
2253	72
2254	83
2255	71
2256	78
2257	68
2258	70
2259	75
2260	77
2261	62
2262	72
2263	71
2264	75
2265	72
2266	68
2267	64
2268	75
2269	66
2270	75
2271	70
2272	69
2273	62
2274	65
2275	71
2276	65
2277	72
2278	60
2279	66
2280	81
2281	65
2282	76
2283	71
2284	67
2285	64
2286	82
2287	64
2288	69
2289	64
2290	59
2291	68
2292	67
2293	68
2294	66
2295	56
2296	73
2297	75
2298	70
2299	65
2300	72
2301	80
2302	57
2303	61
2304	55
2305	53
2306	79
2307	55
2308	65
2309	72
2310	65
2311	74
2312	74
2313	68
2314	75
2315	65
2316	68
2317	64
2318	70
2319	60
2320	59
2321	51
2322	57
2323	67
2324	65
2325	72
2326	63
2327	52
2328	67
2329	87
2330	60
2331	63
2332	67
2333	50
2334	62
2335	59
2336	70
2337	76
2338	73
2339	65
2340	81
2341	63
2342	63
2343	59
2344	54
2345	61
2346	47
2347	66
2348	65
2349	66
2350	55
2351	57
2352	72
2353	62
2354	66
2355	63
2356	80
2357	60
2358	76
2359	76
2360	67
2361	57
2362	57
2363	58
2364	68
2365	64
2366	64
2367	75
2368	67
2369	72
2370	62
2371	67
2372	57
2373	65
2374	66
2375	53
2376	59
2377	65
2378	63
2379	67
2380	62
2381	74
2382	45
2383	64
2384	62
2385	89
2386	81
2387	60
2388	56
2389	52
2390	62
2391	65
2392	54
2393	60
2394	78
2395	58
2396	70
2397	70
2398	68
2399	65
2400	59
2401	49
2402	62
2403	56
2404	65
2405	73
2406	50
2407	67
2408	67
2409	56
2410	57
2411	68
2412	74
2413	70
2414	71
2415	56
2416	57
2417	69
2418	70
2419	56
2420	55
2421	53
2422	58
2423	51
2424	62
2425	57
2426	50
2427	67
2428	36
2429	59
2430	58
2431	62
2432	52
2433	53
2434	61
2435	63
2436	82
2437	59
2438	65
2439	68
2440	67
2441	44
2442	70
2443	54
2444	51
2445	70
2446	66
2447	74
2448	62
2449	59
2450	67
2451	53
2452	66
2453	61
2454	71
2455	50
2456	75
2457	58
2458	62
2459	72
2460	62
2461	60
2462	62
2463	65
2464	55
2465	50
2466	63
2467	65
2468	69
2469	53
2470	66
2471	66
2472	70
2473	63
2474	56
2475	52
2476	63
2477	74
2478	55
2479	57
2480	52
2481	60
2482	67
2483	65
2484	71
2485	74
2486	59
2487	76
2488	60
2489	64
2490	80
2491	49
2492	41
2493	56
2494	75
2495	64
2496	59
2497	48
2498	50
2499	75
2500	39
2501	60
2502	62
2503	69
2504	55
2505	52
2506	58
2507	55
2508	59
2509	71
2510	61
2511	61
2512	58
2513	56
2514	78
2515	65
2516	50
2517	60
2518	62
2519	61
2520	45
2521	72
2522	80
2523	57
2524	56
2525	63
2526	65
2527	50
2528	68
2529	67
2530	66
2531	58
2532	56
2533	76
2534	77
2535	64
2536	67
2537	68
2538	74
2539	72
2540	63
2541	70
2542	52
2543	67
2544	66
2545	58
2546	78
2547	64
2548	59
2549	46
2550	47
2551	82
2552	64
2553	72
2554	56
2555	65
2556	77
2557	70
2558	61
2559	82
2560	74
2561	70
2562	60
2563	72
2564	54
2565	59
2566	51
2567	64
2568	71
2569	66
2570	66
2571	68
2572	66
2573	72
2574	68
2575	67
2576	54
2577	74
2578	73
2579	58
2580	76
2581	78
2582	63
2583	71
2584	78
2585	68
2586	68
2587	63
2588	62
2589	78
2590	63
2591	61
2592	60
2593	77
2594	57
2595	67
2596	66
2597	69
2598	60
2599	47
2600	62
2601	67
2602	66
2603	65
2604	61
2605	72
2606	76
2607	80
2608	68
2609	63
2610	69
2611	69
2612	68
2613	57
2614	68
2615	67
2616	68
2617	73
2618	62
2619	83
2620	71
2621	70
2622	89
2623	71
2624	63
2625	65
2626	68
2627	73
2628	80
2629	82
2630	80
2631	76
2632	57
2633	73
2634	67
2635	75
2636	72
2637	69
2638	77
2639	73
2640	67
2641	71
2642	72
2643	66
2644	83
2645	86
2646	89
2647	89
2648	66
2649	88
2650	68
2651	95
2652	71
2653	66
2654	76
2655	70
2656	86
2657	67
2658	74
2659	84
2660	93
2661	75
2662	75
2663	78
2664	82
2665	79
2666	75
2667	74
2668	90
2669	83
2670	72
2671	94
2672	70
2673	74
2674	80
2675	79
2676	83
2677	78
2678	80
2679	84
2680	88
2681	90
2682	71
2683	99
2684	65
2685	68
2686	66
2687	78
2688	70
2689	84
2690	73
2691	89
2692	97
2693	85
2694	85
2695	82
2696	83
2697	82
2698	91
2699	85
2700	102
2701	98
2702	82
2703	96
2704	73
2705	98
2706	78
2707	89
2708	87
2709	94
2710	75
2711	84
2712	90
2713	108
2714	78
2715	89
2716	90
2717	76
2718	100
2719	90
2720	88
2721	79
2722	98
2723	86
2724	113
2725	83
2726	89
2727	88
2728	87
2729	103
2730	87
2731	109
2732	97
2733	95
2734	115
2735	97
2736	98
2737	98
2738	119
2739	101
2740	90
2741	93
2742	104
2743	104
2744	81
2745	90
2746	102
2747	81
2748	119
2749	93
2750	87
2751	103
2752	111
2753	95
2754	99
2755	92
2756	102
2757	85
2758	104
2759	101
2760	86
2761	102
2762	90
2763	98
2764	93
2765	93
2766	102
2767	110
2768	108
2769	102
2770	128
2771	114
2772	113
2773	99
2774	124
2775	102
2776	117
2777	115
2778	112
2779	120
2780	117
2781	116
2782	102
2783	102
2784	93
2785	119
2786	104
2787	99
2788	108
2789	117
2790	122
2791	106
2792	121
2793	130
2794	129
2795	97
2796	107
2797	121
2798	99
2799	103
2800	100
2801	121
2802	110
2803	102
2804	120
2805	113
2806	122
2807	136
2808	111
2809	111
2810	121
2811	117
2812	116
2813	113
2814	114
2815	149
2816	144
2817	117
2818	119
2819	112
2820	99
2821	127
2822	127
2823	133
2824	128
2825	128
2826	131
2827	120
2828	114
2829	132
2830	124
2831	118
2832	135
2833	123
2834	111
2835	123
2836	142
2837	117
2838	142
2839	138
2840	121
2841	113
2842	121
2843	138
2844	128
2845	159
2846	123
2847	101
2848	134
2849	138
2850	137
2851	104
2852	131
2853	141
2854	145
2855	144
2856	151
2857	146
2858	142
2859	118
2860	133
2861	139
2862	132
2863	140
2864	139
2865	157
2866	132
2867	159
2868	144
2869	147
2870	135
2871	126
2872	139
2873	146
2874	125
2875	124
2876	121
2877	132
2878	129
2879	131
2880	132
2881	139
2882	147
2883	118
2884	135
2885	143
2886	149
2887	126
2888	133
2889	141
2890	148
2891	151
2892	142
2893	139
2894	135
2895	133
2896	161
2897	126
2898	139
2899	138
2900	160
2901	147
2902	140
2903	142
2904	151
2905	145
2906	150
2907	148
2908	154
2909	133
2910	153
2911	166
2912	162
2913	151
2914	158
2915	148
2916	160
2917	156
2918	162
2919	158
2920	141
2921	152
2922	170
2923	145
2924	162
2925	127
2926	153
2927	168
2928	159
2929	151
2930	151
2931	145
2932	170
2933	155
2934	146
2935	153
2936	146
2937	133
2938	172
2939	168
2940	131
2941	162
2942	158
2943	166
2944	154
2945	165
2946	175
2947	176
2948	160
2949	148
2950	167
2951	151
2952	162
2953	159
2954	144
2955	173
2956	160
2957	181
2958	170
2959	186
2960	174
2961	183
2962	162
2963	198
2964	168
2965	173
2966	187
2967	150
2968	155
2969	170
2970	170
2971	194
2972	162
2973	180
2974	161
2975	153
2976	185
2977	140
2978	157
2979	175
2980	191
2981	183
2982	177
2983	171
2984	166
2985	185
2986	160
2987	168
2988	161
2989	192
2990	170
2991	165
2992	177
2993	176
2994	167
2995	199
2996	175
2997	188
2998	158
2999	168
3000	194
3001	147
3002	177
3003	143
3004	158
3005	170
3006	155
3007	195
3008	186
3009	187
3010	181
3011	179
3012	177
3013	179
3014	176
3015	164
3016	181
3017	162
3018	191
3019	201
3020	183
3021	186
3022	183
3023	158
3024	149
3025	168
3026	163
3027	168
3028	150
3029	191
3030	182
3031	187
3032	168
3033	183
3034	172
3035	182
3036	172
3037	195
3038	154
3039	179
3040	158
3041	187
3042	186
3043	150
3044	170
3045	163
3046	158
3047	165
3048	184
3049	177
3050	200
3051	173
3052	166
3053	173
3054	196
3055	185
3056	201
3057	179
3058	157
3059	174
3060	161
3061	164
3062	158
3063	173
3064	182
3065	177
3066	166
3067	192
3068	172
3069	162
3070	174
3071	152
3072	182
3073	167
3074	196
3075	168
3076	188
3077	179
3078	175
3079	198
3080	186
3081	163
3082	166
3083	162
3084	181
3085	186
3086	175
3087	185
3088	177
3089	159
3090	171
3091	202
3092	163
3093	197
3094	176
3095	181
3096	184
3097	174
3098	171
3099	200
3100	173
3101	186
3102	156
3103	196
3104	167
3105	191
3106	168
3107	184
3108	193
3109	192
3110	173
3111	186
3112	184
3113	169
3114	199
3115	185
3116	149
3117	174
3118	173
3119	171
3120	187
3121	177
3122	167
3123	171
3124	170
3125	192
3126	165
3127	178
3128	178
3129	163
3130	177
3131	175
3132	182
3133	170
3134	183
3135	172
3136	168
3137	161
3138	150
3139	161
3140	179
3141	154
3142	151
3143	189
3144	149
3145	173
3146	167
3147	152
3148	191
3149	177
3150	170
3151	187
3152	153
3153	181
3154	171
3155	169
3156	158
3157	163
3158	171
3159	155
3160	150
3161	174
3162	181
3163	148
3164	148
3165	147
3166	170
3167	174
3168	149
3169	172
3170	174
3171	171
3172	171
3173	168
3174	163
3175	171
3176	170
3177	170
3178	167
3179	145
3180	164
3181	144
3182	143
3183	164
3184	149
3185	151
3186	143
3187	153
3188	172
3189	156
3190	152
3191	150
3192	156
3193	176
3194	170
3195	180
3196	134
3197	138
3198	169
3199	149
3200	147
3201	137
3202	153
3203	147
3204	152
3205	181
3206	160
3207	156
3208	167
3209	145
3210	162
3211	142
3212	149
3213	158
3214	139
3215	146
3216	143
3217	143
3218	144
3219	144
3220	161
3221	115
3222	151
3223	147
3224	131
3225	161
3226	146
3227	144
3228	166
3229	120
3230	142
3231	137
3232	132
3233	131
3234	130
3235	143
3236	134
3237	160
3238	150
3239	153
3240	147
3241	149
3242	144
3243	139
3244	147
3245	124
3246	130
3247	124
3248	138
3249	120
3250	143
3251	131
3252	126
3253	142
3254	157
3255	127
3256	125
3257	126
3258	131
3259	129
3260	111
3261	121
3262	120
3263	123
3264	131
3265	119
3266	109
3267	121
3268	109
3269	151
3270	120
3271	121
3272	114
3273	119
3274	138
3275	129
3276	124
3277	130
3278	117
3279	136
3280	118
3281	147
3282	128
3283	121
3284	105
3285	136
3286	108
3287	128
3288	112
3289	123
3290	102
3291	131
3292	130
3293	125
3294	121
3295	118
3296	134
3297	117
3298	123
3299	102
3300	113
3301	115
3302	118
3303	102
3304	92
3305	118
3306	145
3307	111
3308	107
3309	109
3310	98
3311	100
3312	115
3313	112
3314	98
3315	110
3316	116
3317	103
3318	106
3319	107
3320	109
3321	92
3322	117
3323	98
3324	103
3325	104
3326	98
3327	92
3328	104
3329	110
3330	109
3331	105
3332	94
3333	90
3334	120
3335	122
3336	125
3337	102
3338	115
3339	72
3340	104
3341	106
3342	84
3343	94
3344	109
3345	101
3346	90
3347	83
3348	95
3349	94
3350	97
3351	80
3352	97
3353	115
3354	84
3355	90
3356	85
3357	96
3358	86
3359	82
3360	82
3361	77
3362	89
3363	95
3364	86
3365	91
3366	83
3367	94
3368	106
3369	78
3370	100
3371	70
3372	95
3373	67
3374	98
3375	80
3376	73
3377	90
3378	82
3379	87
3380	90
3381	78
3382	73
3383	88
3384	90
3385	77
3386	86
3387	89
3388	64
3389	69
3390	76
3391	78
3392	82
3393	73
3394	75
3395	77
3396	94
3397	74
3398	70
3399	77
3400	86
3401	73
3402	69
3403	75
3404	68
3405	69
3406	71
3407	61
3408	82
3409	72
3410	70
3411	66
3412	79
3413	79
3414	79
3415	74
3416	76
3417	53
3418	64
3419	70
3420	68
3421	89
3422	60
3423	59
3424	77
3425	60
3426	74
3427	67
3428	58
3429	56
3430	60
3431	57
3432	74
3433	64
3434	67
3435	60
3436	52
3437	69
3438	67
3439	46
3440	50
3441	62
3442	63
3443	58
3444	75
3445	51
3446	55
3447	49
3448	54
3449	58
3450	58
3451	55
3452	56
3453	59
3454	58
3455	64
3456	48
3457	44
3458	59
3459	56
3460	61
3461	61
3462	53
3463	54
3464	42
3465	50
3466	51
3467	49
3468	47
3469	45
3470	55
3471	52
3472	51
3473	45
3474	56
3475	48
3476	51
3477	55
3478	47
3479	43
3480	39
3481	42
3482	45
3483	53
3484	52
3485	43
3486	50
3487	47
3488	49
3489	51
3490	44
3491	51
3492	41
3493	42
3494	41
3495	44
3496	44
3497	49
3498	39
3499	44
3500	50
3501	43
3502	45
3503	45
3504	37
3505	40
3506	38
3507	36
3508	48
3509	40
3510	39
3511	45
3512	44
3513	39
3514	35
3515	35
3516	48
3517	29
3518	38
3519	35
3520	39
3521	28
3522	36
3523	32
3524	33
3525	31
3526	26
3527	35
3528	30
3529	34
3530	30
3531	33
3532	32
3533	33
3534	27
3535	37
3536	39
3537	31
3538	22
3539	42
3540	22
3541	33
3542	29
3543	28
3544	37
3545	32
3546	39
3547	33
3548	38
3549	35
3550	21
3551	28
3552	20
3553	28
3554	23
3555	27
3556	22
3557	24
3558	39
3559	28
3560	22
3561	29
3562	22
3563	22
3564	20
3565	23
3566	23
3567	34
3568	28
3569	27
3570	29
3571	22
3572	22
3573	26
3574	24
3575	24
3576	26
3577	21
3578	18
3579	23
3580	22
3581	27
3582	30
3583	24
3584	15
3585	23
3586	15
3587	24
3588	22
3589	20
3590	27
3591	15
3592	27
3593	20
3594	21
3595	18
3596	22
3597	17
3598	21
3599	21
3600	19
3601	20
3602	16
3603	9
3604	18
3605	19
3606	27
3607	25
3608	24
3609	22
3610	16
3611	14
3612	24
3613	20
3614	17
3615	18
3616	17
3617	19
3618	16
3619	22
3620	15
3621	12
3622	19
3623	32
3624	12
3625	15
3626	17
3627	16
3628	22
3629	19
3630	19
3631	20
3632	19
3633	16
3634	12
3635	19
3636	19
3637	17
3638	17
3639	18
3640	20
3641	23
3642	12
3643	11
3644	13
3645	16
3646	24
3647	13
3648	18
3649	5
3650	11
3651	15
3652	15
3653	18
3654	18
3655	18
3656	15
3657	21
3658	17
3659	12
3660	14
3661	11
3662	19
3663	10
3664	11
3665	11
3666	13
3667	10
3668	12
3669	13
3670	15
3671	9
3672	14
3673	6
3674	15
3675	10
3676	10
3677	10
3678	11
3679	11
3680	5
3681	6
3682	15
3683	13
3684	5
3685	8
3686	12
3687	11
3688	10
3689	17
3690	11
3691	6
3692	6
3693	13
3694	11
3695	18
3696	12
3697	7
3698	10
3699	8
3700	14
3701	7
3702	7
3703	8
3704	13
3705	9
3706	4
3707	9
3708	9
3709	12
3710	12
3711	9
3712	10
3713	12
3714	6
3715	7
3716	12
3717	8
3718	9
3719	11
3720	15
3721	9
3722	1
3723	5
3724	9
3725	5
3726	8
3727	9
3728	5
3729	6
3730	9
3731	8
3732	9
3733	7
3734	7
3735	4
3736	8
3737	8
3738	8
3739	4
3740	6
3741	10
3742	7
3743	4
3744	4
3745	6
3746	5
3747	5
3748	4
3749	7
3750	7
3751	9
3752	6
3753	8
3754	12
3755	6
3756	8
3757	4
3758	3
3759	7
3760	6
3761	4
3762	7
3763	3
3764	2
3765	7
3766	4
3767	4
3768	5
3769	3
3770	3
3771	5
3772	4
3773	5
3774	5
3775	4
3776	6
3777	7
3778	5
3779	5
3780	6
3781	3
3782	7
3783	7
3784	2
3785	3
3786	5
3787	6
3788	3
3789	4
3790	7
3791	4
3792	5
3793	3
3794	5
3795	5
3796	2
3797	1
3798	3
3799	6
3800	5
3801	9
3802	9
3803	3
3804	6
3805	5
3806	4
3807	6
3808	2
3809	2
3810	2
3811	7
3812	4
3813	3
3814	3
3815	1
3816	4
3817	4
3818	7
3819	5
3820	5
3821	6
3822	4
3823	1
3824	2
3825	2
3826	8
3827	0
3828	0
3829	5
3830	3
3831	5
3832	5
3833	5
3834	4
3835	3
3836	2
3837	4
3838	3
3839	5
3840	2
3841	1
3842	4
3843	6
3844	5
3845	2
3846	4
3847	0
3848	1
3849	4
3850	3
3851	3
3852	2
3853	2
3854	4
3855	3
3856	0
3857	0
3858	3
3859	2
3860	1
3861	2
3862	1
3863	4
3864	2
3865	3
3866	3
3867	3
3868	2
3869	1
3870	0
3871	2
3872	0
3873	3
3874	1
3875	2
3876	2
3877	1
3878	3
3879	1
3880	1
3881	1
3882	3
3883	3
3884	2
3885	4
3886	3
3887	1
3888	3
3889	5
3890	4
3891	2
3892	1
3893	0
3894	2
3895	1
3896	2
3897	0
3898	0
3899	0
3900	2
3901	3
3902	0
3903	1
3904	2
3905	1
3906	0
3907	4
3908	1
3909	1
3910	1
3911	0
3912	1
3913	0
3914	1
3915	3
3916	1
3917	2
3918	2
3919	1
3920	2
3921	0
3922	1
3923	1
3924	0
3925	2
3926	2
3927	2
3928	2
3929	1
3930	1
3931	3
3932	3
3933	0
3934	1
3935	3
3936	0
3937	1
3938	1
3939	2
3940	0
3941	1
3942	2
3943	2
3944	0
3945	0
3946	1
3947	3
3948	1
3949	2
3950	2
3951	2
3952	0
3953	0
3954	1
3955	2
3956	0
3957	0
3958	0
3959	0
3960	1
3961	2
3962	1
3963	0
3964	2
3965	0
3966	1
3967	1
3968	2
3969	1
3970	1
3971	0
3972	0
3973	0
3974	1
3975	0
3976	0
3977	2
3978	0
3979	2
3980	1
3981	2
3982	0
3983	3
3984	0
3985	0
3986	1
3987	0
3988	0
3989	1
3990	0
3991	0
3992	0
3993	0
3994	2
3995	2
3996	1
3997	0
3998	0
3999	0
4000	0
4001	1
4002	2
4003	0
4004	0
4005	0
4006	0
4007	3
4008	1
4009	0
4010	3
4011	1
4012	3
4013	1
4014	2
4015	0
4016	1
4017	1
4018	2
4019	1
4020	1
4021	0
4022	0
4023	0
4024	0
4025	0
4026	1
4027	1
4028	1
4029	1
4030	1
4031	1
4032	0
4033	3
4034	1
4035	2
4036	0
4037	0
4038	0
4039	0
4040	0
4041	0
4042	0
4043	1
4044	1
4045	0
4046	2
4047	2
4048	0
4049	0
4050	2
4051	0
4052	1
4053	1
4054	0
4055	2
4056	0
4057	1
4058	0
4059	2
4060	0
4061	1
4062	1
4063	0
4064	1
4065	0
4066	1
4067	0
4068	1
4069	0
4070	1
4071	1
4072	0
4073	0
4074	0
4075	0
4076	0
4077	1
4078	3
4079	2
4080	0
4081	1
4082	0
4083	0
4084	0
4085	0
4086	0
4087	0
4088	1
4089	1
4090	0
4091	1
4092	0
4093	1
4094	1
4095	0
