0	0
1	0
2	0
3	0
4	0
5	0
6	0
7	0
8	0
9	0
10	0
11	0
12	0
13	0
14	0
15	0
16	0
17	0
18	0
19	0
20	0
21	0
22	0
23	0
24	0
25	0
26	0
27	0
28	0
29	0
30	0
31	0
32	0
33	1
34	0
35	0
36	1
37	0
38	0
39	0
40	0
41	1
42	3
43	1
44	0
45	2
46	2
47	1
48	2
49	2
50	1
51	2
52	4
53	2
54	4
55	4
56	11
57	4
58	4
59	1
60	8
61	14
62	54
63	157
64	203
65	189
66	191
67	148
68	156
69	105
70	108
71	72
72	65
73	53
74	49
75	58
76	50
77	48
78	32
79	35
80	32
81	20
82	24
83	15
84	17
85	22
86	23
87	30
88	18
89	24
90	18
91	14
92	27
93	19
94	12
95	15
96	14
97	20
98	19
99	18
100	12
101	14
102	11
103	13
104	17
105	9
106	16
107	15
108	21
109	11
110	13
111	24
112	14
113	16
114	14
115	10
116	18
117	20
118	17
119	15
120	16
121	12
122	14
123	8
124	13
125	21
126	13
127	8
128	11
129	12
130	10
131	13
132	15
133	15
134	13
135	19
136	17
137	20
138	23
139	16
140	16
141	9
142	16
143	12
144	20
145	21
146	9
147	18
148	14
149	8
150	14
151	16
152	8
153	10
154	8
155	13
156	14
157	22
158	17
159	12
160	11
161	7
162	14
163	10
164	13
165	17
166	12
167	13
168	8
169	16
170	14
171	11
172	10
173	14
174	15
175	10
176	10
177	16
178	9
179	13
180	7
181	11
182	11
183	13
184	16
185	11
186	6
187	11
188	10
189	11
190	10
191	17
192	10
193	12
194	14
195	17
196	10
197	8
198	15
199	13
200	10
201	7
202	14
203	19
204	13
205	21
206	14
207	11
208	13
209	9
210	15
211	10
212	13
213	15
214	10
215	9
216	10
217	11
218	17
219	11
220	16
221	17
222	14
223	9
224	9
225	20
226	11
227	14
228	11
229	7
230	15
231	12
232	11
233	11
234	14
235	18
236	18
237	11
238	12
239	10
240	9
241	12
242	19
243	12
244	19
245	16
246	11
247	9
248	22
249	11
250	9
251	10
252	10
253	19
254	8
255	19
256	17
257	8
258	15
259	12
260	11
261	8
262	25
263	15
264	17
265	15
266	17
267	19
268	10
269	16
270	13
271	12
272	9
273	14
274	9
275	11
276	16
277	17
278	9
279	14
280	11
281	16
282	14
283	12
284	19
285	14
286	19
287	17
288	11
289	17
290	14
291	10
292	20
293	20
294	18
295	13
296	14
297	13
298	21
299	11
300	16
301	11
302	9
303	14
304	18
305	21
306	21
307	13
308	17
309	11
310	16
311	7
312	17
313	13
314	12
315	23
316	11
317	22
318	10
319	16
320	14
321	18
322	15
323	14
324	17
325	12
326	23
327	20
328	22
329	15
330	16
331	20
332	15
333	20
334	17
335	15
336	17
337	15
338	16
339	22
340	17
341	17
342	10
343	18
344	24
345	16
346	16
347	19
348	15
349	14
350	20
351	17
352	25
353	17
354	19
355	16
356	21
357	16
358	15
359	25
360	21
361	13
362	16
363	20
364	27
365	25
366	20
367	23
368	24
369	13
370	12
371	16
372	10
373	22
374	21
375	23
376	17
377	26
378	22
379	19
380	16
381	15
382	20
383	27
384	27
385	18
386	20
387	17
388	19
389	21
390	30
391	29
392	23
393	21
394	29
395	27
396	30
397	19
398	17
399	25
400	16
401	24
402	17
403	21
404	25
405	18
406	24
407	34
408	16
409	17
410	30
411	18
412	27
413	20
414	20
415	30
416	28
417	30
418	20
419	15
420	27
421	29
422	31
423	26
424	13
425	22
426	28
427	27
428	18
429	24
430	23
431	28
432	29
433	14
434	22
435	24
436	28
437	18
438	23
439	18
440	17
441	17
442	22
443	13
444	19
445	25
446	22
447	22
448	29
449	13
450	21
451	20
452	21
453	25
454	20
455	22
456	29
457	21
458	19
459	26
460	21
461	23
462	29
463	23
464	17
465	21
466	19
467	25
468	24
469	20
470	16
471	32
472	26
473	23
474	23
475	23
476	15
477	21
478	18
479	24
480	26
481	22
482	23
483	30
484	20
485	14
486	16
487	18
488	25
489	23
490	25
491	26
492	22
493	24
494	27
495	30
496	19
497	23
498	21
499	15
500	20
501	21
502	20
503	23
504	25
505	15
506	18
507	22
508	15
509	17
510	22
511	23
512	18
513	18
514	21
515	23
516	19
517	30
518	25
519	17
520	13
521	19
522	25
523	17
524	34
525	25
526	16
527	19
528	21
529	25
530	16
531	22
532	17
533	16
534	19
535	20
536	16
537	28
538	28
539	21
540	19
541	20
542	23
543	17
544	25
545	16
546	17
547	16
548	20
549	15
550	26
551	17
552	26
553	14
554	20
555	18
556	17
557	19
558	18
559	25
560	20
561	17
562	25
563	21
564	23
565	21
566	22
567	32
568	23
569	23
570	18
571	23
572	25
573	24
574	27
575	17
576	21
577	19
578	20
579	22
580	17
581	17
582	21
583	30
584	19
585	26
586	24
587	19
588	28
589	21
590	21
591	16
592	23
593	29
594	14
595	18
596	24
597	17
598	20
599	17
600	21
601	20
602	22
603	22
604	19
605	18
606	21
607	21
608	17
609	25
610	15
611	25
612	20
613	21
614	16
615	18
616	21
617	15
618	25
619	19
620	19
621	18
622	29
623	20
624	14
625	24
626	22
627	12
628	27
629	26
630	30
631	20
632	21
633	26
634	28
635	26
636	15
637	24
638	21
639	14
640	21
641	24
642	24
643	17
644	19
645	12
646	27
647	15
648	22
649	19
650	23
651	14
652	24
653	16
654	16
655	16
656	20
657	20
658	25
659	23
660	22
661	15
662	17
663	25
664	26
665	18
666	24
667	23
668	16
669	21
670	19
671	35
672	21
673	14
674	19
675	22
676	19
677	24
678	29
679	14
680	24
681	15
682	23
683	21
684	14
685	17
686	28
687	25
688	21
689	19
690	20
691	20
692	25
693	24
694	27
695	26
696	21
697	20
698	24
699	27
700	26
701	16
702	30
703	24
704	23
705	19
706	21
707	23
708	21
709	20
710	22
711	21
712	24
713	22
714	23
715	10
716	19
717	18
718	23
719	29
720	21
721	24
722	19
723	19
724	13
725	30
726	27
727	20
728	18
729	19
730	26
731	22
732	28
733	20
734	26
735	17
736	22
737	16
738	15
739	28
740	30
741	27
742	20
743	13
744	20
745	28
746	20
747	19
748	28
749	20
750	20
751	20
752	19
753	30
754	19
755	27
756	27
757	26
758	26
759	23
760	25
761	17
762	24
763	14
764	28
765	20
766	24
767	30
768	27
769	32
770	24
771	29
772	29
773	22
774	23
775	20
776	21
777	26
778	20
779	27
780	18
781	30
782	27
783	28
784	22
785	16
786	28
787	26
788	21
789	29
790	22
791	29
792	21
793	19
794	21
795	32
796	16
797	25
798	27
799	25
800	23
801	20
802	28
803	28
804	27
805	20
806	33
807	22
808	23
809	30
810	23
811	27
812	21
813	26
814	15
815	22
816	20
817	31
818	31
819	29
820	32
821	26
822	31
823	20
824	22
825	25
826	25
827	23
828	23
829	27
830	29
831	25
832	21
833	20
834	19
835	21
836	19
837	29
838	31
839	22
840	12
841	26
842	18
843	20
844	26
845	23
846	22
847	20
848	23
849	21
850	21
851	21
852	25
853	28
854	19
855	29
856	25
857	29
858	38
859	31
860	21
861	26
862	25
863	22
864	25
865	19
866	17
867	21
868	23
869	18
870	32
871	24
872	22
873	24
874	22
875	26
876	29
877	23
878	29
879	19
880	29
881	27
882	13
883	29
884	30
885	27
886	23
887	16
888	20
889	37
890	21
891	16
892	31
893	16
894	26
895	25
896	18
897	22
898	21
899	24
900	27
901	27
902	22
903	24
904	17
905	12
906	29
907	28
908	29
909	36
910	25
911	22
912	21
913	28
914	22
915	33
916	19
917	29
918	26
919	35
920	19
921	29
922	26
923	27
924	32
925	24
926	27
927	20
928	28
929	22
930	16
931	22
932	21
933	23
934	32
935	32
936	23
937	22
938	30
939	25
940	24
941	34
942	34
943	33
944	22
945	22
946	29
947	24
948	20
949	18
950	30
951	22
952	31
953	33
954	22
955	24
956	20
957	25
958	31
959	31
960	28
961	19
962	26
963	25
964	25
965	15
966	33
967	16
968	29
969	23
970	26
971	34
972	23
973	22
974	13
975	25
976	31
977	29
978	28
979	22
980	24
981	20
982	22
983	35
984	21
985	25
986	28
987	36
988	20
989	25
990	20
991	29
992	27
993	25
994	17
995	29
996	24
997	25
998	17
999	26
1000	33
1001	23
1002	23
1003	23
1004	28
1005	24
1006	29
1007	24
1008	34
1009	33
1010	25
1011	34
1012	27
1013	31
1014	25
1015	27
1016	25
1017	24
1018	28
1019	18
1020	22
1021	22
1022	26
1023	32
1024	26
1025	27
1026	21
1027	19
1028	22
1029	23
1030	27
1031	23
1032	28
1033	27
1034	32
1035	27
1036	19
1037	22
1038	27
1039	23
1040	22
1041	19
1042	24
1043	19
1044	31
1045	23
1046	27
1047	21
1048	21
1049	14
1050	29
1051	27
1052	23
1053	12
1054	23
1055	19
1056	20
1057	24
1058	31
1059	25
1060	25
1061	25
1062	22
1063	28
1064	22
1065	30
1066	25
1067	18
1068	23
1069	19
1070	27
1071	29
1072	34
1073	21
1074	24
1075	27
1076	30
1077	22
1078	29
1079	28
1080	27
1081	31
1082	32
1083	26
1084	23
1085	14
1086	28
1087	16
1088	27
1089	19
1090	21
1091	28
1092	27
1093	27
1094	18
1095	22
1096	22
1097	20
1098	32
1099	24
1100	21
1101	31
1102	31
1103	15
1104	26
1105	23
1106	19
1107	24
1108	25
1109	29
1110	18
1111	24
1112	29
1113	25
1114	21
1115	28
1116	31
1117	20
1118	28
1119	16
1120	26
1121	32
1122	25
1123	27
1124	26
1125	31
1126	22
1127	23
1128	20
1129	26
1130	25
1131	24
1132	32
1133	27
1134	22
1135	16
1136	28
1137	32
1138	23
1139	28
1140	21
1141	23
1142	31
1143	27
1144	26
1145	21
1146	30
1147	23
1148	21
1149	24
1150	15
1151	29
1152	21
1153	24
1154	20
1155	26
1156	16
1157	30
1158	20
1159	21
1160	30
1161	21
1162	23
1163	25
1164	24
1165	29
1166	30
1167	21
1168	28
1169	28
1170	25
1171	18
1172	30
1173	14
1174	19
1175	20
1176	24
1177	22
1178	21
1179	13
1180	20
1181	29
1182	26
1183	21
1184	22
1185	24
1186	22
1187	26
1188	14
1189	18
1190	13
1191	28
1192	33
1193	17
1194	25
1195	15
1196	21
1197	24
1198	22
1199	22
1200	23
1201	33
1202	21
1203	17
1204	16
1205	23
1206	18
1207	19
1208	22
1209	22
1210	26
1211	19
1212	22
1213	27
1214	28
1215	30
1216	20
1217	26
1218	23
1219	22
1220	26
1221	24
1222	23
1223	25
1224	23
1225	17
1226	16
1227	32
1228	18
1229	33
1230	19
1231	16
1232	22
1233	23
1234	23
1235	30
1236	19
1237	23
1238	14
1239	16
1240	28
1241	23
1242	22
1243	25
1244	27
1245	18
1246	21
1247	17
1248	23
1249	9
1250	29
1251	24
1252	22
1253	25
1254	21
1255	17
1256	18
1257	22
1258	19
1259	22
1260	21
1261	19
1262	21
1263	19
1264	23
1265	23
1266	25
1267	23
1268	19
1269	28
1270	15
1271	17
1272	16
1273	17
1274	24
1275	16
1276	15
1277	21
1278	21
1279	17
1280	18
1281	20
1282	27
1283	25
1284	23
1285	21
1286	19
1287	19
1288	13
1289	22
1290	25
1291	24
1292	20
1293	22
1294	25
1295	23
1296	16
1297	35
1298	24
1299	20
1300	19
1301	24
1302	17
1303	13
1304	13
1305	21
1306	13
1307	19
1308	23
1309	20
1310	19
1311	24
1312	15
1313	16
1314	19
1315	24
1316	25
1317	25
1318	11
1319	25
1320	14
1321	14
1322	20
1323	22
1324	21
1325	21
1326	27
1327	20
1328	14
1329	30
1330	21
1331	18
1332	23
1333	26
1334	19
1335	25
1336	17
1337	19
1338	20
1339	16
1340	18
1341	27
1342	19
1343	23
1344	18
1345	14
1346	32
1347	17
1348	24
1349	26
1350	16
1351	20
1352	18
1353	19
1354	24
1355	16
1356	20
1357	20
1358	17
1359	16
1360	21
1361	18
1362	18
1363	14
1364	20
1365	17
1366	21
1367	13
1368	20
1369	22
1370	19
1371	24
1372	18
1373	20
1374	16
1375	18
1376	28
1377	19
1378	19
1379	20
1380	24
1381	17
1382	21
1383	16
1384	19
1385	24
1386	11
1387	16
1388	19
1389	18
1390	18
1391	20
1392	19
1393	13
1394	21
1395	22
1396	18
1397	22
1398	16
1399	16
1400	23
1401	18
1402	16
1403	19
1404	16
1405	10
1406	24
1407	27
1408	23
1409	19
1410	13
1411	18
1412	25
1413	16
1414	23
1415	13
1416	13
1417	16
1418	16
1419	23
1420	14
1421	22
1422	11
1423	15
1424	14
1425	20
1426	28
1427	21
1428	22
1429	19
1430	15
1431	17
1432	17
1433	14
1434	23
1435	15
1436	23
1437	16
1438	20
1439	22
1440	13
1441	18
1442	17
1443	17
1444	25
1445	19
1446	12
1447	28
1448	13
1449	23
1450	19
1451	21
1452	25
1453	21
1454	16
1455	12
1456	25
1457	18
1458	15
1459	14
1460	20
1461	19
1462	14
1463	20
1464	30
1465	20
1466	17
1467	22
1468	19
1469	18
1470	15
1471	16
1472	14
1473	12
1474	18
1475	9
1476	10
1477	17
1478	17
1479	22
1480	8
1481	16
1482	10
1483	13
1484	14
1485	18
1486	17
1487	11
1488	18
1489	11
1490	13
1491	14
1492	20
1493	15
1494	18
1495	8
1496	22
1497	18
1498	19
1499	21
1500	14
1501	12
1502	18
1503	9
1504	25
1505	20
1506	12
1507	11
1508	19
1509	21
1510	13
1511	15
1512	19
1513	19
1514	23
1515	12
1516	14
1517	12
1518	11
1519	12
1520	19
1521	19
1522	20
1523	16
1524	19
1525	15
1526	13
1527	19
1528	14
1529	10
1530	17
1531	17
1532	10
1533	13
1534	16
1535	15
1536	20
1537	17
1538	10
1539	18
1540	17
1541	20
1542	11
1543	23
1544	25
1545	13
1546	15
1547	18
1548	12
1549	10
1550	16
1551	11
1552	20
1553	17
1554	17
1555	15
1556	16
1557	16
1558	17
1559	14
1560	16
1561	13
1562	13
1563	19
1564	20
1565	13
1566	13
1567	15
1568	17
1569	21
1570	16
1571	13
1572	17
1573	14
1574	19
1575	16
1576	17
1577	14
1578	12
1579	23
1580	10
1581	19
1582	17
1583	12
1584	12
1585	5
1586	14
1587	14
1588	16
1589	16
1590	16
1591	17
1592	12
1593	18
1594	17
1595	21
1596	12
1597	21
1598	16
1599	12
1600	12
1601	16
1602	17
1603	16
1604	20
1605	14
1606	17
1607	13
1608	9
1609	16
1610	15
1611	14
1612	13
1613	14
1614	15
1615	13
1616	22
1617	18
1618	18
1619	13
1620	13
1621	14
1622	14
1623	15
1624	19
1625	13
1626	7
1627	14
1628	17
1629	14
1630	16
1631	14
1632	15
1633	10
1634	11
1635	14
1636	17
1637	11
1638	11
1639	10
1640	19
1641	16
1642	10
1643	18
1644	19
1645	12
1646	18
1647	12
1648	15
1649	24
1650	16
1651	10
1652	17
1653	12
1654	21
1655	16
1656	13
1657	20
1658	19
1659	14
1660	14
1661	16
1662	25
1663	18
1664	12
1665	18
1666	8
1667	14
1668	15
1669	14
1670	15
1671	13
1672	21
1673	15
1674	14
1675	14
1676	14
1677	12
1678	27
1679	14
1680	10
1681	20
1682	10
1683	18
1684	22
1685	13
1686	13
1687	15
1688	14
1689	16
1690	17
1691	10
1692	20
1693	18
1694	18
1695	13
1696	16
1697	18
1698	15
1699	14
1700	9
1701	18
1702	22
1703	11
1704	17
1705	13
1706	17
1707	12
1708	19
1709	12
1710	11
1711	14
1712	19
1713	13
1714	13
1715	13
1716	10
1717	18
1718	15
1719	10
1720	13
1721	11
1722	14
1723	11
1724	14
1725	12
1726	10
1727	8
1728	16
1729	13
1730	21
1731	14
1732	13
1733	14
1734	12
1735	18
1736	9
1737	20
1738	9
1739	13
1740	17
1741	8
1742	16
1743	7
1744	11
1745	20
1746	10
1747	14
1748	12
1749	7
1750	21
1751	12
1752	15
1753	10
1754	22
1755	17
1756	20
1757	10
1758	11
1759	16
1760	16
1761	17
1762	9
1763	10
1764	17
1765	17
1766	21
1767	16
1768	15
1769	13
1770	10
1771	14
1772	9
1773	9
1774	11
1775	13
1776	16
1777	13
1778	17
1779	13
1780	17
1781	6
1782	6
1783	9
1784	16
1785	14
1786	16
1787	19
1788	15
1789	17
1790	14
1791	17
1792	12
1793	9
1794	12
1795	10
1796	16
1797	19
1798	12
1799	15
1800	25
1801	13
1802	13
1803	11
1804	14
1805	13
1806	11
1807	10
1808	18
1809	12
1810	19
1811	11
1812	11
1813	20
1814	6
1815	16
1816	13
1817	16
1818	14
1819	17
1820	16
1821	19
1822	17
1823	12
1824	11
1825	12
1826	20
1827	10
1828	13
1829	15
1830	11
1831	9
1832	11
1833	11
1834	10
1835	9
1836	22
1837	19
1838	15
1839	11
1840	18
1841	15
1842	8
1843	16
1844	24
1845	21
1846	8
1847	16
1848	9
1849	10
1850	16
1851	14
1852	11
1853	16
1854	13
1855	10
1856	21
1857	25
1858	18
1859	12
1860	16
1861	15
1862	15
1863	17
1864	11
1865	20
1866	13
1867	16
1868	16
1869	16
1870	12
1871	15
1872	12
1873	18
1874	10
1875	18
1876	13
1877	10
1878	17
1879	11
1880	10
1881	11
1882	21
1883	19
1884	11
1885	12
1886	14
1887	19
1888	12
1889	15
1890	6
1891	17
1892	14
1893	18
1894	20
1895	11
1896	13
1897	15
1898	12
1899	6
1900	11
1901	12
1902	9
1903	17
1904	13
1905	15
1906	10
1907	7
1908	14
1909	12
1910	15
1911	16
1912	12
1913	10
1914	16
1915	13
1916	13
1917	18
1918	12
1919	15
1920	16
1921	16
1922	13
1923	13
1924	10
1925	13
1926	6
1927	14
1928	10
1929	18
1930	19
1931	10
1932	11
1933	8
1934	12
1935	12
1936	7
1937	14
1938	13
1939	12
1940	17
1941	7
1942	9
1943	14
1944	16
1945	7
1946	6
1947	9
1948	9
1949	12
1950	11
1951	10
1952	15
1953	13
1954	8
1955	11
1956	11
1957	16
1958	18
1959	17
1960	19
1961	9
1962	9
1963	14
1964	15
1965	14
1966	14
1967	19
1968	10
1969	12
1970	19
1971	9
1972	12
1973	9
1974	16
1975	9
1976	3
1977	10
1978	16
1979	15
1980	12
1981	13
1982	12
1983	8
1984	14
1985	16
1986	11
1987	18
1988	11
1989	10
1990	23
1991	17
1992	11
1993	9
1994	15
1995	17
1996	18
1997	23
1998	11
1999	16
2000	11
2001	11
2002	17
2003	7
2004	16
2005	13
2006	16
2007	13
2008	20
2009	15
2010	18
2011	15
2012	9
2013	11
2014	13
2015	11
2016	25
2017	11
2018	16
2019	13
2020	15
2021	20
2022	8
2023	10
2024	10
2025	18
2026	11
2027	8
2028	8
2029	13
2030	15
2031	14
2032	13
2033	10
2034	8
2035	13
2036	16
2037	16
2038	21
2039	17
2040	17
2041	9
2042	16
2043	16
2044	10
2045	13
2046	19
2047	15
2048	8
2049	15
2050	11
2051	12
2052	13
2053	11
2054	15
2055	11
2056	15
2057	8
2058	16
2059	15
2060	12
2061	14
2062	20
2063	10
2064	14
2065	16
2066	12
2067	15
2068	13
2069	12
2070	10
2071	9
2072	15
2073	10
2074	17
2075	9
2076	11
2077	13
2078	16
2079	18
2080	9
2081	4
2082	6
2083	13
2084	9
2085	19
2086	13
2087	6
2088	14
2089	10
2090	11
2091	15
2092	15
2093	11
2094	12
2095	12
2096	16
2097	14
2098	11
2099	22
2100	14
2101	8
2102	15
2103	15
2104	13
2105	18
2106	12
2107	20
2108	12
2109	17
2110	13
2111	9
2112	17
2113	22
2114	17
2115	12
2116	15
2117	12
2118	10
2119	14
2120	13
2121	14
2122	12
2123	16
2124	13
2125	13
2126	9
2127	15
2128	11
2129	19
2130	9
2131	9
2132	15
2133	18
2134	16
2135	15
2136	11
2137	12
2138	12
2139	15
2140	10
2141	7
2142	19
2143	11
2144	14
2145	11
2146	14
2147	14
2148	16
2149	18
2150	8
2151	11
2152	17
2153	13
2154	10
2155	16
2156	13
2157	14
2158	12
2159	15
2160	10
2161	9
2162	19
2163	18
2164	11
2165	16
2166	4
2167	7
2168	14
2169	8
2170	17
2171	15
2172	14
2173	15
2174	12
2175	17
2176	9
2177	5
2178	13
2179	14
2180	15
2181	10
2182	15
2183	7
2184	9
2185	14
2186	15
2187	12
2188	11
2189	10
2190	11
2191	19
2192	14
2193	13
2194	20
2195	13
2196	15
2197	9
2198	12
2199	10
2200	16
2201	9
2202	12
2203	11
2204	16
2205	13
2206	13
2207	13
2208	13
2209	12
2210	15
2211	14
2212	8
2213	20
2214	7
2215	6
2216	16
2217	12
2218	12
2219	13
2220	14
2221	14
2222	9
2223	12
2224	11
2225	16
2226	10
2227	11
2228	14
2229	5
2230	5
2231	8
2232	10
2233	17
2234	11
2235	10
2236	12
2237	9
2238	15
2239	14
2240	10
2241	12
2242	12
2243	11
2244	11
2245	17
2246	15
2247	6
2248	11
2249	11
2250	9
2251	6
2252	10
2253	12
2254	12
2255	10
2256	8
2257	8
2258	13
2259	12
2260	16
2261	19
2262	10
2263	9
2264	21
2265	8
2266	10
2267	13
2268	14
2269	13
2270	15
2271	11
2272	14
2273	14
2274	13
2275	9
2276	11
2277	7
2278	8
2279	5
2280	9
2281	16
2282	11
2283	9
2284	8
2285	9
2286	13
2287	12
2288	11
2289	10
2290	7
2291	12
2292	10
2293	9
2294	15
2295	14
2296	14
2297	9
2298	10
2299	11
2300	13
2301	12
2302	9
2303	11
2304	11
2305	9
2306	9
2307	11
2308	10
2309	7
2310	11
2311	9
2312	8
2313	12
2314	6
2315	18
2316	16
2317	10
2318	10
2319	12
2320	12
2321	11
2322	11
2323	10
2324	15
2325	10
2326	9
2327	14
2328	10
2329	8
2330	12
2331	5
2332	9
2333	8
2334	12
2335	4
2336	12
2337	8
2338	10
2339	12
2340	13
2341	7
2342	13
2343	6
2344	12
2345	17
2346	14
2347	7
2348	8
2349	9
2350	7
2351	16
2352	11
2353	18
2354	11
2355	4
2356	7
2357	13
2358	7
2359	7
2360	5
2361	12
2362	11
2363	9
2364	14
2365	12
2366	13
2367	7
2368	7
2369	12
2370	11
2371	10
2372	11
2373	7
2374	8
2375	8
2376	9
2377	7
2378	18
2379	11
2380	12
2381	13
2382	14
2383	8
2384	13
2385	17
2386	10
2387	12
2388	11
2389	5
2390	6
2391	10
2392	9
2393	8
2394	11
2395	11
2396	11
2397	14
2398	6
2399	14
2400	10
2401	19
2402	10
2403	11
2404	5
2405	8
2406	12
2407	9
2408	10
2409	20
2410	11
2411	8
2412	6
2413	12
2414	10
2415	9
2416	16
2417	5
2418	10
2419	15
2420	7
2421	14
2422	7
2423	16
2424	9
2425	7
2426	10
2427	13
2428	10
2429	18
2430	6
2431	12
2432	10
2433	8
2434	14
2435	8
2436	9
2437	11
2438	7
2439	6
2440	7
2441	10
2442	8
2443	13
2444	15
2445	12
2446	12
2447	12
2448	6
2449	15
2450	4
2451	10
2452	7
2453	11
2454	13
2455	6
2456	8
2457	10
2458	5
2459	12
2460	10
2461	14
2462	13
2463	9
2464	6
2465	9
2466	9
2467	8
2468	11
2469	7
2470	14
2471	12
2472	15
2473	6
2474	8
2475	6
2476	11
2477	17
2478	12
2479	14
2480	11
2481	16
2482	7
2483	8
2484	10
2485	6
2486	11
2487	5
2488	8
2489	14
2490	12
2491	15
2492	13
2493	14
2494	12
2495	9
2496	9
2497	11
2498	7
2499	11
2500	14
2501	7
2502	6
2503	12
2504	12
2505	7
2506	7
2507	7
2508	7
2509	11
2510	6
2511	8
2512	13
2513	6
2514	6
2515	7
2516	11
2517	5
2518	5
2519	11
2520	8
2521	12
2522	14
2523	11
2524	14
2525	8
2526	8
2527	15
2528	12
2529	12
2530	13
2531	7
2532	8
2533	13
2534	7
2535	8
2536	9
2537	7
2538	9
2539	5
2540	10
2541	10
2542	11
2543	8
2544	7
2545	7
2546	11
2547	11
2548	5
2549	9
2550	9
2551	6
2552	13
2553	13
2554	8
2555	8
2556	11
2557	6
2558	15
2559	10
2560	12
2561	11
2562	13
2563	10
2564	9
2565	11
2566	12
2567	13
2568	13
2569	12
2570	10
2571	14
2572	9
2573	14
2574	11
2575	9
2576	11
2577	9
2578	19
2579	7
2580	8
2581	9
2582	14
2583	11
2584	12
2585	12
2586	6
2587	6
2588	10
2589	12
2590	5
2591	8
2592	8
2593	11
2594	11
2595	8
2596	14
2597	13
2598	10
2599	5
2600	3
2601	11
2602	13
2603	13
2604	7
2605	8
2606	6
2607	12
2608	6
2609	7
2610	12
2611	4
2612	8
2613	10
2614	12
2615	6
2616	6
2617	8
2618	5
2619	10
2620	7
2621	14
2622	8
2623	11
2624	9
2625	8
2626	13
2627	14
2628	5
2629	7
2630	11
2631	8
2632	9
2633	9
2634	16
2635	5
2636	9
2637	14
2638	7
2639	9
2640	7
2641	6
2642	11
2643	6
2644	9
2645	10
2646	13
2647	7
2648	8
2649	11
2650	8
2651	10
2652	15
2653	17
2654	10
2655	12
2656	11
2657	13
2658	10
2659	8
2660	15
2661	5
2662	10
2663	14
2664	6
2665	9
2666	8
2667	11
2668	9
2669	12
2670	9
2671	9
2672	4
2673	7
2674	12
2675	12
2676	8
2677	8
2678	11
2679	7
2680	8
2681	10
2682	10
2683	10
2684	8
2685	6
2686	14
2687	6
2688	6
2689	9
2690	9
2691	12
2692	13
2693	12
2694	16
2695	17
2696	12
2697	8
2698	8
2699	10
2700	8
2701	11
2702	8
2703	15
2704	9
2705	10
2706	11
2707	13
2708	10
2709	9
2710	8
2711	10
2712	11
2713	13
2714	6
2715	6
2716	12
2717	11
2718	9
2719	6
2720	8
2721	10
2722	9
2723	12
2724	8
2725	11
2726	10
2727	7
2728	8
2729	10
2730	7
2731	9
2732	7
2733	13
2734	10
2735	6
2736	9
2737	9
2738	7
2739	10
2740	10
2741	5
2742	9
2743	12
2744	12
2745	12
2746	13
2747	16
2748	10
2749	9
2750	15
2751	10
2752	8
2753	14
2754	12
2755	8
2756	8
2757	8
2758	14
2759	11
2760	17
2761	10
2762	5
2763	9
2764	11
2765	8
2766	11
2767	19
2768	11
2769	8
2770	12
2771	13
2772	11
2773	17
2774	6
2775	9
2776	5
2777	13
2778	18
2779	16
2780	10
2781	6
2782	10
2783	6
2784	15
2785	8
2786	12
2787	10
2788	12
2789	6
2790	6
2791	12
2792	12
2793	6
2794	7
2795	10
2796	14
2797	11
2798	13
2799	10
2800	7
2801	9
2802	7
2803	9
2804	6
2805	15
2806	10
2807	14
2808	7
2809	11
2810	11
2811	11
2812	4
2813	10
2814	6
2815	15
2816	8
2817	7
2818	12
2819	12
2820	16
2821	13
2822	7
2823	9
2824	9
2825	11
2826	10
2827	13
2828	14
2829	8
2830	12
2831	17
2832	8
2833	20
2834	14
2835	5
2836	6
2837	6
2838	14
2839	15
2840	8
2841	10
2842	8
2843	15
2844	12
2845	15
2846	8
2847	8
2848	12
2849	19
2850	11
2851	8
2852	13
2853	10
2854	13
2855	6
2856	16
2857	10
2858	7
2859	8
2860	12
2861	10
2862	9
2863	11
2864	18
2865	9
2866	15
2867	10
2868	11
2869	7
2870	7
2871	12
2872	6
2873	11
2874	12
2875	13
2876	11
2877	8
2878	5
2879	6
2880	9
2881	13
2882	14
2883	11
2884	9
2885	12
2886	9
2887	7
2888	8
2889	11
2890	7
2891	8
2892	11
2893	12
2894	11
2895	17
2896	5
2897	8
2898	6
2899	8
2900	11
2901	8
2902	5
2903	15
2904	13
2905	15
2906	12
2907	12
2908	8
2909	11
2910	9
2911	13
2912	7
2913	10
2914	10
2915	9
2916	7
2917	10
2918	13
2919	16
2920	15
2921	7
2922	6
2923	9
2924	10
2925	10
2926	5
2927	15
2928	8
2929	12
2930	10
2931	13
2932	9
2933	12
2934	2
2935	15
2936	16
2937	10
2938	8
2939	17
2940	6
2941	9
2942	4
2943	7
2944	13
2945	8
2946	12
2947	9
2948	14
2949	9
2950	8
2951	14
2952	4
2953	13
2954	12
2955	14
2956	7
2957	8
2958	13
2959	10
2960	12
2961	6
2962	9
2963	9
2964	12
2965	15
2966	14
2967	12
2968	12
2969	10
2970	7
2971	7
2972	12
2973	15
2974	19
2975	18
2976	11
2977	10
2978	13
2979	15
2980	8
2981	13
2982	10
2983	9
2984	16
2985	16
2986	15
2987	17
2988	14
2989	8
2990	9
2991	11
2992	18
2993	6
2994	13
2995	12
2996	7
2997	9
2998	9
2999	11
3000	13
3001	8
3002	6
3003	6
3004	21
3005	15
3006	5
3007	16
3008	10
3009	14
3010	10
3011	14
3012	11
3013	12
3014	8
3015	10
3016	14
3017	8
3018	11
3019	7
3020	9
3021	12
3022	10
3023	15
3024	12
3025	11
3026	12
3027	7
3028	11
3029	10
3030	9
3031	9
3032	7
3033	12
3034	16
3035	9
3036	6
3037	8
3038	8
3039	17
3040	9
3041	10
3042	12
3043	17
3044	5
3045	11
3046	11
3047	18
3048	13
3049	13
3050	11
3051	14
3052	12
3053	16
3054	14
3055	15
3056	13
3057	3
3058	6
3059	13
3060	5
3061	8
3062	16
3063	7
3064	11
3065	13
3066	13
3067	16
3068	11
3069	15
3070	8
3071	9
3072	14
3073	16
3074	14
3075	5
3076	5
3077	7
3078	14
3079	6
3080	12
3081	20
3082	12
3083	12
3084	12
3085	18
3086	10
3087	9
3088	10
3089	8
3090	21
3091	12
3092	8
3093	10
3094	22
3095	11
3096	9
3097	9
3098	12
3099	10
3100	11
3101	9
3102	18
3103	9
3104	10
3105	9
3106	9
3107	10
3108	10
3109	10
3110	11
3111	16
3112	17
3113	14
3114	14
3115	14
3116	12
3117	14
3118	11
3119	17
3120	14
3121	10
3122	14
3123	8
3124	11
3125	18
3126	12
3127	11
3128	14
3129	19
3130	11
3131	11
3132	12
3133	13
3134	8
3135	10
3136	7
3137	12
3138	10
3139	9
3140	15
3141	8
3142	8
3143	7
3144	15
3145	9
3146	13
3147	10
3148	9
3149	11
3150	17
3151	11
3152	10
3153	18
3154	12
3155	13
3156	15
3157	14
3158	11
3159	9
3160	16
3161	9
3162	13
3163	16
3164	14
3165	7
3166	11
3167	10
3168	8
3169	17
3170	12
3171	10
3172	9
3173	14
3174	6
3175	11
3176	16
3177	10
3178	19
3179	10
3180	13
3181	13
3182	11
3183	21
3184	13
3185	16
3186	13
3187	10
3188	14
3189	14
3190	17
3191	7
3192	11
3193	16
3194	9
3195	10
3196	14
3197	7
3198	9
3199	10
3200	11
3201	14
3202	10
3203	13
3204	8
3205	12
3206	15
3207	10
3208	18
3209	12
3210	13
3211	11
3212	9
3213	5
3214	11
3215	12
3216	12
3217	14
3218	6
3219	12
3220	12
3221	11
3222	14
3223	15
3224	8
3225	21
3226	13
3227	15
3228	19
3229	19
3230	12
3231	13
3232	16
3233	11
3234	12
3235	11
3236	14
3237	8
3238	8
3239	11
3240	12
3241	7
3242	8
3243	9
3244	11
3245	12
3246	16
3247	11
3248	14
3249	15
3250	18
3251	16
3252	15
3253	11
3254	13
3255	13
3256	9
3257	16
3258	10
3259	14
3260	8
3261	13
3262	13
3263	16
3264	9
3265	10
3266	8
3267	12
3268	10
3269	14
3270	12
3271	15
3272	11
3273	11
3274	12
3275	11
3276	18
3277	16
3278	11
3279	10
3280	8
3281	9
3282	9
3283	9
3284	8
3285	10
3286	11
3287	13
3288	20
3289	9
3290	10
3291	11
3292	11
3293	19
3294	6
3295	10
3296	11
3297	4
3298	10
3299	10
3300	16
3301	7
3302	12
3303	5
3304	15
3305	11
3306	9
3307	7
3308	10
3309	6
3310	4
3311	10
3312	7
3313	13
3314	12
3315	12
3316	13
3317	8
3318	10
3319	9
3320	14
3321	17
3322	15
3323	8
3324	6
3325	12
3326	10
3327	10
3328	8
3329	13
3330	12
3331	7
3332	6
3333	11
3334	11
3335	12
3336	10
3337	12
3338	13
3339	10
3340	6
3341	13
3342	12
3343	7
3344	11
3345	11
3346	7
3347	9
3348	5
3349	13
3350	9
3351	5
3352	9
3353	16
3354	7
3355	16
3356	7
3357	10
3358	8
3359	11
3360	12
3361	5
3362	5
3363	9
3364	12
3365	11
3366	13
3367	7
3368	17
3369	8
3370	9
3371	12
3372	7
3373	9
3374	16
3375	4
3376	9
3377	6
3378	6
3379	11
3380	3
3381	9
3382	9
3383	10
3384	7
3385	14
3386	7
3387	5
3388	13
3389	7
3390	13
3391	10
3392	10
3393	6
3394	6
3395	9
3396	15
3397	11
3398	13
3399	8
3400	10
3401	6
3402	5
3403	9
3404	5
3405	9
3406	8
3407	5
3408	7
3409	5
3410	7
3411	10
3412	7
3413	16
3414	6
3415	7
3416	8
3417	7
3418	12
3419	8
3420	4
3421	5
3422	9
3423	7
3424	6
3425	6
3426	6
3427	9
3428	11
3429	7
3430	8
3431	3
3432	7
3433	9
3434	7
3435	9
3436	12
3437	11
3438	14
3439	6
3440	13
3441	17
3442	11
3443	10
3444	7
3445	7
3446	10
3447	11
3448	9
3449	8
3450	3
3451	2
3452	9
3453	10
3454	6
3455	13
3456	5
3457	6
3458	3
3459	7
3460	8
3461	7
3462	1
3463	4
3464	8
3465	6
3466	10
3467	5
3468	7
3469	8
3470	3
3471	7
3472	9
3473	5
3474	3
3475	7
3476	4
3477	2
3478	5
3479	5
3480	6
3481	9
3482	2
3483	8
3484	6
3485	2
3486	4
3487	7
3488	2
3489	9
3490	2
3491	7
3492	10
3493	6
3494	4
3495	8
3496	8
3497	11
3498	5
3499	5
3500	5
3501	7
3502	2
3503	6
3504	7
3505	1
3506	7
3507	8
3508	7
3509	10
3510	8
3511	8
3512	5
3513	10
3514	9
3515	6
3516	6
3517	7
3518	9
3519	7
3520	6
3521	9
3522	2
3523	3
3524	7
3525	4
3526	4
3527	1
3528	8
3529	10
3530	5
3531	1
3532	3
3533	5
3534	8
3535	3
3536	7
3537	8
3538	4
3539	0
3540	6
3541	7
3542	4
3543	10
3544	2
3545	4
3546	7
3547	2
3548	6
3549	7
3550	4
3551	10
3552	2
3553	7
3554	9
3555	2
3556	7
3557	3
3558	5
3559	4
3560	2
3561	6
3562	1
3563	5
3564	6
3565	4
3566	0
3567	3
3568	2
3569	4
3570	5
3571	3
3572	12
3573	0
3574	2
3575	3
3576	4
3577	2
3578	5
3579	3
3580	4
3581	4
3582	2
3583	7
3584	3
3585	6
3586	4
3587	7
3588	6
3589	4
3590	7
3591	3
3592	3
3593	2
3594	3
3595	3
3596	2
3597	2
3598	1
3599	3
3600	5
3601	8
3602	4
3603	3
3604	1
3605	9
3606	3
3607	4
3608	0
3609	2
3610	4
3611	4
3612	5
3613	4
3614	4
3615	1
3616	4
3617	3
3618	6
3619	5
3620	3
3621	4
3622	3
3623	3
3624	4
3625	3
3626	1
3627	2
3628	3
3629	4
3630	6
3631	2
3632	1
3633	4
3634	3
3635	5
3636	1
3637	3
3638	4
3639	4
3640	3
3641	4
3642	8
3643	7
3644	2
3645	3
3646	2
3647	0
3648	3
3649	2
3650	0
3651	0
3652	3
3653	3
3654	4
3655	0
3656	1
3657	4
3658	2
3659	5
3660	3
3661	0
3662	2
3663	3
3664	0
3665	1
3666	5
3667	1
3668	1
3669	0
3670	2
3671	1
3672	0
3673	5
3674	2
3675	3
3676	1
3677	3
3678	2
3679	2
3680	3
3681	4
3682	3
3683	3
3684	0
3685	1
3686	1
3687	0
3688	1
3689	1
3690	5
3691	2
3692	2
3693	2
3694	4
3695	4
3696	2
3697	1
3698	2
3699	5
3700	1
3701	2
3702	2
3703	1
3704	2
3705	0
3706	6
3707	3
3708	0
3709	1
3710	0
3711	1
3712	0
3713	0
3714	3
3715	3
3716	1
3717	3
3718	1
3719	3
3720	2
3721	1
3722	1
3723	1
3724	1
3725	4
3726	3
3727	2
3728	1
3729	0
3730	4
3731	1
3732	1
3733	3
3734	1
3735	1
3736	1
3737	2
3738	3
3739	0
3740	2
3741	1
3742	1
3743	1
3744	2
3745	1
3746	2
3747	2
3748	0
3749	1
3750	2
3751	1
3752	0
3753	0
3754	0
3755	1
3756	0
3757	1
3758	1
3759	5
3760	2
3761	0
3762	1
3763	2
3764	1
3765	1
3766	1
3767	3
3768	0
3769	1
3770	0
3771	0
3772	2
3773	3
3774	0
3775	4
3776	3
3777	0
3778	1
3779	2
3780	3
3781	3
3782	1
3783	0
3784	1
3785	2
3786	1
3787	0
3788	2
3789	2
3790	0
3791	1
3792	2
3793	0
3794	2
3795	0
3796	3
3797	2
3798	3
3799	2
3800	0
3801	0
3802	1
3803	2
3804	2
3805	1
3806	0
3807	0
3808	0
3809	0
3810	0
3811	2
3812	3
3813	1
3814	0
3815	1
3816	2
3817	1
3818	0
3819	0
3820	1
3821	0
3822	0
3823	0
3824	1
3825	0
3826	1
3827	0
3828	1
3829	1
3830	0
3831	1
3832	1
3833	1
3834	3
3835	2
3836	0
3837	1
3838	0
3839	0
3840	1
3841	0
3842	2
3843	2
3844	3
3845	3
3846	1
3847	0
3848	0
3849	0
3850	3
3851	0
3852	0
3853	0
3854	0
3855	0
3856	1
3857	0
3858	0
3859	0
3860	2
3861	0
3862	1
3863	0
3864	0
3865	0
3866	1
3867	1
3868	1
3869	0
3870	1
3871	0
3872	1
3873	1
3874	1
3875	0
3876	0
3877	0
3878	0
3879	0
3880	2
3881	0
3882	1
3883	1
3884	2
3885	1
3886	1
3887	0
3888	1
3889	1
3890	3
3891	0
3892	2
3893	0
3894	0
3895	0
3896	0
3897	0
3898	0
3899	0
3900	0
3901	2
3902	0
3903	0
3904	0
3905	0
3906	0
3907	0
3908	0
3909	1
3910	0
3911	0
3912	0
3913	1
3914	1
3915	1
3916	0
3917	0
3918	0
3919	0
3920	2
3921	0
3922	0
3923	0
3924	0
3925	0
3926	0
3927	1
3928	2
3929	1
3930	0
3931	0
3932	1
3933	0
3934	0
3935	0
3936	0
3937	0
3938	0
3939	1
3940	0
3941	0
3942	0
3943	1
3944	0
3945	1
3946	0
3947	2
3948	1
3949	0
3950	0
3951	0
3952	1
3953	0
3954	0
3955	0
3956	1
3957	1
3958	0
3959	0
3960	0
3961	0
3962	0
3963	0
3964	1
3965	0
3966	0
3967	0
3968	0
3969	0
3970	0
3971	0
3972	0
3973	0
3974	0
3975	0
3976	1
3977	0
3978	1
3979	1
3980	1
3981	0
3982	0
3983	1
3984	2
3985	0
3986	2
3987	0
3988	0
3989	1
3990	1
3991	0
3992	1
3993	0
3994	1
3995	0
3996	0
3997	0
3998	1
3999	0
4000	3
4001	0
4002	0
4003	0
4004	0
4005	1
4006	1
4007	0
4008	0
4009	1
4010	0
4011	0
4012	0
4013	0
4014	0
4015	0
4016	0
4017	0
4018	1
4019	1
4020	0
4021	0
4022	0
4023	1
4024	0
4025	0
4026	1
4027	0
4028	0
4029	0
4030	1
4031	0
4032	0
4033	1
4034	0
4035	1
4036	1
4037	0
4038	0
4039	1
4040	0
4041	1
4042	0
4043	2
4044	0
4045	1
4046	0
4047	1
4048	1
4049	0
4050	0
4051	0
4052	0
4053	0
4054	1
4055	1
4056	0
4057	0
4058	0
4059	1
4060	0
4061	0
4062	0
4063	2
4064	0
4065	0
4066	1
4067	0
4068	0
4069	0
4070	0
4071	0
4072	0
4073	0
4074	1
4075	0
4076	1
4077	0
4078	0
4079	0
4080	0
4081	0
4082	1
4083	0
4084	0
4085	0
4086	0
4087	0
4088	0
4089	0
4090	1
4091	1
4092	1
4093	0
4094	0
4095	0
