0	0
1	0
2	0
3	0
4	0
5	0
6	0
7	0
8	0
9	0
10	0
11	0
12	0
13	0
14	0
15	0
16	0
17	0
18	0
19	0
20	0
21	0
22	0
23	0
24	0
25	0
26	0
27	0
28	0
29	0
30	0
31	1
32	0
33	0
34	0
35	0
36	0
37	0
38	1
39	3
40	1
41	0
42	2
43	2
44	2
45	1
46	1
47	2
48	2
49	0
50	1
51	0
52	3
53	6
54	1
55	1
56	2
57	3
58	7
59	4
60	12
61	15
62	37
63	98
64	166
65	148
66	142
67	106
68	100
69	79
70	67
71	71
72	49
73	47
74	42
75	60
76	47
77	27
78	37
79	30
80	29
81	37
82	27
83	25
84	22
85	29
86	39
87	28
88	31
89	20
90	25
91	26
92	21
93	18
94	18
95	11
96	24
97	24
98	22
99	23
100	19
101	18
102	19
103	15
104	21
105	25
106	25
107	23
108	18
109	9
110	15
111	24
112	15
113	17
114	21
115	17
116	21
117	14
118	21
119	18
120	19
121	13
122	17
123	23
124	23
125	9
126	12
127	22
128	22
129	14
130	16
131	13
132	16
133	11
134	19
135	20
136	13
137	12
138	19
139	19
140	21
141	8
142	14
143	17
144	20
145	19
146	10
147	15
148	15
149	16
150	27
151	15
152	14
153	18
154	14
155	18
156	18
157	16
158	9
159	18
160	10
161	15
162	18
163	13
164	25
165	11
166	10
167	13
168	15
169	20
170	16
171	10
172	17
173	14
174	20
175	18
176	22
177	15
178	13
179	13
180	11
181	13
182	20
183	13
184	24
185	17
186	16
187	13
188	12
189	13
190	19
191	14
192	17
193	26
194	11
195	16
196	16
197	11
198	19
199	22
200	15
201	16
202	19
203	17
204	14
205	18
206	15
207	17
208	25
209	11
210	15
211	17
212	16
213	16
214	12
215	17
216	18
217	21
218	25
219	19
220	15
221	22
222	16
223	20
224	18
225	24
226	21
227	14
228	12
229	14
230	22
231	19
232	13
233	14
234	15
235	15
236	12
237	17
238	18
239	17
240	17
241	19
242	20
243	15
244	16
245	12
246	14
247	19
248	16
249	20
250	9
251	14
252	14
253	21
254	11
255	11
256	13
257	15
258	18
259	20
260	15
261	14
262	11
263	11
264	16
265	14
266	16
267	16
268	16
269	17
270	15
271	14
272	15
273	10
274	22
275	15
276	27
277	21
278	18
279	16
280	25
281	17
282	19
283	20
284	22
285	21
286	13
287	14
288	16
289	13
290	14
291	21
292	22
293	10
294	16
295	19
296	18
297	13
298	14
299	21
300	19
301	11
302	26
303	20
304	16
305	19
306	14
307	20
308	18
309	20
310	12
311	13
312	20
313	22
314	19
315	16
316	12
317	16
318	24
319	16
320	19
321	28
322	16
323	13
324	19
325	13
326	16
327	25
328	14
329	17
330	22
331	23
332	15
333	16
334	20
335	16
336	18
337	14
338	21
339	20
340	19
341	22
342	16
343	26
344	25
345	23
346	19
347	18
348	22
349	10
350	23
351	19
352	18
353	25
354	23
355	15
356	18
357	20
358	23
359	21
360	18
361	13
362	20
363	23
364	16
365	19
366	26
367	24
368	27
369	21
370	22
371	17
372	24
373	18
374	21
375	20
376	27
377	25
378	30
379	22
380	17
381	18
382	24
383	13
384	24
385	31
386	34
387	28
388	26
389	24
390	28
391	21
392	17
393	19
394	15
395	17
396	21
397	32
398	23
399	17
400	30
401	15
402	16
403	27
404	33
405	26
406	29
407	26
408	29
409	31
410	29
411	23
412	43
413	35
414	23
415	21
416	21
417	26
418	35
419	35
420	27
421	26
422	19
423	30
424	26
425	19
426	25
427	24
428	26
429	27
430	26
431	26
432	17
433	20
434	24
435	26
436	24
437	29
438	18
439	26
440	23
441	13
442	38
443	28
444	27
445	26
446	25
447	24
448	27
449	31
450	27
451	25
452	24
453	27
454	28
455	23
456	28
457	22
458	25
459	22
460	19
461	24
462	24
463	34
464	27
465	28
466	28
467	20
468	24
469	20
470	29
471	25
472	24
473	23
474	23
475	25
476	15
477	26
478	29
479	35
480	28
481	36
482	27
483	31
484	22
485	28
486	19
487	31
488	32
489	25
490	22
491	36
492	18
493	24
494	31
495	27
496	29
497	22
498	27
499	21
500	14
501	29
502	24
503	29
504	21
505	21
506	21
507	30
508	29
509	18
510	26
511	23
512	17
513	22
514	28
515	36
516	23
517	25
518	27
519	25
520	31
521	20
522	28
523	29
524	19
525	32
526	22
527	21
528	23
529	30
530	28
531	22
532	16
533	26
534	18
535	20
536	19
537	18
538	32
539	24
540	25
541	30
542	23
543	21
544	24
545	23
546	20
547	23
548	25
549	24
550	25
551	26
552	23
553	29
554	22
555	31
556	20
557	19
558	15
559	21
560	19
561	16
562	30
563	19
564	22
565	28
566	21
567	21
568	20
569	24
570	16
571	24
572	25
573	16
574	17
575	21
576	22
577	23
578	28
579	26
580	23
581	20
582	24
583	34
584	28
585	23
586	20
587	26
588	20
589	23
590	23
591	13
592	29
593	22
594	28
595	24
596	22
597	21
598	14
599	37
600	20
601	19
602	24
603	21
604	21
605	25
606	25
607	29
608	23
609	19
610	29
611	18
612	18
613	26
614	18
615	20
616	18
617	25
618	28
619	26
620	16
621	19
622	17
623	24
624	23
625	15
626	19
627	19
628	21
629	19
630	25
631	31
632	29
633	28
634	17
635	27
636	26
637	22
638	26
639	16
640	29
641	17
642	31
643	28
644	32
645	22
646	35
647	23
648	28
649	24
650	15
651	32
652	21
653	26
654	27
655	21
656	17
657	25
658	23
659	29
660	19
661	25
662	23
663	25
664	24
665	26
666	19
667	30
668	18
669	16
670	26
671	19
672	24
673	27
674	29
675	28
676	31
677	30
678	23
679	19
680	23
681	26
682	17
683	18
684	19
685	23
686	25
687	25
688	25
689	29
690	25
691	31
692	29
693	28
694	19
695	24
696	20
697	28
698	20
699	24
700	28
701	23
702	21
703	21
704	24
705	29
706	26
707	27
708	32
709	26
710	26
711	27
712	27
713	17
714	30
715	27
716	16
717	24
718	27
719	29
720	20
721	34
722	30
723	21
724	29
725	23
726	18
727	18
728	26
729	21
730	28
731	33
732	34
733	24
734	29
735	22
736	29
737	27
738	24
739	26
740	22
741	28
742	23
743	18
744	21
745	33
746	27
747	23
748	18
749	22
750	27
751	27
752	17
753	20
754	25
755	28
756	33
757	31
758	29
759	31
760	33
761	25
762	23
763	18
764	26
765	25
766	26
767	24
768	33
769	31
770	30
771	39
772	31
773	29
774	30
775	23
776	27
777	29
778	26
779	29
780	26
781	23
782	19
783	25
784	31
785	23
786	27
787	26
788	27
789	37
790	37
791	21
792	32
793	21
794	22
795	24
796	27
797	30
798	34
799	34
800	30
801	20
802	32
803	29
804	24
805	31
806	32
807	30
808	27
809	33
810	25
811	29
812	27
813	24
814	33
815	23
816	17
817	19
818	23
819	21
820	35
821	28
822	33
823	30
824	28
825	20
826	26
827	20
828	38
829	34
830	29
831	32
832	41
833	33
834	23
835	35
836	24
837	28
838	29
839	23
840	27
841	15
842	26
843	29
844	33
845	31
846	32
847	36
848	29
849	22
850	21
851	34
852	27
853	26
854	28
855	32
856	41
857	25
858	25
859	24
860	27
861	26
862	30
863	24
864	33
865	22
866	30
867	20
868	28
869	34
870	28
871	28
872	31
873	29
874	32
875	37
876	32
877	33
878	25
879	29
880	30
881	31
882	35
883	23
884	24
885	35
886	26
887	27
888	28
889	27
890	28
891	39
892	35
893	24
894	34
895	32
896	30
897	31
898	31
899	35
900	28
901	34
902	22
903	35
904	29
905	24
906	25
907	28
908	31
909	30
910	31
911	29
912	28
913	21
914	35
915	29
916	43
917	38
918	25
919	22
920	30
921	20
922	36
923	35
924	28
925	18
926	28
927	32
928	27
929	31
930	32
931	32
932	28
933	31
934	26
935	27
936	29
937	26
938	27
939	33
940	25
941	33
942	29
943	30
944	22
945	25
946	29
947	34
948	21
949	29
950	30
951	26
952	13
953	34
954	32
955	26
956	27
957	25
958	28
959	27
960	27
961	22
962	26
963	30
964	31
965	25
966	17
967	30
968	31
969	39
970	18
971	28
972	29
973	28
974	20
975	27
976	30
977	32
978	27
979	35
980	34
981	34
982	44
983	28
984	29
985	30
986	24
987	20
988	29
989	37
990	23
991	25
992	27
993	35
994	36
995	34
996	30
997	34
998	19
999	30
1000	36
1001	41
1002	39
1003	29
1004	29
1005	34
1006	31
1007	32
1008	26
1009	24
1010	36
1011	25
1012	32
1013	36
1014	22
1015	31
1016	33
1017	28
1018	32
1019	34
1020	26
1021	26
1022	31
1023	23
1024	30
1025	36
1026	25
1027	26
1028	29
1029	34
1030	34
1031	26
1032	31
1033	22
1034	35
1035	32
1036	26
1037	28
1038	33
1039	32
1040	25
1041	32
1042	20
1043	27
1044	32
1045	28
1046	28
1047	39
1048	30
1049	27
1050	31
1051	26
1052	29
1053	24
1054	28
1055	23
1056	35
1057	24
1058	37
1059	25
1060	25
1061	35
1062	28
1063	26
1064	26
1065	30
1066	31
1067	33
1068	34
1069	22
1070	39
1071	38
1072	18
1073	28
1074	23
1075	24
1076	12
1077	31
1078	35
1079	26
1080	27
1081	22
1082	25
1083	25
1084	28
1085	31
1086	25
1087	26
1088	30
1089	23
1090	41
1091	27
1092	21
1093	35
1094	32
1095	27
1096	19
1097	23
1098	34
1099	29
1100	27
1101	42
1102	23
1103	21
1104	15
1105	29
1106	25
1107	30
1108	29
1109	30
1110	24
1111	28
1112	29
1113	30
1114	25
1115	23
1116	29
1117	29
1118	23
1119	23
1120	28
1121	22
1122	34
1123	19
1124	23
1125	23
1126	31
1127	24
1128	17
1129	27
1130	26
1131	25
1132	17
1133	26
1134	22
1135	34
1136	16
1137	26
1138	20
1139	21
1140	27
1141	32
1142	17
1143	33
1144	22
1145	26
1146	28
1147	20
1148	21
1149	18
1150	29
1151	35
1152	24
1153	23
1154	40
1155	23
1156	23
1157	22
1158	26
1159	34
1160	31
1161	19
1162	28
1163	24
1164	24
1165	18
1166	35
1167	24
1168	27
1169	25
1170	29
1171	27
1172	24
1173	32
1174	27
1175	28
1176	20
1177	23
1178	19
1179	17
1180	26
1181	21
1182	31
1183	35
1184	19
1185	21
1186	24
1187	26
1188	36
1189	21
1190	25
1191	24
1192	27
1193	25
1194	27
1195	26
1196	23
1197	25
1198	21
1199	27
1200	27
1201	28
1202	26
1203	36
1204	24
1205	29
1206	28
1207	29
1208	20
1209	23
1210	20
1211	27
1212	10
1213	23
1214	23
1215	22
1216	24
1217	19
1218	23
1219	21
1220	29
1221	28
1222	13
1223	21
1224	24
1225	30
1226	23
1227	26
1228	22
1229	30
1230	18
1231	24
1232	27
1233	25
1234	25
1235	14
1236	34
1237	18
1238	22
1239	27
1240	24
1241	24
1242	22
1243	20
1244	34
1245	24
1246	19
1247	22
1248	31
1249	26
1250	28
1251	16
1252	31
1253	18
1254	19
1255	25
1256	24
1257	13
1258	27
1259	26
1260	15
1261	18
1262	22
1263	14
1264	23
1265	16
1266	23
1267	16
1268	32
1269	30
1270	20
1271	32
1272	32
1273	17
1274	27
1275	17
1276	25
1277	15
1278	20
1279	24
1280	33
1281	21
1282	21
1283	19
1284	22
1285	23
1286	27
1287	25
1288	19
1289	23
1290	19
1291	23
1292	20
1293	25
1294	27
1295	20
1296	24
1297	20
1298	18
1299	26
1300	21
1301	19
1302	21
1303	23
1304	28
1305	29
1306	21
1307	23
1308	23
1309	18
1310	19
1311	23
1312	23
1313	20
1314	24
1315	13
1316	31
1317	23
1318	25
1319	31
1320	27
1321	22
1322	19
1323	22
1324	13
1325	28
1326	35
1327	16
1328	21
1329	14
1330	26
1331	21
1332	25
1333	19
1334	30
1335	24
1336	23
1337	18
1338	21
1339	17
1340	22
1341	24
1342	23
1343	20
1344	18
1345	23
1346	16
1347	18
1348	20
1349	21
1350	20
1351	14
1352	15
1353	22
1354	9
1355	21
1356	20
1357	15
1358	18
1359	21
1360	19
1361	20
1362	21
1363	22
1364	28
1365	21
1366	21
1367	16
1368	26
1369	24
1370	19
1371	21
1372	17
1373	16
1374	23
1375	18
1376	23
1377	23
1378	20
1379	17
1380	17
1381	18
1382	21
1383	19
1384	29
1385	16
1386	21
1387	22
1388	19
1389	29
1390	22
1391	16
1392	18
1393	19
1394	20
1395	25
1396	20
1397	15
1398	14
1399	22
1400	15
1401	29
1402	20
1403	21
1404	16
1405	22
1406	24
1407	19
1408	23
1409	24
1410	23
1411	19
1412	14
1413	20
1414	12
1415	24
1416	15
1417	25
1418	24
1419	27
1420	19
1421	20
1422	21
1423	14
1424	29
1425	26
1426	20
1427	17
1428	19
1429	23
1430	20
1431	22
1432	16
1433	21
1434	16
1435	22
1436	20
1437	17
1438	25
1439	19
1440	19
1441	18
1442	19
1443	18
1444	12
1445	20
1446	18
1447	20
1448	20
1449	17
1450	27
1451	16
1452	17
1453	17
1454	19
1455	26
1456	15
1457	14
1458	18
1459	18
1460	24
1461	14
1462	16
1463	19
1464	14
1465	13
1466	21
1467	24
1468	16
1469	20
1470	10
1471	10
1472	24
1473	12
1474	24
1475	28
1476	18
1477	17
1478	17
1479	22
1480	14
1481	15
1482	13
1483	18
1484	10
1485	17
1486	30
1487	24
1488	25
1489	13
1490	21
1491	15
1492	13
1493	15
1494	16
1495	12
1496	16
1497	18
1498	17
1499	16
1500	14
1501	14
1502	17
1503	17
1504	15
1505	22
1506	27
1507	15
1508	16
1509	13
1510	13
1511	17
1512	12
1513	18
1514	16
1515	18
1516	18
1517	20
1518	16
1519	17
1520	13
1521	16
1522	14
1523	21
1524	28
1525	13
1526	18
1527	11
1528	13
1529	20
1530	23
1531	19
1532	23
1533	19
1534	12
1535	19
1536	7
1537	19
1538	13
1539	10
1540	26
1541	17
1542	16
1543	25
1544	21
1545	21
1546	24
1547	14
1548	10
1549	17
1550	15
1551	17
1552	15
1553	18
1554	8
1555	18
1556	16
1557	17
1558	13
1559	17
1560	15
1561	17
1562	15
1563	20
1564	18
1565	16
1566	16
1567	12
1568	14
1569	22
1570	15
1571	20
1572	13
1573	28
1574	18
1575	13
1576	19
1577	26
1578	20
1579	20
1580	15
1581	11
1582	14
1583	16
1584	18
1585	16
1586	22
1587	12
1588	20
1589	8
1590	20
1591	10
1592	19
1593	16
1594	12
1595	18
1596	16
1597	17
1598	14
1599	17
1600	20
1601	19
1602	15
1603	18
1604	17
1605	18
1606	14
1607	18
1608	26
1609	23
1610	25
1611	23
1612	7
1613	18
1614	19
1615	17
1616	16
1617	13
1618	11
1619	14
1620	17
1621	20
1622	21
1623	19
1624	16
1625	17
1626	15
1627	20
1628	20
1629	17
1630	16
1631	15
1632	15
1633	21
1634	18
1635	13
1636	23
1637	18
1638	12
1639	22
1640	20
1641	13
1642	11
1643	15
1644	15
1645	18
1646	15
1647	17
1648	13
1649	10
1650	28
1651	13
1652	11
1653	12
1654	16
1655	12
1656	23
1657	14
1658	12
1659	15
1660	12
1661	19
1662	20
1663	18
1664	11
1665	15
1666	12
1667	12
1668	29
1669	18
1670	16
1671	14
1672	12
1673	21
1674	14
1675	19
1676	15
1677	14
1678	14
1679	28
1680	11
1681	22
1682	7
1683	14
1684	20
1685	16
1686	18
1687	25
1688	21
1689	14
1690	16
1691	9
1692	17
1693	22
1694	25
1695	18
1696	28
1697	19
1698	16
1699	16
1700	15
1701	20
1702	20
1703	21
1704	16
1705	17
1706	17
1707	24
1708	17
1709	9
1710	13
1711	12
1712	17
1713	10
1714	23
1715	13
1716	17
1717	21
1718	13
1719	23
1720	20
1721	19
1722	17
1723	13
1724	18
1725	17
1726	19
1727	20
1728	20
1729	12
1730	14
1731	14
1732	19
1733	18
1734	17
1735	18
1736	17
1737	14
1738	13
1739	9
1740	10
1741	10
1742	9
1743	17
1744	19
1745	20
1746	24
1747	15
1748	13
1749	15
1750	12
1751	18
1752	20
1753	15
1754	14
1755	21
1756	16
1757	16
1758	21
1759	15
1760	24
1761	11
1762	11
1763	13
1764	13
1765	8
1766	15
1767	16
1768	17
1769	15
1770	15
1771	11
1772	18
1773	19
1774	14
1775	14
1776	21
1777	15
1778	14
1779	24
1780	24
1781	15
1782	13
1783	22
1784	15
1785	11
1786	13
1787	17
1788	9
1789	17
1790	17
1791	14
1792	13
1793	10
1794	17
1795	12
1796	15
1797	16
1798	14
1799	16
1800	16
1801	21
1802	9
1803	15
1804	21
1805	8
1806	9
1807	12
1808	14
1809	14
1810	16
1811	16
1812	15
1813	13
1814	14
1815	19
1816	15
1817	16
1818	10
1819	12
1820	15
1821	17
1822	14
1823	16
1824	14
1825	20
1826	13
1827	14
1828	13
1829	17
1830	11
1831	18
1832	17
1833	12
1834	19
1835	18
1836	21
1837	8
1838	17
1839	16
1840	11
1841	13
1842	15
1843	14
1844	20
1845	16
1846	15
1847	15
1848	17
1849	15
1850	19
1851	15
1852	12
1853	17
1854	18
1855	16
1856	19
1857	8
1858	13
1859	14
1860	11
1861	12
1862	11
1863	15
1864	9
1865	22
1866	16
1867	13
1868	15
1869	14
1870	8
1871	19
1872	14
1873	13
1874	9
1875	18
1876	19
1877	9
1878	14
1879	16
1880	17
1881	13
1882	7
1883	15
1884	17
1885	14
1886	16
1887	15
1888	15
1889	16
1890	19
1891	15
1892	17
1893	14
1894	16
1895	23
1896	14
1897	23
1898	13
1899	10
1900	18
1901	11
1902	9
1903	8
1904	16
1905	24
1906	19
1907	13
1908	13
1909	14
1910	20
1911	21
1912	14
1913	12
1914	15
1915	14
1916	16
1917	8
1918	11
1919	13
1920	10
1921	17
1922	13
1923	17
1924	19
1925	21
1926	17
1927	12
1928	15
1929	10
1930	8
1931	22
1932	19
1933	22
1934	17
1935	15
1936	17
1937	20
1938	21
1939	15
1940	10
1941	15
1942	19
1943	19
1944	10
1945	15
1946	14
1947	18
1948	17
1949	14
1950	19
1951	17
1952	8
1953	17
1954	16
1955	20
1956	12
1957	13
1958	14
1959	12
1960	16
1961	19
1962	15
1963	15
1964	16
1965	14
1966	14
1967	13
1968	12
1969	13
1970	12
1971	8
1972	8
1973	12
1974	18
1975	15
1976	21
1977	13
1978	18
1979	16
1980	12
1981	17
1982	10
1983	16
1984	24
1985	13
1986	12
1987	20
1988	13
1989	17
1990	9
1991	20
1992	14
1993	12
1994	14
1995	15
1996	16
1997	14
1998	20
1999	23
2000	8
2001	14
2002	22
2003	19
2004	13
2005	10
2006	16
2007	15
2008	14
2009	17
2010	13
2011	7
2012	15
2013	11
2014	13
2015	14
2016	17
2017	13
2018	10
2019	14
2020	15
2021	17
2022	13
2023	8
2024	18
2025	16
2026	10
2027	22
2028	19
2029	16
2030	18
2031	13
2032	16
2033	17
2034	15
2035	14
2036	15
2037	12
2038	10
2039	12
2040	11
2041	17
2042	8
2043	20
2044	14
2045	7
2046	16
2047	8
2048	13
2049	11
2050	7
2051	21
2052	13
2053	8
2054	14
2055	12
2056	9
2057	14
2058	10
2059	15
2060	19
2061	13
2062	20
2063	10
2064	20
2065	20
2066	8
2067	19
2068	19
2069	12
2070	17
2071	18
2072	14
2073	17
2074	16
2075	13
2076	19
2077	14
2078	16
2079	12
2080	10
2081	16
2082	16
2083	11
2084	21
2085	20
2086	13
2087	19
2088	17
2089	15
2090	20
2091	8
2092	18
2093	14
2094	11
2095	10
2096	9
2097	9
2098	7
2099	12
2100	8
2101	15
2102	17
2103	12
2104	17
2105	14
2106	12
2107	14
2108	10
2109	20
2110	15
2111	16
2112	18
2113	14
2114	11
2115	9
2116	14
2117	8
2118	11
2119	14
2120	22
2121	13
2122	12
2123	13
2124	13
2125	13
2126	16
2127	8
2128	15
2129	16
2130	13
2131	14
2132	14
2133	12
2134	12
2135	10
2136	19
2137	11
2138	10
2139	21
2140	20
2141	14
2142	10
2143	14
2144	15
2145	11
2146	14
2147	16
2148	16
2149	18
2150	14
2151	10
2152	13
2153	14
2154	16
2155	8
2156	9
2157	14
2158	13
2159	13
2160	18
2161	11
2162	21
2163	13
2164	11
2165	22
2166	16
2167	7
2168	10
2169	18
2170	18
2171	11
2172	14
2173	13
2174	18
2175	11
2176	17
2177	17
2178	17
2179	12
2180	11
2181	15
2182	14
2183	18
2184	14
2185	12
2186	11
2187	9
2188	10
2189	10
2190	12
2191	14
2192	16
2193	12
2194	8
2195	9
2196	18
2197	17
2198	16
2199	16
2200	14
2201	18
2202	12
2203	8
2204	18
2205	13
2206	11
2207	10
2208	16
2209	18
2210	12
2211	12
2212	7
2213	15
2214	17
2215	9
2216	11
2217	11
2218	9
2219	15
2220	19
2221	9
2222	15
2223	13
2224	13
2225	16
2226	9
2227	12
2228	6
2229	12
2230	14
2231	19
2232	8
2233	10
2234	11
2235	10
2236	10
2237	13
2238	12
2239	8
2240	7
2241	15
2242	11
2243	8
2244	20
2245	10
2246	15
2247	18
2248	13
2249	12
2250	12
2251	5
2252	16
2253	9
2254	11
2255	13
2256	7
2257	9
2258	12
2259	18
2260	15
2261	14
2262	13
2263	16
2264	16
2265	24
2266	17
2267	11
2268	17
2269	9
2270	13
2271	8
2272	13
2273	11
2274	10
2275	18
2276	9
2277	13
2278	10
2279	15
2280	12
2281	9
2282	16
2283	14
2284	13
2285	15
2286	13
2287	14
2288	11
2289	15
2290	11
2291	11
2292	13
2293	14
2294	8
2295	10
2296	9
2297	17
2298	15
2299	8
2300	20
2301	9
2302	8
2303	15
2304	16
2305	17
2306	11
2307	14
2308	16
2309	12
2310	12
2311	9
2312	15
2313	9
2314	10
2315	7
2316	10
2317	16
2318	11
2319	12
2320	15
2321	14
2322	12
2323	10
2324	14
2325	14
2326	12
2327	14
2328	12
2329	10
2330	15
2331	15
2332	10
2333	17
2334	13
2335	13
2336	9
2337	11
2338	19
2339	12
2340	8
2341	10
2342	20
2343	14
2344	11
2345	11
2346	9
2347	11
2348	12
2349	12
2350	11
2351	15
2352	12
2353	15
2354	6
2355	9
2356	9
2357	17
2358	10
2359	9
2360	10
2361	8
2362	16
2363	14
2364	11
2365	18
2366	8
2367	10
2368	17
2369	17
2370	9
2371	13
2372	6
2373	17
2374	15
2375	9
2376	13
2377	7
2378	12
2379	8
2380	8
2381	14
2382	15
2383	14
2384	7
2385	12
2386	10
2387	12
2388	17
2389	6
2390	8
2391	15
2392	6
2393	9
2394	15
2395	16
2396	8
2397	12
2398	9
2399	7
2400	9
2401	17
2402	9
2403	8
2404	12
2405	7
2406	13
2407	11
2408	10
2409	11
2410	7
2411	19
2412	9
2413	15
2414	23
2415	8
2416	8
2417	13
2418	11
2419	12
2420	13
2421	12
2422	9
2423	18
2424	11
2425	16
2426	16
2427	12
2428	12
2429	17
2430	7
2431	7
2432	17
2433	11
2434	22
2435	8
2436	17
2437	11
2438	9
2439	16
2440	14
2441	9
2442	9
2443	11
2444	13
2445	14
2446	10
2447	9
2448	16
2449	8
2450	14
2451	8
2452	15
2453	12
2454	17
2455	11
2456	9
2457	15
2458	12
2459	11
2460	12
2461	12
2462	15
2463	12
2464	13
2465	13
2466	12
2467	11
2468	9
2469	21
2470	7
2471	4
2472	11
2473	10
2474	14
2475	16
2476	11
2477	5
2478	15
2479	13
2480	6
2481	11
2482	14
2483	12
2484	19
2485	12
2486	10
2487	10
2488	12
2489	15
2490	12
2491	18
2492	6
2493	15
2494	12
2495	12
2496	11
2497	9
2498	10
2499	9
2500	12
2501	11
2502	11
2503	9
2504	12
2505	12
2506	8
2507	15
2508	12
2509	13
2510	15
2511	13
2512	11
2513	5
2514	14
2515	9
2516	8
2517	12
2518	12
2519	8
2520	12
2521	9
2522	10
2523	14
2524	18
2525	11
2526	10
2527	14
2528	18
2529	15
2530	10
2531	11
2532	12
2533	10
2534	10
2535	4
2536	15
2537	11
2538	13
2539	7
2540	10
2541	14
2542	14
2543	9
2544	9
2545	11
2546	14
2547	14
2548	9
2549	12
2550	11
2551	6
2552	10
2553	13
2554	13
2555	10
2556	11
2557	13
2558	16
2559	5
2560	8
2561	7
2562	12
2563	6
2564	14
2565	7
2566	13
2567	6
2568	15
2569	12
2570	16
2571	7
2572	18
2573	13
2574	10
2575	17
2576	9
2577	17
2578	12
2579	10
2580	13
2581	13
2582	13
2583	12
2584	14
2585	4
2586	7
2587	10
2588	13
2589	8
2590	5
2591	9
2592	11
2593	23
2594	9
2595	10
2596	10
2597	12
2598	14
2599	9
2600	15
2601	13
2602	15
2603	12
2604	11
2605	12
2606	13
2607	17
2608	16
2609	13
2610	13
2611	12
2612	14
2613	6
2614	12
2615	20
2616	12
2617	10
2618	17
2619	9
2620	10
2621	18
2622	7
2623	10
2624	12
2625	12
2626	10
2627	11
2628	9
2629	10
2630	9
2631	9
2632	9
2633	17
2634	11
2635	16
2636	10
2637	15
2638	13
2639	5
2640	9
2641	14
2642	13
2643	9
2644	7
2645	7
2646	5
2647	14
2648	12
2649	11
2650	12
2651	13
2652	16
2653	8
2654	12
2655	16
2656	7
2657	9
2658	18
2659	11
2660	17
2661	8
2662	6
2663	11
2664	9
2665	16
2666	13
2667	13
2668	13
2669	9
2670	12
2671	8
2672	15
2673	13
2674	12
2675	14
2676	9
2677	13
2678	10
2679	9
2680	10
2681	12
2682	12
2683	15
2684	10
2685	8
2686	16
2687	11
2688	13
2689	11
2690	14
2691	9
2692	11
2693	14
2694	15
2695	11
2696	7
2697	13
2698	9
2699	10
2700	10
2701	13
2702	16
2703	8
2704	13
2705	10
2706	14
2707	14
2708	7
2709	9
2710	7
2711	13
2712	16
2713	15
2714	13
2715	17
2716	12
2717	12
2718	12
2719	9
2720	11
2721	8
2722	8
2723	8
2724	8
2725	11
2726	13
2727	5
2728	8
2729	7
2730	9
2731	13
2732	10
2733	11
2734	14
2735	9
2736	6
2737	12
2738	8
2739	13
2740	10
2741	9
2742	13
2743	13
2744	9
2745	9
2746	5
2747	14
2748	7
2749	9
2750	12
2751	14
2752	13
2753	16
2754	14
2755	7
2756	14
2757	14
2758	15
2759	9
2760	8
2761	10
2762	15
2763	11
2764	14
2765	9
2766	13
2767	15
2768	14
2769	9
2770	11
2771	11
2772	8
2773	9
2774	7
2775	10
2776	14
2777	15
2778	13
2779	13
2780	12
2781	8
2782	10
2783	11
2784	18
2785	12
2786	9
2787	8
2788	15
2789	13
2790	13
2791	7
2792	10
2793	12
2794	8
2795	7
2796	8
2797	4
2798	15
2799	7
2800	9
2801	7
2802	11
2803	3
2804	17
2805	8
2806	7
2807	14
2808	8
2809	16
2810	11
2811	13
2812	15
2813	13
2814	7
2815	10
2816	12
2817	13
2818	11
2819	17
2820	11
2821	8
2822	9
2823	13
2824	8
2825	9
2826	8
2827	15
2828	9
2829	9
2830	15
2831	10
2832	14
2833	16
2834	16
2835	11
2836	18
2837	15
2838	8
2839	8
2840	9
2841	17
2842	16
2843	16
2844	11
2845	14
2846	12
2847	13
2848	17
2849	15
2850	10
2851	18
2852	13
2853	15
2854	15
2855	15
2856	10
2857	10
2858	12
2859	9
2860	7
2861	17
2862	13
2863	10
2864	9
2865	13
2866	14
2867	14
2868	19
2869	9
2870	12
2871	10
2872	11
2873	6
2874	15
2875	19
2876	13
2877	6
2878	5
2879	18
2880	13
2881	13
2882	12
2883	9
2884	11
2885	14
2886	10
2887	7
2888	7
2889	15
2890	13
2891	16
2892	17
2893	12
2894	12
2895	18
2896	16
2897	9
2898	12
2899	12
2900	9
2901	14
2902	13
2903	14
2904	8
2905	10
2906	12
2907	15
2908	12
2909	17
2910	8
2911	11
2912	10
2913	6
2914	13
2915	9
2916	10
2917	17
2918	7
2919	17
2920	11
2921	11
2922	15
2923	16
2924	14
2925	15
2926	10
2927	10
2928	7
2929	12
2930	12
2931	8
2932	9
2933	12
2934	15
2935	16
2936	17
2937	9
2938	9
2939	12
2940	9
2941	7
2942	14
2943	20
2944	15
2945	12
2946	12
2947	8
2948	9
2949	17
2950	10
2951	13
2952	12
2953	13
2954	10
2955	15
2956	11
2957	11
2958	11
2959	15
2960	16
2961	9
2962	12
2963	9
2964	12
2965	14
2966	8
2967	12
2968	13
2969	14
2970	8
2971	13
2972	14
2973	11
2974	16
2975	4
2976	14
2977	14
2978	11
2979	17
2980	12
2981	17
2982	13
2983	18
2984	17
2985	12
2986	10
2987	7
2988	16
2989	12
2990	18
2991	11
2992	11
2993	16
2994	11
2995	9
2996	12
2997	13
2998	3
2999	12
3000	13
3001	15
3002	9
3003	14
3004	11
3005	10
3006	12
3007	13
3008	15
3009	7
3010	15
3011	17
3012	10
3013	12
3014	12
3015	17
3016	7
3017	14
3018	8
3019	12
3020	8
3021	11
3022	13
3023	12
3024	10
3025	15
3026	12
3027	19
3028	12
3029	19
3030	9
3031	11
3032	16
3033	8
3034	13
3035	12
3036	15
3037	19
3038	17
3039	13
3040	14
3041	11
3042	12
3043	9
3044	9
3045	15
3046	14
3047	13
3048	12
3049	8
3050	11
3051	18
3052	8
3053	12
3054	19
3055	8
3056	13
3057	7
3058	17
3059	12
3060	11
3061	10
3062	14
3063	18
3064	8
3065	11
3066	25
3067	12
3068	16
3069	18
3070	7
3071	10
3072	19
3073	13
3074	8
3075	12
3076	11
3077	11
3078	14
3079	11
3080	7
3081	18
3082	10
3083	21
3084	16
3085	16
3086	10
3087	11
3088	7
3089	14
3090	7
3091	19
3092	20
3093	13
3094	11
3095	14
3096	17
3097	10
3098	20
3099	17
3100	14
3101	14
3102	17
3103	9
3104	18
3105	7
3106	18
3107	16
3108	13
3109	14
3110	15
3111	13
3112	19
3113	11
3114	7
3115	11
3116	16
3117	11
3118	8
3119	9
3120	12
3121	15
3122	12
3123	20
3124	8
3125	16
3126	18
3127	12
3128	9
3129	19
3130	16
3131	14
3132	11
3133	13
3134	10
3135	9
3136	10
3137	18
3138	9
3139	15
3140	14
3141	17
3142	14
3143	11
3144	18
3145	10
3146	15
3147	16
3148	12
3149	11
3150	15
3151	13
3152	22
3153	9
3154	18
3155	10
3156	15
3157	13
3158	9
3159	16
3160	19
3161	19
3162	9
3163	12
3164	17
3165	13
3166	13
3167	13
3168	14
3169	19
3170	12
3171	18
3172	20
3173	13
3174	19
3175	11
3176	10
3177	12
3178	15
3179	17
3180	8
3181	15
3182	4
3183	16
3184	10
3185	15
3186	13
3187	11
3188	8
3189	16
3190	4
3191	17
3192	14
3193	19
3194	16
3195	14
3196	19
3197	14
3198	13
3199	14
3200	8
3201	10
3202	14
3203	17
3204	11
3205	8
3206	10
3207	15
3208	13
3209	10
3210	11
3211	14
3212	11
3213	21
3214	15
3215	12
3216	14
3217	11
3218	13
3219	18
3220	12
3221	15
3222	7
3223	11
3224	17
3225	10
3226	11
3227	8
3228	9
3229	20
3230	12
3231	14
3232	12
3233	20
3234	9
3235	9
3236	12
3237	9
3238	13
3239	10
3240	15
3241	15
3242	13
3243	13
3244	15
3245	21
3246	21
3247	12
3248	9
3249	14
3250	8
3251	11
3252	17
3253	11
3254	12
3255	10
3256	11
3257	14
3258	13
3259	16
3260	14
3261	12
3262	12
3263	15
3264	10
3265	14
3266	10
3267	12
3268	22
3269	14
3270	11
3271	13
3272	13
3273	18
3274	10
3275	10
3276	16
3277	10
3278	20
3279	16
3280	15
3281	17
3282	10
3283	13
3284	12
3285	14
3286	14
3287	13
3288	16
3289	14
3290	18
3291	13
3292	10
3293	5
3294	6
3295	9
3296	13
3297	12
3298	15
3299	7
3300	13
3301	14
3302	10
3303	10
3304	9
3305	11
3306	18
3307	14
3308	4
3309	15
3310	14
3311	10
3312	12
3313	12
3314	7
3315	17
3316	14
3317	19
3318	11
3319	7
3320	18
3321	10
3322	6
3323	9
3324	22
3325	10
3326	13
3327	9
3328	9
3329	14
3330	17
3331	11
3332	11
3333	12
3334	8
3335	10
3336	13
3337	5
3338	12
3339	11
3340	8
3341	11
3342	11
3343	8
3344	10
3345	10
3346	6
3347	10
3348	12
3349	9
3350	14
3351	9
3352	12
3353	11
3354	13
3355	10
3356	15
3357	13
3358	10
3359	10
3360	10
3361	11
3362	10
3363	9
3364	11
3365	9
3366	13
3367	6
3368	9
3369	6
3370	11
3371	9
3372	8
3373	8
3374	9
3375	9
3376	11
3377	13
3378	9
3379	6
3380	6
3381	6
3382	7
3383	14
3384	7
3385	6
3386	8
3387	10
3388	13
3389	12
3390	14
3391	11
3392	9
3393	8
3394	10
3395	12
3396	7
3397	8
3398	13
3399	13
3400	7
3401	8
3402	5
3403	9
3404	10
3405	12
3406	7
3407	6
3408	7
3409	11
3410	11
3411	11
3412	14
3413	8
3414	9
3415	9
3416	7
3417	7
3418	12
3419	6
3420	7
3421	9
3422	10
3423	16
3424	6
3425	6
3426	10
3427	9
3428	4
3429	11
3430	12
3431	2
3432	10
3433	11
3434	7
3435	8
3436	3
3437	12
3438	7
3439	8
3440	12
3441	8
3442	6
3443	7
3444	9
3445	10
3446	13
3447	11
3448	9
3449	4
3450	7
3451	11
3452	9
3453	4
3454	8
3455	12
3456	7
3457	9
3458	3
3459	2
3460	6
3461	3
3462	8
3463	7
3464	6
3465	6
3466	3
3467	6
3468	11
3469	8
3470	10
3471	9
3472	4
3473	10
3474	6
3475	7
3476	12
3477	5
3478	4
3479	10
3480	6
3481	8
3482	6
3483	10
3484	5
3485	10
3486	8
3487	10
3488	8
3489	4
3490	6
3491	9
3492	8
3493	7
3494	7
3495	7
3496	6
3497	5
3498	8
3499	4
3500	8
3501	2
3502	7
3503	6
3504	5
3505	11
3506	3
3507	7
3508	6
3509	5
3510	9
3511	4
3512	8
3513	6
3514	6
3515	8
3516	6
3517	5
3518	6
3519	8
3520	4
3521	7
3522	8
3523	7
3524	8
3525	3
3526	7
3527	6
3528	5
3529	3
3530	2
3531	9
3532	10
3533	10
3534	4
3535	5
3536	6
3537	6
3538	5
3539	3
3540	4
3541	2
3542	4
3543	4
3544	6
3545	6
3546	3
3547	8
3548	4
3549	8
3550	4
3551	4
3552	3
3553	3
3554	5
3555	1
3556	6
3557	6
3558	1
3559	2
3560	6
3561	3
3562	5
3563	6
3564	6
3565	4
3566	5
3567	3
3568	2
3569	6
3570	8
3571	7
3572	6
3573	7
3574	6
3575	4
3576	5
3577	2
3578	4
3579	3
3580	2
3581	9
3582	1
3583	4
3584	3
3585	5
3586	6
3587	7
3588	6
3589	2
3590	4
3591	7
3592	4
3593	4
3594	3
3595	8
3596	2
3597	1
3598	3
3599	9
3600	6
3601	1
3602	5
3603	3
3604	4
3605	6
3606	3
3607	3
3608	6
3609	4
3610	5
3611	5
3612	3
3613	5
3614	4
3615	5
3616	3
3617	5
3618	2
3619	5
3620	2
3621	1
3622	4
3623	6
3624	2
3625	2
3626	5
3627	1
3628	4
3629	1
3630	2
3631	3
3632	4
3633	2
3634	3
3635	2
3636	2
3637	3
3638	1
3639	2
3640	4
3641	3
3642	5
3643	3
3644	1
3645	2
3646	2
3647	6
3648	3
3649	3
3650	3
3651	4
3652	2
3653	1
3654	5
3655	4
3656	3
3657	2
3658	1
3659	4
3660	3
3661	2
3662	2
3663	5
3664	2
3665	3
3666	1
3667	4
3668	3
3669	1
3670	2
3671	3
3672	1
3673	4
3674	3
3675	3
3676	4
3677	2
3678	3
3679	1
3680	5
3681	2
3682	0
3683	0
3684	2
3685	2
3686	5
3687	3
3688	4
3689	3
3690	2
3691	3
3692	5
3693	3
3694	0
3695	1
3696	0
3697	3
3698	1
3699	1
3700	2
3701	1
3702	1
3703	2
3704	1
3705	2
3706	1
3707	0
3708	0
3709	1
3710	3
3711	4
3712	1
3713	2
3714	2
3715	1
3716	2
3717	4
3718	3
3719	1
3720	2
3721	1
3722	0
3723	2
3724	1
3725	1
3726	2
3727	2
3728	3
3729	2
3730	2
3731	3
3732	1
3733	3
3734	2
3735	1
3736	2
3737	2
3738	1
3739	3
3740	2
3741	1
3742	1
3743	2
3744	1
3745	1
3746	2
3747	2
3748	0
3749	5
3750	1
3751	3
3752	1
3753	3
3754	1
3755	2
3756	0
3757	0
3758	1
3759	2
3760	1
3761	0
3762	1
3763	0
3764	2
3765	2
3766	1
3767	3
3768	1
3769	0
3770	1
3771	1
3772	1
3773	2
3774	3
3775	1
3776	2
3777	0
3778	4
3779	1
3780	1
3781	5
3782	0
3783	4
3784	2
3785	3
3786	0
3787	0
3788	1
3789	0
3790	0
3791	0
3792	0
3793	1
3794	1
3795	1
3796	1
3797	1
3798	1
3799	1
3800	2
3801	1
3802	0
3803	2
3804	0
3805	1
3806	0
3807	1
3808	1
3809	0
3810	1
3811	0
3812	1
3813	1
3814	3
3815	1
3816	2
3817	0
3818	1
3819	0
3820	0
3821	1
3822	1
3823	0
3824	2
3825	1
3826	0
3827	1
3828	1
3829	1
3830	2
3831	2
3832	0
3833	2
3834	0
3835	2
3836	0
3837	1
3838	0
3839	1
3840	1
3841	0
3842	2
3843	0
3844	1
3845	1
3846	0
3847	1
3848	0
3849	2
3850	0
3851	0
3852	0
3853	0
3854	1
3855	0
3856	1
3857	0
3858	0
3859	0
3860	0
3861	1
3862	0
3863	1
3864	0
3865	0
3866	0
3867	0
3868	0
3869	1
3870	1
3871	2
3872	0
3873	0
3874	0
3875	0
3876	1
3877	0
3878	1
3879	1
3880	0
3881	1
3882	0
3883	0
3884	1
3885	2
3886	1
3887	0
3888	0
3889	0
3890	1
3891	1
3892	1
3893	0
3894	1
3895	0
3896	1
3897	0
3898	0
3899	0
3900	1
3901	0
3902	0
3903	0
3904	2
3905	0
3906	0
3907	0
3908	0
3909	1
3910	0
3911	0
3912	0
3913	0
3914	0
3915	1
3916	0
3917	0
3918	0
3919	1
3920	0
3921	0
3922	1
3923	0
3924	0
3925	0
3926	0
3927	1
3928	0
3929	1
3930	1
3931	0
3932	1
3933	0
3934	0
3935	0
3936	0
3937	0
3938	1
3939	1
3940	1
3941	0
3942	0
3943	1
3944	1
3945	0
3946	0
3947	0
3948	0
3949	1
3950	0
3951	0
3952	0
3953	0
3954	0
3955	0
3956	0
3957	0
3958	0
3959	0
3960	0
3961	1
3962	0
3963	0
3964	1
3965	0
3966	0
3967	1
3968	0
3969	0
3970	0
3971	1
3972	1
3973	0
3974	0
3975	1
3976	0
3977	0
3978	3
3979	0
3980	1
3981	0
3982	0
3983	0
3984	0
3985	0
3986	1
3987	0
3988	0
3989	3
3990	0
3991	0
3992	0
3993	1
3994	0
3995	0
3996	2
3997	0
3998	0
3999	0
4000	0
4001	4
4002	0
4003	1
4004	1
4005	1
4006	0
4007	0
4008	0
4009	1
4010	0
4011	1
4012	1
4013	1
4014	0
4015	0
4016	0
4017	0
4018	0
4019	1
4020	0
4021	0
4022	1
4023	1
4024	0
4025	0
4026	2
4027	1
4028	1
4029	0
4030	0
4031	0
4032	0
4033	0
4034	0
4035	0
4036	0
4037	0
4038	0
4039	0
4040	0
4041	1
4042	0
4043	1
4044	2
4045	1
4046	0
4047	0
4048	0
4049	0
4050	0
4051	0
4052	1
4053	0
4054	0
4055	0
4056	0
4057	0
4058	1
4059	1
4060	1
4061	0
4062	0
4063	0
4064	0
4065	0
4066	1
4067	2
4068	2
4069	0
4070	0
4071	0
4072	0
4073	0
4074	0
4075	0
4076	0
4077	0
4078	0
4079	4
4080	0
4081	0
4082	0
4083	1
4084	0
4085	0
4086	0
4087	0
4088	0
4089	0
4090	0
4091	0
4092	1
4093	0
4094	1
4095	2
