0	0
1	0
2	0
3	0
4	0
5	0
6	0
7	0
8	0
9	0
10	0
11	0
12	0
13	0
14	0
15	0
16	0
17	0
18	0
19	0
20	0
21	0
22	0
23	0
24	0
25	0
26	0
27	0
28	0
29	0
30	0
31	0
32	0
33	0
34	1
35	0
36	0
37	0
38	2
39	0
40	1
41	1
42	0
43	0
44	2
45	2
46	1
47	4
48	0
49	1
50	3
51	6
52	0
53	3
54	4
55	7
56	6
57	2
58	8
59	5
60	9
61	6
62	29
63	87
64	112
65	93
66	76
67	68
68	50
69	37
70	32
71	52
72	33
73	35
74	24
75	37
76	21
77	20
78	23
79	25
80	30
81	24
82	25
83	28
84	20
85	25
86	21
87	18
88	17
89	24
90	17
91	17
92	18
93	16
94	17
95	14
96	21
97	12
98	19
99	21
100	20
101	21
102	18
103	16
104	11
105	20
106	13
107	20
108	15
109	17
110	17
111	21
112	13
113	22
114	20
115	14
116	20
117	10
118	15
119	17
120	15
121	17
122	14
123	20
124	16
125	21
126	16
127	15
128	18
129	9
130	15
131	8
132	14
133	17
134	12
135	20
136	14
137	10
138	18
139	15
140	19
141	15
142	16
143	20
144	16
145	12
146	16
147	12
148	17
149	15
150	14
151	14
152	14
153	8
154	17
155	19
156	11
157	10
158	17
159	20
160	13
161	18
162	14
163	13
164	16
165	13
166	10
167	8
168	13
169	19
170	11
171	7
172	13
173	15
174	14
175	12
176	13
177	17
178	16
179	17
180	15
181	12
182	21
183	7
184	10
185	10
186	13
187	11
188	11
189	10
190	10
191	11
192	20
193	14
194	8
195	19
196	11
197	16
198	15
199	11
200	19
201	19
202	14
203	12
204	15
205	12
206	13
207	17
208	10
209	9
210	9
211	20
212	17
213	18
214	13
215	15
216	11
217	10
218	23
219	13
220	23
221	17
222	12
223	16
224	17
225	11
226	12
227	15
228	19
229	12
230	14
231	16
232	13
233	23
234	17
235	15
236	17
237	14
238	12
239	14
240	13
241	21
242	17
243	13
244	12
245	15
246	11
247	18
248	21
249	15
250	8
251	18
252	17
253	10
254	16
255	15
256	19
257	8
258	9
259	11
260	13
261	11
262	11
263	17
264	24
265	17
266	20
267	14
268	17
269	16
270	8
271	17
272	16
273	17
274	12
275	16
276	17
277	12
278	9
279	9
280	13
281	20
282	18
283	17
284	18
285	15
286	21
287	16
288	18
289	21
290	26
291	17
292	20
293	15
294	15
295	18
296	20
297	22
298	13
299	22
300	16
301	16
302	13
303	15
304	13
305	20
306	16
307	23
308	15
309	17
310	21
311	13
312	20
313	16
314	29
315	13
316	18
317	21
318	25
319	17
320	18
321	20
322	16
323	23
324	20
325	17
326	19
327	17
328	20
329	24
330	21
331	21
332	22
333	16
334	20
335	24
336	19
337	21
338	21
339	22
340	20
341	24
342	34
343	28
344	22
345	21
346	14
347	31
348	18
349	18
350	25
351	22
352	21
353	15
354	22
355	21
356	26
357	27
358	30
359	23
360	25
361	21
362	26
363	32
364	24
365	30
366	20
367	22
368	27
369	31
370	25
371	26
372	20
373	23
374	26
375	30
376	17
377	19
378	14
379	22
380	22
381	27
382	28
383	26
384	33
385	33
386	19
387	25
388	32
389	21
390	22
391	23
392	23
393	22
394	35
395	22
396	24
397	28
398	27
399	26
400	28
401	20
402	32
403	32
404	26
405	31
406	19
407	23
408	22
409	22
410	30
411	31
412	26
413	29
414	30
415	31
416	39
417	29
418	29
419	27
420	40
421	23
422	35
423	32
424	31
425	22
426	37
427	26
428	37
429	30
430	28
431	31
432	33
433	29
434	29
435	24
436	36
437	36
438	28
439	26
440	27
441	38
442	26
443	26
444	25
445	26
446	41
447	28
448	24
449	39
450	30
451	25
452	30
453	35
454	34
455	40
456	20
457	29
458	19
459	33
460	26
461	30
462	36
463	29
464	25
465	22
466	24
467	28
468	27
469	30
470	26
471	24
472	34
473	23
474	31
475	16
476	26
477	24
478	23
479	23
480	35
481	32
482	34
483	18
484	30
485	27
486	26
487	25
488	26
489	37
490	22
491	23
492	21
493	25
494	34
495	19
496	28
497	25
498	27
499	26
500	22
501	31
502	26
503	18
504	29
505	37
506	17
507	25
508	16
509	32
510	19
511	31
512	18
513	24
514	34
515	24
516	22
517	23
518	29
519	12
520	20
521	26
522	21
523	27
524	28
525	30
526	17
527	29
528	18
529	25
530	22
531	18
532	18
533	24
534	19
535	23
536	22
537	17
538	19
539	22
540	29
541	16
542	30
543	17
544	34
545	21
546	28
547	22
548	26
549	28
550	20
551	22
552	24
553	24
554	23
555	21
556	20
557	21
558	21
559	16
560	17
561	13
562	23
563	29
564	22
565	18
566	28
567	27
568	18
569	19
570	24
571	20
572	18
573	16
574	21
575	22
576	23
577	30
578	24
579	21
580	20
581	13
582	18
583	19
584	19
585	25
586	23
587	12
588	17
589	17
590	23
591	25
592	27
593	26
594	20
595	16
596	26
597	14
598	14
599	19
600	13
601	18
602	21
603	24
604	16
605	20
606	17
607	25
608	15
609	26
610	19
611	18
612	14
613	29
614	19
615	19
616	19
617	24
618	32
619	18
620	22
621	18
622	22
623	22
624	23
625	18
626	29
627	19
628	27
629	19
630	17
631	16
632	18
633	18
634	21
635	21
636	23
637	27
638	22
639	18
640	20
641	30
642	26
643	24
644	18
645	17
646	28
647	26
648	23
649	28
650	20
651	18
652	22
653	23
654	25
655	17
656	18
657	27
658	18
659	17
660	15
661	16
662	26
663	14
664	22
665	13
666	17
667	16
668	23
669	28
670	26
671	22
672	26
673	21
674	12
675	13
676	25
677	29
678	11
679	26
680	14
681	20
682	22
683	20
684	28
685	15
686	19
687	26
688	21
689	12
690	23
691	28
692	22
693	28
694	27
695	16
696	24
697	25
698	21
699	26
700	20
701	33
702	19
703	19
704	17
705	23
706	29
707	27
708	23
709	22
710	29
711	31
712	28
713	19
714	23
715	21
716	27
717	14
718	24
719	27
720	25
721	29
722	20
723	12
724	26
725	22
726	28
727	19
728	16
729	28
730	15
731	25
732	18
733	23
734	28
735	26
736	23
737	26
738	22
739	13
740	20
741	19
742	21
743	27
744	16
745	27
746	20
747	23
748	24
749	29
750	33
751	25
752	25
753	34
754	31
755	26
756	16
757	27
758	30
759	27
760	30
761	24
762	19
763	27
764	28
765	21
766	21
767	18
768	24
769	14
770	22
771	24
772	27
773	25
774	20
775	20
776	27
777	20
778	39
779	25
780	20
781	26
782	22
783	20
784	30
785	22
786	30
787	31
788	24
789	21
790	23
791	23
792	30
793	28
794	21
795	24
796	21
797	15
798	16
799	23
800	20
801	23
802	19
803	35
804	24
805	20
806	33
807	28
808	21
809	36
810	30
811	20
812	26
813	32
814	30
815	21
816	24
817	24
818	24
819	28
820	26
821	20
822	32
823	19
824	27
825	29
826	26
827	22
828	24
829	28
830	30
831	30
832	17
833	20
834	32
835	21
836	28
837	27
838	29
839	31
840	29
841	28
842	33
843	16
844	23
845	34
846	31
847	22
848	35
849	34
850	27
851	28
852	26
853	26
854	26
855	26
856	34
857	26
858	31
859	25
860	29
861	21
862	27
863	26
864	27
865	29
866	25
867	24
868	34
869	29
870	21
871	23
872	26
873	27
874	21
875	27
876	29
877	17
878	33
879	27
880	25
881	28
882	33
883	18
884	29
885	28
886	17
887	26
888	26
889	22
890	34
891	24
892	23
893	24
894	26
895	26
896	30
897	27
898	26
899	32
900	33
901	34
902	27
903	24
904	34
905	27
906	27
907	43
908	26
909	26
910	25
911	22
912	45
913	24
914	23
915	19
916	25
917	25
918	28
919	26
920	20
921	26
922	28
923	24
924	36
925	26
926	28
927	23
928	28
929	23
930	31
931	26
932	32
933	27
934	22
935	29
936	20
937	34
938	25
939	20
940	26
941	32
942	28
943	26
944	29
945	33
946	22
947	32
948	21
949	27
950	32
951	29
952	17
953	37
954	23
955	26
956	24
957	27
958	31
959	32
960	33
961	25
962	29
963	30
964	25
965	23
966	19
967	21
968	32
969	28
970	26
971	31
972	29
973	28
974	31
975	23
976	29
977	31
978	35
979	18
980	19
981	36
982	31
983	29
984	36
985	28
986	33
987	34
988	35
989	26
990	33
991	31
992	34
993	30
994	27
995	31
996	36
997	27
998	28
999	32
1000	18
1001	33
1002	30
1003	30
1004	33
1005	35
1006	26
1007	33
1008	26
1009	33
1010	28
1011	25
1012	31
1013	25
1014	35
1015	32
1016	26
1017	23
1018	36
1019	20
1020	26
1021	25
1022	31
1023	33
1024	24
1025	29
1026	21
1027	37
1028	31
1029	28
1030	29
1031	27
1032	16
1033	27
1034	32
1035	26
1036	26
1037	31
1038	25
1039	26
1040	28
1041	22
1042	26
1043	24
1044	32
1045	36
1046	32
1047	25
1048	19
1049	27
1050	33
1051	32
1052	31
1053	28
1054	20
1055	29
1056	31
1057	19
1058	23
1059	28
1060	29
1061	30
1062	25
1063	31
1064	20
1065	32
1066	44
1067	29
1068	27
1069	32
1070	32
1071	36
1072	34
1073	30
1074	36
1075	29
1076	28
1077	31
1078	25
1079	35
1080	27
1081	33
1082	25
1083	25
1084	24
1085	27
1086	31
1087	28
1088	31
1089	32
1090	35
1091	24
1092	28
1093	17
1094	24
1095	27
1096	13
1097	24
1098	33
1099	30
1100	25
1101	31
1102	37
1103	31
1104	28
1105	29
1106	33
1107	22
1108	18
1109	20
1110	29
1111	21
1112	29
1113	27
1114	29
1115	29
1116	22
1117	29
1118	18
1119	26
1120	23
1121	30
1122	17
1123	22
1124	33
1125	22
1126	24
1127	20
1128	29
1129	29
1130	21
1131	15
1132	38
1133	24
1134	31
1135	26
1136	21
1137	29
1138	23
1139	26
1140	20
1141	21
1142	18
1143	22
1144	25
1145	20
1146	25
1147	30
1148	32
1149	21
1150	29
1151	25
1152	38
1153	23
1154	29
1155	24
1156	21
1157	31
1158	29
1159	33
1160	39
1161	24
1162	41
1163	31
1164	22
1165	25
1166	21
1167	24
1168	20
1169	23
1170	25
1171	31
1172	33
1173	23
1174	30
1175	26
1176	25
1177	20
1178	24
1179	30
1180	32
1181	40
1182	22
1183	36
1184	28
1185	34
1186	34
1187	41
1188	29
1189	32
1190	27
1191	20
1192	25
1193	26
1194	26
1195	29
1196	29
1197	28
1198	29
1199	34
1200	14
1201	22
1202	34
1203	23
1204	20
1205	23
1206	20
1207	30
1208	26
1209	26
1210	24
1211	33
1212	24
1213	22
1214	25
1215	22
1216	22
1217	27
1218	31
1219	29
1220	25
1221	19
1222	18
1223	19
1224	31
1225	29
1226	24
1227	37
1228	20
1229	29
1230	25
1231	35
1232	25
1233	45
1234	22
1235	25
1236	21
1237	18
1238	22
1239	20
1240	22
1241	23
1242	30
1243	24
1244	33
1245	18
1246	25
1247	26
1248	15
1249	26
1250	20
1251	28
1252	22
1253	32
1254	24
1255	26
1256	21
1257	23
1258	27
1259	23
1260	23
1261	26
1262	18
1263	25
1264	23
1265	24
1266	26
1267	21
1268	23
1269	26
1270	21
1271	22
1272	22
1273	23
1274	23
1275	35
1276	20
1277	21
1278	23
1279	22
1280	16
1281	21
1282	31
1283	25
1284	32
1285	30
1286	20
1287	33
1288	23
1289	30
1290	20
1291	17
1292	24
1293	15
1294	35
1295	24
1296	26
1297	32
1298	26
1299	28
1300	20
1301	26
1302	28
1303	26
1304	27
1305	22
1306	22
1307	24
1308	17
1309	25
1310	25
1311	22
1312	24
1313	25
1314	20
1315	22
1316	22
1317	26
1318	24
1319	28
1320	25
1321	27
1322	28
1323	21
1324	21
1325	26
1326	27
1327	24
1328	22
1329	17
1330	24
1331	32
1332	29
1333	20
1334	24
1335	43
1336	23
1337	23
1338	26
1339	16
1340	32
1341	23
1342	31
1343	26
1344	25
1345	19
1346	25
1347	25
1348	25
1349	17
1350	24
1351	16
1352	23
1353	26
1354	22
1355	25
1356	18
1357	23
1358	25
1359	25
1360	26
1361	19
1362	23
1363	18
1364	19
1365	23
1366	25
1367	25
1368	15
1369	14
1370	19
1371	29
1372	22
1373	28
1374	21
1375	24
1376	26
1377	18
1378	32
1379	25
1380	24
1381	22
1382	22
1383	15
1384	23
1385	24
1386	20
1387	13
1388	23
1389	30
1390	18
1391	27
1392	19
1393	24
1394	14
1395	15
1396	26
1397	28
1398	18
1399	30
1400	15
1401	24
1402	23
1403	14
1404	25
1405	26
1406	24
1407	16
1408	22
1409	21
1410	19
1411	25
1412	25
1413	16
1414	26
1415	17
1416	20
1417	21
1418	17
1419	23
1420	19
1421	23
1422	32
1423	18
1424	26
1425	16
1426	19
1427	23
1428	21
1429	23
1430	15
1431	19
1432	24
1433	18
1434	28
1435	18
1436	15
1437	18
1438	19
1439	27
1440	25
1441	14
1442	25
1443	17
1444	16
1445	20
1446	15
1447	13
1448	16
1449	15
1450	26
1451	19
1452	25
1453	21
1454	24
1455	21
1456	14
1457	25
1458	18
1459	20
1460	17
1461	16
1462	21
1463	19
1464	21
1465	20
1466	20
1467	23
1468	28
1469	22
1470	24
1471	19
1472	24
1473	16
1474	18
1475	19
1476	18
1477	25
1478	20
1479	26
1480	18
1481	22
1482	22
1483	22
1484	18
1485	16
1486	25
1487	18
1488	15
1489	14
1490	20
1491	17
1492	14
1493	20
1494	24
1495	17
1496	19
1497	21
1498	28
1499	21
1500	24
1501	14
1502	21
1503	24
1504	21
1505	21
1506	18
1507	25
1508	22
1509	23
1510	12
1511	21
1512	21
1513	22
1514	19
1515	21
1516	17
1517	17
1518	17
1519	23
1520	15
1521	21
1522	22
1523	21
1524	12
1525	21
1526	23
1527	20
1528	23
1529	13
1530	11
1531	19
1532	20
1533	22
1534	21
1535	28
1536	13
1537	21
1538	16
1539	25
1540	12
1541	21
1542	21
1543	16
1544	24
1545	21
1546	16
1547	17
1548	13
1549	14
1550	23
1551	16
1552	23
1553	27
1554	18
1555	16
1556	23
1557	21
1558	18
1559	12
1560	25
1561	20
1562	21
1563	15
1564	22
1565	21
1566	15
1567	20
1568	21
1569	22
1570	16
1571	16
1572	19
1573	11
1574	22
1575	18
1576	20
1577	24
1578	16
1579	17
1580	18
1581	22
1582	26
1583	18
1584	17
1585	25
1586	15
1587	14
1588	22
1589	17
1590	19
1591	13
1592	18
1593	21
1594	20
1595	26
1596	22
1597	19
1598	22
1599	17
1600	10
1601	15
1602	19
1603	24
1604	25
1605	15
1606	21
1607	23
1608	28
1609	17
1610	19
1611	16
1612	22
1613	27
1614	24
1615	15
1616	16
1617	15
1618	20
1619	9
1620	15
1621	21
1622	22
1623	20
1624	14
1625	22
1626	14
1627	23
1628	14
1629	22
1630	31
1631	22
1632	18
1633	15
1634	23
1635	23
1636	17
1637	19
1638	21
1639	17
1640	9
1641	23
1642	16
1643	14
1644	19
1645	19
1646	19
1647	18
1648	17
1649	22
1650	17
1651	16
1652	13
1653	13
1654	26
1655	14
1656	24
1657	22
1658	21
1659	16
1660	15
1661	16
1662	21
1663	23
1664	10
1665	9
1666	23
1667	22
1668	20
1669	10
1670	14
1671	15
1672	25
1673	12
1674	17
1675	18
1676	16
1677	24
1678	15
1679	13
1680	26
1681	20
1682	17
1683	23
1684	17
1685	21
1686	17
1687	14
1688	16
1689	16
1690	17
1691	17
1692	12
1693	13
1694	21
1695	19
1696	17
1697	17
1698	18
1699	11
1700	14
1701	21
1702	19
1703	17
1704	18
1705	18
1706	18
1707	29
1708	19
1709	19
1710	20
1711	11
1712	20
1713	24
1714	12
1715	15
1716	15
1717	19
1718	17
1719	15
1720	16
1721	15
1722	14
1723	8
1724	19
1725	12
1726	17
1727	14
1728	18
1729	15
1730	15
1731	16
1732	16
1733	20
1734	19
1735	20
1736	16
1737	11
1738	15
1739	16
1740	15
1741	19
1742	26
1743	13
1744	12
1745	15
1746	17
1747	20
1748	18
1749	21
1750	12
1751	12
1752	15
1753	16
1754	9
1755	20
1756	19
1757	11
1758	15
1759	19
1760	11
1761	17
1762	15
1763	11
1764	17
1765	10
1766	12
1767	21
1768	16
1769	17
1770	9
1771	20
1772	13
1773	20
1774	18
1775	17
1776	20
1777	18
1778	15
1779	11
1780	18
1781	15
1782	21
1783	25
1784	11
1785	17
1786	17
1787	19
1788	22
1789	16
1790	10
1791	13
1792	17
1793	21
1794	11
1795	12
1796	17
1797	20
1798	16
1799	15
1800	8
1801	24
1802	11
1803	18
1804	18
1805	23
1806	17
1807	19
1808	18
1809	9
1810	17
1811	14
1812	22
1813	18
1814	17
1815	5
1816	12
1817	17
1818	11
1819	17
1820	15
1821	19
1822	14
1823	19
1824	17
1825	21
1826	11
1827	19
1828	13
1829	13
1830	18
1831	16
1832	14
1833	12
1834	9
1835	10
1836	12
1837	13
1838	13
1839	21
1840	19
1841	17
1842	9
1843	17
1844	21
1845	16
1846	18
1847	19
1848	21
1849	15
1850	17
1851	15
1852	13
1853	20
1854	11
1855	23
1856	26
1857	10
1858	12
1859	6
1860	20
1861	13
1862	16
1863	22
1864	16
1865	20
1866	13
1867	15
1868	10
1869	11
1870	17
1871	13
1872	11
1873	16
1874	22
1875	11
1876	17
1877	13
1878	16
1879	11
1880	11
1881	18
1882	13
1883	16
1884	16
1885	14
1886	16
1887	11
1888	7
1889	9
1890	13
1891	25
1892	14
1893	16
1894	17
1895	11
1896	13
1897	14
1898	15
1899	12
1900	16
1901	10
1902	13
1903	14
1904	15
1905	14
1906	10
1907	9
1908	14
1909	8
1910	11
1911	18
1912	18
1913	12
1914	13
1915	15
1916	8
1917	16
1918	13
1919	12
1920	12
1921	18
1922	13
1923	9
1924	9
1925	10
1926	22
1927	17
1928	17
1929	11
1930	15
1931	15
1932	8
1933	9
1934	15
1935	17
1936	9
1937	5
1938	11
1939	19
1940	13
1941	12
1942	10
1943	12
1944	14
1945	11
1946	14
1947	12
1948	19
1949	17
1950	22
1951	12
1952	6
1953	13
1954	11
1955	11
1956	13
1957	13
1958	12
1959	17
1960	10
1961	11
1962	20
1963	8
1964	10
1965	12
1966	9
1967	16
1968	14
1969	16
1970	14
1971	9
1972	14
1973	15
1974	11
1975	15
1976	17
1977	12
1978	18
1979	14
1980	17
1981	9
1982	12
1983	7
1984	13
1985	14
1986	18
1987	14
1988	17
1989	25
1990	14
1991	12
1992	14
1993	11
1994	8
1995	14
1996	9
1997	7
1998	18
1999	8
2000	14
2001	13
2002	15
2003	14
2004	11
2005	14
2006	12
2007	13
2008	11
2009	10
2010	6
2011	13
2012	9
2013	14
2014	9
2015	9
2016	8
2017	15
2018	15
2019	13
2020	11
2021	12
2022	16
2023	10
2024	7
2025	14
2026	14
2027	11
2028	8
2029	11
2030	15
2031	12
2032	7
2033	22
2034	16
2035	9
2036	12
2037	20
2038	11
2039	11
2040	17
2041	17
2042	15
2043	9
2044	8
2045	15
2046	25
2047	10
2048	11
2049	13
2050	15
2051	16
2052	15
2053	11
2054	15
2055	9
2056	7
2057	19
2058	19
2059	7
2060	11
2061	8
2062	14
2063	19
2064	11
2065	19
2066	15
2067	17
2068	15
2069	7
2070	11
2071	14
2072	11
2073	11
2074	15
2075	9
2076	11
2077	17
2078	12
2079	12
2080	5
2081	8
2082	12
2083	10
2084	13
2085	11
2086	17
2087	14
2088	10
2089	10
2090	13
2091	9
2092	10
2093	9
2094	16
2095	11
2096	8
2097	14
2098	10
2099	18
2100	6
2101	17
2102	12
2103	11
2104	14
2105	22
2106	10
2107	13
2108	10
2109	17
2110	13
2111	10
2112	6
2113	18
2114	11
2115	16
2116	12
2117	16
2118	18
2119	14
2120	14
2121	8
2122	15
2123	7
2124	12
2125	10
2126	10
2127	12
2128	16
2129	14
2130	10
2131	17
2132	7
2133	11
2134	10
2135	14
2136	8
2137	12
2138	12
2139	8
2140	12
2141	12
2142	10
2143	13
2144	12
2145	8
2146	17
2147	10
2148	11
2149	12
2150	7
2151	10
2152	12
2153	8
2154	11
2155	20
2156	15
2157	10
2158	13
2159	17
2160	12
2161	13
2162	9
2163	12
2164	8
2165	7
2166	10
2167	13
2168	13
2169	8
2170	10
2171	10
2172	8
2173	19
2174	7
2175	7
2176	16
2177	12
2178	13
2179	17
2180	8
2181	14
2182	5
2183	11
2184	11
2185	13
2186	12
2187	15
2188	18
2189	12
2190	13
2191	12
2192	14
2193	11
2194	16
2195	9
2196	15
2197	14
2198	11
2199	19
2200	4
2201	16
2202	11
2203	15
2204	10
2205	10
2206	14
2207	17
2208	9
2209	18
2210	8
2211	11
2212	15
2213	19
2214	9
2215	11
2216	13
2217	13
2218	13
2219	13
2220	12
2221	14
2222	7
2223	16
2224	11
2225	12
2226	10
2227	13
2228	3
2229	10
2230	6
2231	11
2232	9
2233	15
2234	6
2235	6
2236	13
2237	11
2238	18
2239	12
2240	10
2241	11
2242	10
2243	18
2244	11
2245	12
2246	8
2247	15
2248	10
2249	19
2250	16
2251	16
2252	12
2253	10
2254	13
2255	11
2256	12
2257	12
2258	11
2259	6
2260	10
2261	13
2262	13
2263	12
2264	11
2265	12
2266	17
2267	13
2268	11
2269	17
2270	11
2271	11
2272	10
2273	13
2274	15
2275	20
2276	9
2277	13
2278	12
2279	17
2280	14
2281	10
2282	15
2283	13
2284	18
2285	23
2286	14
2287	16
2288	20
2289	15
2290	11
2291	19
2292	12
2293	8
2294	9
2295	10
2296	17
2297	17
2298	14
2299	17
2300	9
2301	10
2302	16
2303	14
2304	16
2305	10
2306	11
2307	9
2308	16
2309	17
2310	10
2311	12
2312	15
2313	12
2314	18
2315	13
2316	16
2317	11
2318	11
2319	18
2320	14
2321	10
2322	14
2323	9
2324	13
2325	13
2326	21
2327	15
2328	14
2329	8
2330	10
2331	8
2332	14
2333	9
2334	12
2335	15
2336	9
2337	15
2338	15
2339	12
2340	10
2341	16
2342	10
2343	17
2344	17
2345	21
2346	15
2347	16
2348	14
2349	7
2350	12
2351	14
2352	13
2353	12
2354	17
2355	17
2356	10
2357	15
2358	16
2359	12
2360	9
2361	15
2362	13
2363	18
2364	14
2365	7
2366	20
2367	17
2368	15
2369	9
2370	19
2371	6
2372	11
2373	13
2374	14
2375	20
2376	12
2377	10
2378	8
2379	16
2380	10
2381	12
2382	11
2383	16
2384	18
2385	15
2386	19
2387	18
2388	17
2389	17
2390	17
2391	12
2392	16
2393	20
2394	15
2395	11
2396	16
2397	11
2398	9
2399	17
2400	12
2401	13
2402	18
2403	17
2404	13
2405	19
2406	15
2407	20
2408	13
2409	15
2410	16
2411	13
2412	10
2413	9
2414	19
2415	15
2416	14
2417	9
2418	12
2419	15
2420	14
2421	18
2422	16
2423	25
2424	11
2425	12
2426	15
2427	15
2428	21
2429	9
2430	13
2431	11
2432	17
2433	10
2434	13
2435	12
2436	15
2437	17
2438	10
2439	9
2440	14
2441	15
2442	14
2443	16
2444	21
2445	14
2446	7
2447	12
2448	16
2449	12
2450	15
2451	19
2452	11
2453	13
2454	13
2455	19
2456	12
2457	12
2458	19
2459	11
2460	15
2461	9
2462	12
2463	16
2464	14
2465	18
2466	8
2467	14
2468	14
2469	14
2470	6
2471	11
2472	10
2473	13
2474	17
2475	12
2476	17
2477	17
2478	15
2479	7
2480	13
2481	14
2482	13
2483	18
2484	11
2485	17
2486	10
2487	13
2488	8
2489	13
2490	12
2491	16
2492	11
2493	14
2494	11
2495	10
2496	16
2497	9
2498	10
2499	12
2500	11
2501	12
2502	18
2503	15
2504	16
2505	11
2506	8
2507	8
2508	16
2509	17
2510	12
2511	15
2512	12
2513	17
2514	14
2515	11
2516	14
2517	8
2518	14
2519	22
2520	16
2521	19
2522	7
2523	16
2524	11
2525	10
2526	9
2527	12
2528	15
2529	12
2530	16
2531	17
2532	18
2533	12
2534	17
2535	10
2536	10
2537	11
2538	15
2539	16
2540	10
2541	12
2542	10
2543	12
2544	16
2545	20
2546	13
2547	14
2548	21
2549	11
2550	11
2551	19
2552	15
2553	20
2554	12
2555	15
2556	11
2557	12
2558	11
2559	11
2560	10
2561	18
2562	14
2563	12
2564	10
2565	21
2566	12
2567	6
2568	14
2569	13
2570	7
2571	9
2572	15
2573	16
2574	8
2575	14
2576	12
2577	10
2578	12
2579	11
2580	11
2581	15
2582	12
2583	15
2584	13
2585	17
2586	9
2587	15
2588	9
2589	10
2590	12
2591	25
2592	14
2593	12
2594	10
2595	11
2596	21
2597	14
2598	7
2599	13
2600	10
2601	13
2602	13
2603	14
2604	16
2605	9
2606	11
2607	8
2608	5
2609	11
2610	18
2611	8
2612	9
2613	17
2614	16
2615	16
2616	8
2617	7
2618	10
2619	12
2620	15
2621	12
2622	11
2623	15
2624	17
2625	8
2626	15
2627	13
2628	23
2629	10
2630	14
2631	14
2632	12
2633	19
2634	16
2635	11
2636	9
2637	17
2638	13
2639	9
2640	9
2641	19
2642	17
2643	11
2644	9
2645	15
2646	16
2647	16
2648	10
2649	13
2650	15
2651	10
2652	17
2653	14
2654	10
2655	7
2656	12
2657	10
2658	18
2659	10
2660	9
2661	4
2662	18
2663	8
2664	12
2665	13
2666	12
2667	15
2668	23
2669	9
2670	17
2671	12
2672	12
2673	21
2674	19
2675	11
2676	10
2677	14
2678	19
2679	12
2680	14
2681	15
2682	14
2683	12
2684	3
2685	12
2686	12
2687	11
2688	9
2689	10
2690	11
2691	12
2692	13
2693	12
2694	11
2695	8
2696	11
2697	15
2698	9
2699	12
2700	9
2701	12
2702	10
2703	13
2704	13
2705	13
2706	9
2707	9
2708	8
2709	11
2710	9
2711	4
2712	7
2713	20
2714	15
2715	11
2716	11
2717	15
2718	8
2719	11
2720	10
2721	12
2722	15
2723	19
2724	15
2725	6
2726	11
2727	14
2728	10
2729	12
2730	8
2731	12
2732	8
2733	5
2734	9
2735	6
2736	16
2737	9
2738	20
2739	8
2740	9
2741	13
2742	11
2743	10
2744	12
2745	12
2746	7
2747	14
2748	9
2749	13
2750	9
2751	12
2752	11
2753	7
2754	11
2755	14
2756	19
2757	8
2758	9
2759	8
2760	9
2761	13
2762	13
2763	12
2764	9
2765	8
2766	10
2767	8
2768	8
2769	9
2770	12
2771	8
2772	8
2773	10
2774	13
2775	13
2776	5
2777	16
2778	14
2779	5
2780	8
2781	10
2782	8
2783	8
2784	11
2785	10
2786	14
2787	5
2788	12
2789	14
2790	12
2791	12
2792	9
2793	6
2794	15
2795	8
2796	7
2797	12
2798	11
2799	9
2800	14
2801	8
2802	13
2803	14
2804	3
2805	8
2806	7
2807	14
2808	1
2809	10
2810	7
2811	10
2812	9
2813	5
2814	8
2815	8
2816	14
2817	13
2818	13
2819	6
2820	10
2821	11
2822	6
2823	7
2824	13
2825	10
2826	8
2827	9
2828	5
2829	6
2830	11
2831	11
2832	8
2833	13
2834	16
2835	6
2836	11
2837	8
2838	5
2839	10
2840	6
2841	6
2842	6
2843	15
2844	9
2845	7
2846	8
2847	11
2848	7
2849	8
2850	10
2851	6
2852	6
2853	13
2854	12
2855	10
2856	8
2857	6
2858	13
2859	10
2860	6
2861	9
2862	20
2863	6
2864	12
2865	6
2866	3
2867	7
2868	11
2869	9
2870	7
2871	9
2872	8
2873	12
2874	9
2875	4
2876	12
2877	6
2878	3
2879	17
2880	7
2881	13
2882	8
2883	11
2884	10
2885	6
2886	7
2887	10
2888	6
2889	3
2890	5
2891	11
2892	6
2893	9
2894	6
2895	10
2896	14
2897	10
2898	13
2899	7
2900	9
2901	10
2902	5
2903	8
2904	12
2905	7
2906	9
2907	11
2908	10
2909	8
2910	5
2911	6
2912	11
2913	10
2914	8
2915	5
2916	10
2917	5
2918	8
2919	6
2920	10
2921	6
2922	3
2923	6
2924	7
2925	9
2926	12
2927	9
2928	8
2929	7
2930	8
2931	9
2932	11
2933	4
2934	10
2935	14
2936	10
2937	10
2938	7
2939	2
2940	9
2941	10
2942	9
2943	9
2944	6
2945	5
2946	7
2947	9
2948	12
2949	8
2950	5
2951	9
2952	5
2953	11
2954	9
2955	15
2956	5
2957	8
2958	6
2959	4
2960	5
2961	6
2962	9
2963	6
2964	11
2965	9
2966	6
2967	8
2968	3
2969	6
2970	5
2971	6
2972	9
2973	8
2974	17
2975	8
2976	9
2977	7
2978	3
2979	7
2980	6
2981	11
2982	11
2983	14
2984	5
2985	12
2986	6
2987	12
2988	5
2989	9
2990	10
2991	2
2992	4
2993	9
2994	6
2995	6
2996	4
2997	7
2998	2
2999	9
3000	7
3001	13
3002	11
3003	8
3004	8
3005	6
3006	8
3007	8
3008	6
3009	6
3010	5
3011	6
3012	5
3013	9
3014	7
3015	5
3016	7
3017	10
3018	7
3019	10
3020	8
3021	6
3022	6
3023	6
3024	8
3025	7
3026	6
3027	5
3028	6
3029	12
3030	8
3031	7
3032	10
3033	9
3034	7
3035	3
3036	6
3037	7
3038	6
3039	8
3040	8
3041	6
3042	12
3043	11
3044	10
3045	9
3046	8
3047	5
3048	13
3049	9
3050	7
3051	5
3052	5
3053	6
3054	4
3055	11
3056	9
3057	7
3058	8
3059	5
3060	7
3061	6
3062	4
3063	8
3064	6
3065	7
3066	6
3067	11
3068	8
3069	7
3070	7
3071	4
3072	7
3073	4
3074	5
3075	6
3076	6
3077	5
3078	5
3079	6
3080	6
3081	11
3082	3
3083	6
3084	6
3085	3
3086	7
3087	6
3088	5
3089	5
3090	5
3091	6
3092	4
3093	6
3094	7
3095	4
3096	8
3097	5
3098	6
3099	11
3100	9
3101	8
3102	3
3103	5
3104	8
3105	7
3106	5
3107	9
3108	2
3109	5
3110	9
3111	2
3112	6
3113	8
3114	5
3115	7
3116	5
3117	9
3118	2
3119	10
3120	3
3121	7
3122	13
3123	5
3124	9
3125	15
3126	8
3127	9
3128	5
3129	5
3130	5
3131	5
3132	3
3133	5
3134	5
3135	5
3136	3
3137	6
3138	8
3139	7
3140	8
3141	8
3142	6
3143	4
3144	2
3145	4
3146	4
3147	10
3148	8
3149	4
3150	1
3151	7
3152	7
3153	17
3154	10
3155	9
3156	7
3157	5
3158	2
3159	3
3160	15
3161	8
3162	4
3163	8
3164	11
3165	5
3166	0
3167	8
3168	8
3169	6
3170	2
3171	9
3172	6
3173	9
3174	8
3175	9
3176	4
3177	4
3178	6
3179	7
3180	7
3181	11
3182	8
3183	10
3184	4
3185	7
3186	6
3187	7
3188	8
3189	10
3190	7
3191	8
3192	6
3193	8
3194	5
3195	6
3196	6
3197	6
3198	2
3199	5
3200	7
3201	9
3202	7
3203	7
3204	10
3205	5
3206	7
3207	7
3208	3
3209	6
3210	9
3211	9
3212	7
3213	9
3214	7
3215	10
3216	8
3217	6
3218	7
3219	10
3220	10
3221	5
3222	4
3223	10
3224	9
3225	10
3226	2
3227	6
3228	6
3229	5
3230	7
3231	7
3232	8
3233	6
3234	7
3235	4
3236	3
3237	5
3238	8
3239	5
3240	7
3241	5
3242	8
3243	7
3244	8
3245	3
3246	3
3247	6
3248	5
3249	2
3250	4
3251	4
3252	7
3253	4
3254	4
3255	5
3256	7
3257	3
3258	5
3259	5
3260	4
3261	3
3262	10
3263	3
3264	2
3265	8
3266	3
3267	7
3268	10
3269	1
3270	4
3271	9
3272	9
3273	5
3274	4
3275	5
3276	5
3277	2
3278	3
3279	5
3280	5
3281	6
3282	5
3283	10
3284	8
3285	4
3286	3
3287	3
3288	6
3289	4
3290	6
3291	9
3292	4
3293	8
3294	4
3295	6
3296	7
3297	5
3298	1
3299	6
3300	7
3301	4
3302	9
3303	4
3304	5
3305	5
3306	8
3307	7
3308	8
3309	4
3310	8
3311	6
3312	2
3313	4
3314	5
3315	8
3316	6
3317	6
3318	8
3319	6
3320	8
3321	8
3322	5
3323	4
3324	3
3325	4
3326	5
3327	6
3328	4
3329	9
3330	5
3331	2
3332	2
3333	7
3334	6
3335	7
3336	6
3337	6
3338	4
3339	3
3340	4
3341	5
3342	3
3343	6
3344	6
3345	5
3346	8
3347	3
3348	7
3349	4
3350	6
3351	3
3352	1
3353	7
3354	6
3355	6
3356	7
3357	3
3358	4
3359	2
3360	1
3361	6
3362	6
3363	4
3364	6
3365	6
3366	5
3367	8
3368	6
3369	7
3370	2
3371	1
3372	2
3373	8
3374	4
3375	2
3376	6
3377	3
3378	10
3379	5
3380	2
3381	7
3382	5
3383	5
3384	3
3385	4
3386	6
3387	3
3388	3
3389	6
3390	4
3391	7
3392	3
3393	8
3394	3
3395	3
3396	4
3397	9
3398	4
3399	10
3400	5
3401	5
3402	6
3403	4
3404	4
3405	4
3406	4
3407	5
3408	6
3409	2
3410	4
3411	1
3412	4
3413	7
3414	7
3415	9
3416	4
3417	3
3418	2
3419	4
3420	9
3421	5
3422	7
3423	2
3424	1
3425	3
3426	2
3427	4
3428	3
3429	3
3430	4
3431	5
3432	4
3433	5
3434	7
3435	5
3436	7
3437	3
3438	5
3439	3
3440	5
3441	7
3442	3
3443	7
3444	5
3445	5
3446	4
3447	2
3448	3
3449	7
3450	4
3451	2
3452	7
3453	4
3454	4
3455	3
3456	2
3457	3
3458	2
3459	4
3460	3
3461	5
3462	4
3463	2
3464	7
3465	4
3466	2
3467	1
3468	4
3469	4
3470	5
3471	3
3472	6
3473	5
3474	6
3475	5
3476	3
3477	6
3478	3
3479	1
3480	3
3481	8
3482	4
3483	5
3484	4
3485	4
3486	8
3487	4
3488	5
3489	3
3490	2
3491	6
3492	3
3493	5
3494	7
3495	3
3496	2
3497	5
3498	2
3499	4
3500	6
3501	3
3502	2
3503	4
3504	1
3505	1
3506	3
3507	7
3508	5
3509	3
3510	1
3511	5
3512	3
3513	2
3514	5
3515	1
3516	3
3517	3
3518	3
3519	1
3520	2
3521	5
3522	1
3523	0
3524	0
3525	1
3526	3
3527	1
3528	2
3529	1
3530	5
3531	1
3532	2
3533	5
3534	3
3535	4
3536	0
3537	3
3538	3
3539	6
3540	4
3541	4
3542	4
3543	2
3544	2
3545	3
3546	0
3547	3
3548	4
3549	2
3550	9
3551	0
3552	3
3553	2
3554	3
3555	4
3556	3
3557	1
3558	0
3559	3
3560	5
3561	5
3562	4
3563	2
3564	5
3565	1
3566	1
3567	3
3568	2
3569	2
3570	1
3571	1
3572	1
3573	6
3574	2
3575	2
3576	4
3577	3
3578	1
3579	4
3580	1
3581	2
3582	2
3583	2
3584	2
3585	2
3586	3
3587	3
3588	2
3589	2
3590	2
3591	2
3592	3
3593	1
3594	2
3595	4
3596	4
3597	2
3598	2
3599	0
3600	1
3601	2
3602	1
3603	3
3604	1
3605	3
3606	1
3607	2
3608	1
3609	1
3610	4
3611	2
3612	5
3613	2
3614	1
3615	2
3616	2
3617	2
3618	1
3619	3
3620	0
3621	4
3622	2
3623	0
3624	5
3625	2
3626	1
3627	1
3628	2
3629	5
3630	1
3631	5
3632	4
3633	3
3634	0
3635	2
3636	0
3637	4
3638	2
3639	0
3640	0
3641	2
3642	1
3643	1
3644	1
3645	0
3646	2
3647	1
3648	2
3649	0
3650	1
3651	2
3652	1
3653	3
3654	3
3655	1
3656	2
3657	3
3658	1
3659	4
3660	4
3661	3
3662	0
3663	4
3664	1
3665	0
3666	2
3667	1
3668	1
3669	0
3670	2
3671	1
3672	2
3673	1
3674	2
3675	4
3676	4
3677	4
3678	2
3679	0
3680	0
3681	2
3682	2
3683	3
3684	1
3685	0
3686	0
3687	2
3688	2
3689	1
3690	3
3691	5
3692	0
3693	2
3694	1
3695	4
3696	0
3697	4
3698	0
3699	2
3700	0
3701	0
3702	1
3703	0
3704	1
3705	0
3706	0
3707	0
3708	1
3709	2
3710	2
3711	1
3712	1
3713	0
3714	0
3715	2
3716	1
3717	1
3718	2
3719	0
3720	0
3721	2
3722	2
3723	1
3724	3
3725	3
3726	2
3727	0
3728	0
3729	1
3730	2
3731	0
3732	2
3733	2
3734	1
3735	1
3736	2
3737	1
3738	0
3739	1
3740	0
3741	1
3742	4
3743	1
3744	0
3745	0
3746	1
3747	3
3748	1
3749	2
3750	0
3751	0
3752	2
3753	0
3754	2
3755	1
3756	1
3757	1
3758	0
3759	2
3760	0
3761	0
3762	1
3763	0
3764	0
3765	1
3766	0
3767	1
3768	0
3769	4
3770	2
3771	0
3772	1
3773	1
3774	1
3775	2
3776	0
3777	1
3778	1
3779	0
3780	0
3781	1
3782	0
3783	3
3784	0
3785	0
3786	0
3787	1
3788	2
3789	2
3790	0
3791	1
3792	3
3793	1
3794	0
3795	1
3796	0
3797	0
3798	2
3799	1
3800	0
3801	1
3802	1
3803	0
3804	1
3805	0
3806	1
3807	2
3808	0
3809	2
3810	0
3811	3
3812	1
3813	1
3814	1
3815	0
3816	1
3817	2
3818	1
3819	1
3820	0
3821	0
3822	2
3823	0
3824	1
3825	0
3826	0
3827	1
3828	1
3829	1
3830	2
3831	0
3832	1
3833	1
3834	0
3835	1
3836	1
3837	1
3838	0
3839	0
3840	1
3841	2
3842	1
3843	1
3844	0
3845	1
3846	1
3847	1
3848	0
3849	1
3850	1
3851	0
3852	2
3853	1
3854	0
3855	0
3856	1
3857	1
3858	1
3859	0
3860	3
3861	0
3862	1
3863	2
3864	0
3865	0
3866	0
3867	1
3868	0
3869	0
3870	0
3871	0
3872	1
3873	1
3874	0
3875	0
3876	1
3877	3
3878	0
3879	2
3880	1
3881	0
3882	0
3883	0
3884	0
3885	0
3886	1
3887	0
3888	0
3889	1
3890	0
3891	1
3892	0
3893	0
3894	0
3895	2
3896	0
3897	1
3898	0
3899	1
3900	1
3901	0
3902	2
3903	1
3904	1
3905	0
3906	0
3907	0
3908	1
3909	0
3910	1
3911	0
3912	1
3913	1
3914	1
3915	0
3916	1
3917	0
3918	0
3919	0
3920	0
3921	0
3922	0
3923	0
3924	0
3925	1
3926	2
3927	0
3928	0
3929	1
3930	1
3931	0
3932	0
3933	0
3934	1
3935	0
3936	1
3937	0
3938	0
3939	2
3940	2
3941	1
3942	2
3943	0
3944	0
3945	0
3946	0
3947	0
3948	0
3949	0
3950	1
3951	0
3952	0
3953	2
3954	1
3955	0
3956	1
3957	0
3958	1
3959	0
3960	0
3961	0
3962	1
3963	1
3964	0
3965	0
3966	0
3967	1
3968	0
3969	0
3970	0
3971	1
3972	0
3973	1
3974	1
3975	0
3976	0
3977	0
3978	2
3979	0
3980	0
3981	1
3982	1
3983	1
3984	1
3985	2
3986	0
3987	0
3988	0
3989	0
3990	0
3991	2
3992	1
3993	1
3994	1
3995	1
3996	0
3997	0
3998	1
3999	0
4000	0
4001	0
4002	0
4003	0
4004	0
4005	0
4006	0
4007	0
4008	0
4009	0
4010	1
4011	0
4012	0
4013	0
4014	1
4015	0
4016	0
4017	1
4018	0
4019	0
4020	1
4021	1
4022	0
4023	1
4024	1
4025	0
4026	0
4027	1
4028	1
4029	1
4030	0
4031	1
4032	0
4033	1
4034	0
4035	1
4036	1
4037	0
4038	1
4039	0
4040	0
4041	1
4042	0
4043	0
4044	0
4045	1
4046	1
4047	0
4048	0
4049	0
4050	0
4051	0
4052	2
4053	0
4054	0
4055	0
4056	0
4057	2
4058	0
4059	0
4060	0
4061	0
4062	1
4063	0
4064	0
4065	0
4066	1
4067	2
4068	2
4069	0
4070	1
4071	0
4072	1
4073	2
4074	0
4075	0
4076	1
4077	2
4078	0
4079	1
4080	0
4081	1
4082	0
4083	0
4084	2
4085	1
4086	0
4087	0
4088	0
4089	1
4090	0
4091	0
4092	1
4093	1
4094	0
4095	0
