0	0
1	0
2	0
3	0
4	0
5	0
6	0
7	0
8	0
9	0
10	0
11	0
12	0
13	0
14	0
15	0
16	0
17	0
18	0
19	0
20	0
21	0
22	0
23	0
24	0
25	0
26	0
27	0
28	0
29	0
30	0
31	1
32	0
33	0
34	1
35	1
36	0
37	0
38	0
39	0
40	1
41	1
42	1
43	1
44	1
45	1
46	2
47	1
48	2
49	3
50	1
51	6
52	2
53	4
54	4
55	6
56	4
57	3
58	4
59	5
60	12
61	25
62	116
63	302
64	466
65	466
66	406
67	333
68	333
69	285
70	219
71	185
72	172
73	160
74	158
75	130
76	124
77	115
78	106
79	113
80	102
81	102
82	74
83	83
84	75
85	70
86	88
87	91
88	69
89	72
90	80
91	72
92	65
93	92
94	60
95	74
96	71
97	66
98	81
99	78
100	71
101	70
102	52
103	68
104	73
105	81
106	61
107	69
108	78
109	71
110	71
111	63
112	70
113	59
114	63
115	85
116	59
117	78
118	63
119	77
120	65
121	74
122	60
123	69
124	67
125	77
126	52
127	69
128	71
129	71
130	73
131	71
132	61
133	85
134	73
135	72
136	84
137	66
138	56
139	68
140	74
141	95
142	62
143	89
144	73
145	60
146	70
147	70
148	62
149	75
150	77
151	73
152	67
153	64
154	68
155	64
156	73
157	79
158	57
159	62
160	72
161	65
162	71
163	85
164	68
165	63
166	63
167	71
168	60
169	66
170	60
171	68
172	73
173	83
174	74
175	69
176	74
177	83
178	76
179	65
180	70
181	78
182	78
183	65
184	86
185	72
186	69
187	83
188	60
189	64
190	80
191	67
192	70
193	56
194	54
195	69
196	91
197	82
198	72
199	86
200	55
201	80
202	68
203	70
204	91
205	68
206	67
207	64
208	63
209	63
210	74
211	76
212	75
213	91
214	63
215	70
216	61
217	77
218	80
219	57
220	70
221	68
222	77
223	68
224	82
225	81
226	74
227	91
228	57
229	75
230	71
231	80
232	80
233	103
234	91
235	63
236	63
237	77
238	60
239	75
240	82
241	71
242	76
243	82
244	103
245	68
246	75
247	62
248	59
249	67
250	75
251	75
252	77
253	83
254	68
255	66
256	76
257	68
258	72
259	77
260	94
261	97
262	87
263	71
264	80
265	74
266	73
267	82
268	72
269	83
270	83
271	76
272	69
273	86
274	83
275	80
276	82
277	76
278	67
279	77
280	85
281	71
282	92
283	85
284	82
285	73
286	81
287	84
288	63
289	80
290	84
291	75
292	97
293	69
294	75
295	80
296	84
297	74
298	89
299	93
300	85
301	98
302	91
303	82
304	80
305	85
306	80
307	90
308	88
309	78
310	64
311	90
312	87
313	88
314	85
315	76
316	89
317	84
318	95
319	84
320	93
321	76
322	103
323	86
324	93
325	85
326	85
327	87
328	92
329	99
330	96
331	90
332	90
333	101
334	99
335	90
336	100
337	96
338	99
339	84
340	92
341	98
342	93
343	112
344	101
345	105
346	114
347	114
348	109
349	87
350	95
351	91
352	87
353	96
354	107
355	83
356	107
357	113
358	73
359	101
360	93
361	108
362	105
363	94
364	103
365	106
366	104
367	115
368	111
369	122
370	94
371	105
372	108
373	114
374	124
375	100
376	130
377	97
378	116
379	109
380	121
381	110
382	106
383	108
384	118
385	100
386	88
387	119
388	121
389	115
390	103
391	116
392	119
393	128
394	104
395	116
396	124
397	111
398	93
399	127
400	117
401	120
402	125
403	130
404	119
405	127
406	111
407	116
408	119
409	114
410	132
411	122
412	127
413	139
414	135
415	109
416	126
417	130
418	131
419	116
420	121
421	125
422	109
423	141
424	127
425	132
426	128
427	123
428	111
429	122
430	123
431	131
432	132
433	106
434	111
435	121
436	119
437	96
438	127
439	121
440	126
441	123
442	125
443	122
444	124
445	132
446	134
447	116
448	124
449	132
450	131
451	116
452	114
453	121
454	118
455	136
456	124
457	103
458	98
459	116
460	128
461	149
462	142
463	114
464	112
465	122
466	123
467	110
468	122
469	113
470	97
471	111
472	124
473	114
474	117
475	116
476	117
477	129
478	110
479	101
480	116
481	118
482	100
483	105
484	125
485	99
486	115
487	106
488	113
489	125
490	111
491	101
492	106
493	101
494	109
495	102
496	106
497	98
498	111
499	108
500	127
501	104
502	119
503	107
504	102
505	99
506	108
507	93
508	123
509	112
510	94
511	107
512	97
513	100
514	99
515	117
516	93
517	110
518	109
519	120
520	110
521	101
522	110
523	97
524	93
525	103
526	97
527	99
528	93
529	90
530	99
531	95
532	100
533	98
534	105
535	92
536	114
537	91
538	103
539	98
540	93
541	87
542	97
543	85
544	84
545	92
546	108
547	97
548	89
549	78
550	79
551	85
552	102
553	94
554	108
555	91
556	115
557	89
558	91
559	109
560	88
561	111
562	80
563	87
564	100
565	110
566	74
567	98
568	91
569	104
570	87
571	104
572	86
573	78
574	90
575	99
576	96
577	81
578	91
579	87
580	86
581	110
582	81
583	98
584	104
585	89
586	91
587	92
588	96
589	81
590	76
591	97
592	90
593	80
594	95
595	96
596	104
597	108
598	84
599	73
600	87
601	93
602	100
603	93
604	78
605	97
606	96
607	86
608	83
609	85
610	91
611	90
612	84
613	81
614	95
615	102
616	85
617	82
618	75
619	86
620	90
621	82
622	84
623	95
624	106
625	90
626	98
627	106
628	95
629	94
630	100
631	86
632	90
633	101
634	110
635	110
636	91
637	88
638	95
639	106
640	97
641	85
642	80
643	89
644	83
645	85
646	92
647	92
648	94
649	90
650	92
651	107
652	99
653	119
654	93
655	99
656	88
657	99
658	81
659	104
660	103
661	95
662	91
663	78
664	106
665	92
666	87
667	84
668	84
669	99
670	93
671	97
672	101
673	89
674	100
675	95
676	93
677	97
678	93
679	98
680	83
681	94
682	106
683	94
684	101
685	94
686	94
687	96
688	93
689	89
690	98
691	84
692	88
693	104
694	108
695	103
696	103
697	75
698	88
699	79
700	85
701	102
702	97
703	109
704	100
705	88
706	101
707	116
708	93
709	78
710	95
711	91
712	93
713	97
714	100
715	116
716	103
717	96
718	89
719	96
720	113
721	110
722	105
723	88
724	91
725	107
726	107
727	100
728	97
729	97
730	90
731	86
732	106
733	96
734	108
735	91
736	99
737	100
738	123
739	93
740	108
741	111
742	120
743	90
744	104
745	94
746	100
747	105
748	96
749	109
750	119
751	109
752	104
753	112
754	113
755	102
756	95
757	125
758	104
759	98
760	114
761	106
762	93
763	99
764	109
765	104
766	90
767	106
768	118
769	112
770	110
771	113
772	108
773	109
774	121
775	111
776	126
777	86
778	121
779	104
780	106
781	106
782	124
783	127
784	109
785	115
786	84
787	116
788	110
789	97
790	115
791	123
792	108
793	83
794	102
795	84
796	111
797	108
798	116
799	108
800	128
801	145
802	133
803	105
804	139
805	106
806	96
807	108
808	87
809	114
810	118
811	108
812	107
813	108
814	132
815	106
816	108
817	112
818	116
819	121
820	110
821	116
822	118
823	124
824	100
825	128
826	115
827	132
828	103
829	109
830	114
831	123
832	101
833	119
834	98
835	109
836	123
837	91
838	97
839	102
840	120
841	120
842	122
843	132
844	122
845	110
846	117
847	123
848	133
849	101
850	123
851	115
852	113
853	119
854	132
855	123
856	87
857	111
858	107
859	111
860	124
861	102
862	118
863	106
864	123
865	120
866	115
867	119
868	118
869	105
870	121
871	144
872	105
873	110
874	140
875	116
876	122
877	128
878	105
879	123
880	114
881	109
882	124
883	120
884	140
885	119
886	107
887	118
888	118
889	140
890	103
891	111
892	114
893	109
894	113
895	118
896	111
897	108
898	114
899	120
900	118
901	109
902	125
903	125
904	124
905	144
906	130
907	111
908	118
909	113
910	147
911	119
912	119
913	118
914	116
915	135
916	127
917	103
918	109
919	123
920	130
921	111
922	122
923	104
924	126
925	122
926	117
927	134
928	134
929	115
930	112
931	127
932	118
933	112
934	121
935	101
936	123
937	131
938	128
939	129
940	113
941	123
942	122
943	126
944	103
945	115
946	124
947	137
948	119
949	137
950	105
951	120
952	117
953	121
954	116
955	132
956	116
957	115
958	129
959	107
960	127
961	133
962	130
963	118
964	127
965	151
966	117
967	135
968	124
969	128
970	113
971	120
972	113
973	125
974	134
975	107
976	114
977	124
978	123
979	105
980	113
981	136
982	111
983	123
984	113
985	127
986	120
987	121
988	118
989	129
990	137
991	126
992	132
993	121
994	150
995	125
996	125
997	117
998	111
999	136
1000	132
1001	139
1002	126
1003	131
1004	135
1005	94
1006	121
1007	119
1008	126
1009	136
1010	121
1011	95
1012	118
1013	122
1014	141
1015	117
1016	128
1017	145
1018	151
1019	141
1020	112
1021	135
1022	126
1023	123
1024	128
1025	135
1026	124
1027	137
1028	121
1029	100
1030	136
1031	126
1032	126
1033	131
1034	129
1035	108
1036	115
1037	129
1038	130
1039	114
1040	139
1041	112
1042	129
1043	131
1044	128
1045	121
1046	118
1047	116
1048	132
1049	98
1050	119
1051	119
1052	133
1053	125
1054	117
1055	128
1056	132
1057	146
1058	128
1059	124
1060	137
1061	111
1062	121
1063	136
1064	129
1065	104
1066	110
1067	129
1068	121
1069	113
1070	116
1071	139
1072	128
1073	116
1074	121
1075	95
1076	117
1077	116
1078	125
1079	130
1080	123
1081	120
1082	125
1083	121
1084	125
1085	111
1086	115
1087	113
1088	114
1089	116
1090	117
1091	133
1092	117
1093	129
1094	110
1095	104
1096	105
1097	121
1098	131
1099	137
1100	106
1101	115
1102	142
1103	121
1104	111
1105	105
1106	124
1107	108
1108	136
1109	100
1110	104
1111	136
1112	116
1113	130
1114	111
1115	125
1116	104
1117	113
1118	125
1119	123
1120	104
1121	113
1122	113
1123	116
1124	120
1125	121
1126	130
1127	113
1128	102
1129	127
1130	131
1131	125
1132	128
1133	115
1134	116
1135	126
1136	106
1137	106
1138	116
1139	121
1140	122
1141	123
1142	128
1143	128
1144	120
1145	105
1146	116
1147	110
1148	120
1149	127
1150	130
1151	115
1152	102
1153	126
1154	121
1155	120
1156	96
1157	110
1158	118
1159	111
1160	98
1161	111
1162	107
1163	95
1164	116
1165	85
1166	112
1167	107
1168	109
1169	113
1170	115
1171	112
1172	109
1173	105
1174	96
1175	98
1176	117
1177	104
1178	96
1179	110
1180	114
1181	114
1182	100
1183	98
1184	126
1185	104
1186	110
1187	111
1188	106
1189	97
1190	117
1191	108
1192	122
1193	113
1194	117
1195	106
1196	97
1197	113
1198	121
1199	99
1200	115
1201	101
1202	100
1203	125
1204	106
1205	99
1206	100
1207	102
1208	98
1209	117
1210	134
1211	104
1212	108
1213	107
1214	114
1215	107
1216	125
1217	120
1218	116
1219	114
1220	120
1221	117
1222	101
1223	114
1224	113
1225	86
1226	123
1227	103
1228	125
1229	109
1230	95
1231	111
1232	99
1233	108
1234	103
1235	91
1236	107
1237	115
1238	106
1239	99
1240	115
1241	119
1242	104
1243	102
1244	106
1245	109
1246	128
1247	103
1248	108
1249	108
1250	104
1251	96
1252	95
1253	107
1254	85
1255	127
1256	108
1257	95
1258	91
1259	116
1260	108
1261	103
1262	120
1263	98
1264	100
1265	108
1266	110
1267	131
1268	105
1269	125
1270	83
1271	94
1272	118
1273	98
1274	106
1275	131
1276	108
1277	100
1278	106
1279	103
1280	114
1281	132
1282	95
1283	90
1284	110
1285	110
1286	101
1287	95
1288	98
1289	102
1290	114
1291	114
1292	88
1293	121
1294	106
1295	102
1296	120
1297	101
1298	93
1299	100
1300	93
1301	93
1302	100
1303	94
1304	116
1305	105
1306	103
1307	101
1308	109
1309	87
1310	88
1311	112
1312	104
1313	95
1314	85
1315	98
1316	92
1317	97
1318	96
1319	105
1320	102
1321	91
1322	101
1323	79
1324	93
1325	102
1326	100
1327	92
1328	99
1329	84
1330	97
1331	102
1332	89
1333	91
1334	92
1335	99
1336	110
1337	99
1338	107
1339	93
1340	95
1341	90
1342	114
1343	103
1344	107
1345	89
1346	104
1347	105
1348	93
1349	101
1350	108
1351	87
1352	98
1353	108
1354	107
1355	97
1356	95
1357	110
1358	106
1359	108
1360	106
1361	107
1362	110
1363	90
1364	77
1365	97
1366	89
1367	98
1368	74
1369	97
1370	85
1371	103
1372	101
1373	95
1374	84
1375	103
1376	100
1377	86
1378	81
1379	110
1380	110
1381	103
1382	84
1383	95
1384	96
1385	93
1386	88
1387	93
1388	98
1389	92
1390	79
1391	81
1392	107
1393	88
1394	93
1395	84
1396	99
1397	112
1398	86
1399	96
1400	84
1401	87
1402	110
1403	88
1404	90
1405	97
1406	103
1407	76
1408	92
1409	98
1410	102
1411	90
1412	111
1413	94
1414	99
1415	98
1416	113
1417	93
1418	87
1419	95
1420	87
1421	83
1422	97
1423	77
1424	83
1425	88
1426	85
1427	101
1428	74
1429	93
1430	91
1431	97
1432	102
1433	90
1434	104
1435	99
1436	86
1437	99
1438	98
1439	95
1440	89
1441	94
1442	92
1443	89
1444	104
1445	78
1446	69
1447	101
1448	109
1449	91
1450	85
1451	95
1452	85
1453	85
1454	89
1455	81
1456	86
1457	102
1458	87
1459	79
1460	93
1461	72
1462	83
1463	64
1464	78
1465	64
1466	84
1467	96
1468	89
1469	95
1470	88
1471	85
1472	111
1473	88
1474	90
1475	86
1476	99
1477	98
1478	96
1479	101
1480	93
1481	98
1482	83
1483	71
1484	79
1485	81
1486	103
1487	81
1488	71
1489	91
1490	75
1491	104
1492	77
1493	88
1494	84
1495	80
1496	93
1497	98
1498	98
1499	82
1500	82
1501	92
1502	84
1503	87
1504	90
1505	105
1506	107
1507	98
1508	82
1509	86
1510	75
1511	76
1512	104
1513	86
1514	100
1515	72
1516	95
1517	102
1518	84
1519	85
1520	94
1521	91
1522	89
1523	92
1524	89
1525	87
1526	92
1527	74
1528	99
1529	75
1530	95
1531	80
1532	87
1533	84
1534	88
1535	91
1536	86
1537	77
1538	91
1539	80
1540	65
1541	94
1542	93
1543	97
1544	86
1545	83
1546	91
1547	90
1548	87
1549	83
1550	79
1551	83
1552	95
1553	92
1554	86
1555	85
1556	81
1557	87
1558	90
1559	86
1560	103
1561	84
1562	79
1563	88
1564	76
1565	64
1566	99
1567	73
1568	78
1569	88
1570	82
1571	73
1572	85
1573	77
1574	92
1575	93
1576	75
1577	91
1578	74
1579	86
1580	73
1581	85
1582	94
1583	106
1584	79
1585	76
1586	83
1587	81
1588	86
1589	79
1590	77
1591	78
1592	100
1593	67
1594	88
1595	79
1596	88
1597	86
1598	76
1599	78
1600	88
1601	84
1602	63
1603	82
1604	88
1605	87
1606	91
1607	85
1608	78
1609	86
1610	86
1611	98
1612	81
1613	91
1614	100
1615	96
1616	68
1617	89
1618	94
1619	110
1620	82
1621	81
1622	90
1623	86
1624	80
1625	83
1626	74
1627	72
1628	85
1629	77
1630	67
1631	74
1632	68
1633	76
1634	97
1635	81
1636	78
1637	83
1638	80
1639	93
1640	89
1641	70
1642	96
1643	76
1644	77
1645	79
1646	87
1647	88
1648	87
1649	86
1650	81
1651	75
1652	85
1653	82
1654	85
1655	82
1656	89
1657	96
1658	75
1659	83
1660	91
1661	91
1662	69
1663	86
1664	77
1665	69
1666	84
1667	93
1668	75
1669	81
1670	76
1671	86
1672	98
1673	85
1674	77
1675	80
1676	82
1677	82
1678	104
1679	84
1680	77
1681	90
1682	90
1683	98
1684	80
1685	79
1686	74
1687	84
1688	69
1689	74
1690	67
1691	79
1692	97
1693	80
1694	86
1695	76
1696	80
1697	74
1698	69
1699	74
1700	79
1701	65
1702	79
1703	80
1704	77
1705	64
1706	76
1707	86
1708	66
1709	90
1710	84
1711	82
1712	84
1713	88
1714	82
1715	82
1716	69
1717	73
1718	70
1719	66
1720	76
1721	86
1722	74
1723	78
1724	73
1725	83
1726	82
1727	90
1728	80
1729	76
1730	81
1731	60
1732	86
1733	69
1734	80
1735	79
1736	77
1737	81
1738	62
1739	93
1740	67
1741	77
1742	80
1743	80
1744	82
1745	78
1746	78
1747	57
1748	86
1749	78
1750	86
1751	72
1752	68
1753	77
1754	76
1755	84
1756	80
1757	95
1758	65
1759	70
1760	77
1761	78
1762	76
1763	88
1764	76
1765	78
1766	60
1767	89
1768	74
1769	78
1770	89
1771	79
1772	57
1773	80
1774	84
1775	73
1776	96
1777	63
1778	83
1779	85
1780	87
1781	67
1782	76
1783	87
1784	78
1785	78
1786	79
1787	65
1788	72
1789	75
1790	74
1791	69
1792	71
1793	74
1794	71
1795	64
1796	79
1797	82
1798	83
1799	80
1800	88
1801	66
1802	71
1803	77
1804	91
1805	75
1806	86
1807	70
1808	84
1809	71
1810	88
1811	74
1812	83
1813	82
1814	70
1815	74
1816	91
1817	61
1818	81
1819	68
1820	62
1821	70
1822	77
1823	57
1824	78
1825	65
1826	76
1827	59
1828	86
1829	83
1830	71
1831	84
1832	77
1833	71
1834	69
1835	68
1836	72
1837	76
1838	79
1839	71
1840	82
1841	74
1842	81
1843	68
1844	72
1845	64
1846	68
1847	69
1848	78
1849	70
1850	75
1851	72
1852	66
1853	91
1854	81
1855	58
1856	86
1857	71
1858	85
1859	69
1860	70
1861	78
1862	74
1863	78
1864	98
1865	72
1866	83
1867	60
1868	80
1869	81
1870	74
1871	82
1872	84
1873	77
1874	71
1875	60
1876	76
1877	76
1878	60
1879	72
1880	72
1881	69
1882	76
1883	76
1884	69
1885	81
1886	71
1887	79
1888	81
1889	65
1890	82
1891	71
1892	82
1893	82
1894	72
1895	73
1896	92
1897	72
1898	69
1899	79
1900	76
1901	71
1902	69
1903	75
1904	51
1905	62
1906	74
1907	69
1908	74
1909	75
1910	66
1911	60
1912	74
1913	69
1914	83
1915	72
1916	73
1917	55
1918	69
1919	59
1920	81
1921	66
1922	73
1923	84
1924	85
1925	67
1926	66
1927	61
1928	70
1929	71
1930	69
1931	80
1932	84
1933	55
1934	76
1935	69
1936	72
1937	73
1938	69
1939	80
1940	65
1941	75
1942	77
1943	71
1944	62
1945	73
1946	72
1947	74
1948	63
1949	74
1950	72
1951	79
1952	79
1953	73
1954	71
1955	71
1956	74
1957	79
1958	69
1959	75
1960	72
1961	58
1962	69
1963	83
1964	83
1965	69
1966	70
1967	75
1968	67
1969	74
1970	67
1971	75
1972	68
1973	70
1974	68
1975	84
1976	68
1977	50
1978	52
1979	62
1980	72
1981	78
1982	79
1983	84
1984	72
1985	74
1986	77
1987	70
1988	65
1989	66
1990	64
1991	61
1992	69
1993	79
1994	58
1995	78
1996	67
1997	66
1998	74
1999	79
2000	67
2001	63
2002	59
2003	82
2004	77
2005	68
2006	61
2007	59
2008	80
2009	74
2010	77
2011	71
2012	63
2013	68
2014	65
2015	67
2016	60
2017	59
2018	77
2019	74
2020	56
2021	68
2022	69
2023	65
2024	72
2025	60
2026	71
2027	67
2028	69
2029	37
2030	68
2031	56
2032	70
2033	72
2034	67
2035	69
2036	67
2037	67
2038	55
2039	69
2040	62
2041	76
2042	70
2043	61
2044	63
2045	67
2046	66
2047	65
2048	57
2049	55
2050	76
2051	67
2052	59
2053	67
2054	63
2055	53
2056	75
2057	62
2058	57
2059	50
2060	64
2061	65
2062	55
2063	58
2064	62
2065	66
2066	75
2067	63
2068	65
2069	77
2070	77
2071	72
2072	68
2073	69
2074	73
2075	61
2076	63
2077	62
2078	68
2079	67
2080	62
2081	44
2082	72
2083	77
2084	67
2085	54
2086	66
2087	69
2088	50
2089	55
2090	77
2091	77
2092	68
2093	67
2094	51
2095	59
2096	60
2097	82
2098	72
2099	51
2100	69
2101	60
2102	68
2103	74
2104	58
2105	64
2106	57
2107	59
2108	63
2109	51
2110	42
2111	59
2112	61
2113	67
2114	59
2115	64
2116	82
2117	53
2118	51
2119	52
2120	55
2121	72
2122	46
2123	59
2124	54
2125	62
2126	66
2127	58
2128	63
2129	61
2130	64
2131	43
2132	80
2133	56
2134	57
2135	50
2136	47
2137	53
2138	41
2139	65
2140	56
2141	47
2142	67
2143	61
2144	57
2145	49
2146	49
2147	60
2148	59
2149	67
2150	61
2151	59
2152	53
2153	46
2154	54
2155	65
2156	47
2157	52
2158	72
2159	62
2160	57
2161	74
2162	56
2163	59
2164	54
2165	69
2166	63
2167	59
2168	75
2169	63
2170	61
2171	56
2172	61
2173	52
2174	59
2175	62
2176	59
2177	45
2178	60
2179	47
2180	60
2181	61
2182	53
2183	56
2184	67
2185	51
2186	64
2187	59
2188	48
2189	59
2190	71
2191	38
2192	54
2193	46
2194	68
2195	53
2196	60
2197	54
2198	57
2199	41
2200	69
2201	49
2202	47
2203	51
2204	38
2205	59
2206	57
2207	52
2208	56
2209	68
2210	51
2211	59
2212	44
2213	56
2214	63
2215	57
2216	55
2217	49
2218	59
2219	54
2220	53
2221	52
2222	54
2223	63
2224	58
2225	59
2226	39
2227	58
2228	50
2229	53
2230	60
2231	36
2232	62
2233	52
2234	62
2235	49
2236	45
2237	57
2238	50
2239	47
2240	58
2241	45
2242	56
2243	55
2244	50
2245	63
2246	51
2247	49
2248	44
2249	45
2250	69
2251	46
2252	57
2253	56
2254	61
2255	60
2256	46
2257	51
2258	50
2259	54
2260	62
2261	41
2262	48
2263	54
2264	48
2265	44
2266	52
2267	51
2268	63
2269	58
2270	52
2271	41
2272	48
2273	64
2274	43
2275	57
2276	44
2277	49
2278	51
2279	56
2280	45
2281	59
2282	45
2283	49
2284	52
2285	52
2286	46
2287	68
2288	43
2289	57
2290	58
2291	52
2292	47
2293	43
2294	65
2295	50
2296	50
2297	54
2298	45
2299	53
2300	52
2301	48
2302	56
2303	66
2304	47
2305	46
2306	48
2307	58
2308	64
2309	48
2310	48
2311	54
2312	59
2313	48
2314	52
2315	60
2316	45
2317	71
2318	48
2319	48
2320	49
2321	42
2322	59
2323	51
2324	43
2325	43
2326	56
2327	58
2328	60
2329	56
2330	43
2331	45
2332	49
2333	47
2334	48
2335	49
2336	56
2337	47
2338	57
2339	49
2340	41
2341	59
2342	46
2343	42
2344	52
2345	53
2346	48
2347	44
2348	58
2349	46
2350	65
2351	30
2352	44
2353	51
2354	59
2355	33
2356	43
2357	47
2358	77
2359	48
2360	40
2361	41
2362	47
2363	55
2364	52
2365	49
2366	57
2367	60
2368	50
2369	49
2370	56
2371	51
2372	47
2373	52
2374	42
2375	52
2376	63
2377	53
2378	40
2379	56
2380	47
2381	46
2382	49
2383	51
2384	49
2385	47
2386	50
2387	51
2388	47
2389	49
2390	43
2391	47
2392	50
2393	39
2394	37
2395	60
2396	60
2397	49
2398	51
2399	62
2400	55
2401	56
2402	43
2403	47
2404	49
2405	52
2406	38
2407	41
2408	35
2409	47
2410	41
2411	38
2412	44
2413	47
2414	49
2415	45
2416	48
2417	43
2418	49
2419	48
2420	52
2421	53
2422	49
2423	62
2424	45
2425	37
2426	41
2427	54
2428	44
2429	35
2430	56
2431	48
2432	52
2433	54
2434	63
2435	60
2436	58
2437	41
2438	50
2439	48
2440	49
2441	58
2442	36
2443	48
2444	42
2445	44
2446	58
2447	52
2448	31
2449	45
2450	56
2451	60
2452	53
2453	55
2454	55
2455	64
2456	48
2457	53
2458	37
2459	67
2460	64
2461	55
2462	37
2463	50
2464	47
2465	52
2466	57
2467	55
2468	56
2469	47
2470	48
2471	53
2472	59
2473	48
2474	44
2475	49
2476	57
2477	54
2478	49
2479	54
2480	62
2481	43
2482	50
2483	47
2484	54
2485	52
2486	44
2487	53
2488	68
2489	48
2490	45
2491	45
2492	55
2493	39
2494	47
2495	55
2496	43
2497	48
2498	49
2499	50
2500	46
2501	44
2502	52
2503	44
2504	53
2505	53
2506	38
2507	46
2508	46
2509	56
2510	56
2511	57
2512	48
2513	45
2514	55
2515	56
2516	57
2517	52
2518	60
2519	53
2520	49
2521	49
2522	56
2523	59
2524	46
2525	39
2526	51
2527	57
2528	50
2529	44
2530	56
2531	34
2532	56
2533	53
2534	61
2535	63
2536	43
2537	55
2538	49
2539	52
2540	49
2541	58
2542	55
2543	48
2544	60
2545	52
2546	59
2547	43
2548	63
2549	43
2550	55
2551	49
2552	52
2553	58
2554	58
2555	47
2556	53
2557	51
2558	60
2559	54
2560	54
2561	70
2562	87
2563	50
2564	65
2565	50
2566	78
2567	55
2568	49
2569	61
2570	52
2571	47
2572	57
2573	64
2574	69
2575	65
2576	72
2577	59
2578	59
2579	54
2580	61
2581	47
2582	69
2583	57
2584	57
2585	50
2586	73
2587	60
2588	65
2589	65
2590	56
2591	53
2592	56
2593	67
2594	40
2595	68
2596	64
2597	57
2598	48
2599	55
2600	68
2601	65
2602	48
2603	68
2604	64
2605	76
2606	58
2607	62
2608	57
2609	61
2610	69
2611	74
2612	66
2613	48
2614	77
2615	60
2616	64
2617	78
2618	59
2619	47
2620	65
2621	54
2622	55
2623	68
2624	69
2625	60
2626	78
2627	69
2628	72
2629	52
2630	66
2631	60
2632	58
2633	73
2634	71
2635	61
2636	55
2637	64
2638	67
2639	60
2640	68
2641	72
2642	80
2643	71
2644	66
2645	89
2646	77
2647	78
2648	76
2649	68
2650	68
2651	80
2652	54
2653	67
2654	57
2655	68
2656	58
2657	73
2658	59
2659	68
2660	63
2661	67
2662	69
2663	68
2664	60
2665	70
2666	65
2667	71
2668	83
2669	74
2670	83
2671	77
2672	80
2673	69
2674	84
2675	85
2676	83
2677	69
2678	75
2679	71
2680	73
2681	62
2682	71
2683	76
2684	76
2685	78
2686	75
2687	80
2688	78
2689	71
2690	90
2691	90
2692	84
2693	74
2694	83
2695	67
2696	94
2697	84
2698	81
2699	86
2700	81
2701	82
2702	82
2703	86
2704	77
2705	86
2706	95
2707	76
2708	73
2709	81
2710	89
2711	62
2712	75
2713	92
2714	80
2715	72
2716	77
2717	83
2718	89
2719	78
2720	89
2721	70
2722	83
2723	97
2724	80
2725	90
2726	68
2727	87
2728	101
2729	103
2730	104
2731	77
2732	84
2733	81
2734	88
2735	91
2736	94
2737	92
2738	86
2739	94
2740	97
2741	88
2742	84
2743	95
2744	91
2745	93
2746	81
2747	77
2748	75
2749	87
2750	75
2751	100
2752	88
2753	76
2754	101
2755	93
2756	89
2757	110
2758	83
2759	89
2760	92
2761	95
2762	100
2763	85
2764	87
2765	83
2766	108
2767	73
2768	101
2769	105
2770	91
2771	102
2772	83
2773	96
2774	97
2775	105
2776	82
2777	94
2778	97
2779	82
2780	89
2781	80
2782	86
2783	99
2784	100
2785	109
2786	110
2787	81
2788	122
2789	112
2790	105
2791	86
2792	96
2793	107
2794	99
2795	101
2796	93
2797	84
2798	100
2799	103
2800	92
2801	109
2802	93
2803	109
2804	95
2805	90
2806	99
2807	111
2808	91
2809	118
2810	128
2811	101
2812	119
2813	118
2814	103
2815	112
2816	122
2817	112
2818	93
2819	109
2820	109
2821	113
2822	113
2823	105
2824	80
2825	120
2826	106
2827	102
2828	111
2829	109
2830	105
2831	118
2832	128
2833	123
2834	105
2835	88
2836	126
2837	104
2838	115
2839	114
2840	97
2841	122
2842	117
2843	112
2844	117
2845	110
2846	114
2847	114
2848	106
2849	113
2850	112
2851	97
2852	114
2853	125
2854	109
2855	119
2856	109
2857	139
2858	104
2859	127
2860	119
2861	102
2862	97
2863	111
2864	124
2865	124
2866	124
2867	126
2868	99
2869	112
2870	115
2871	126
2872	135
2873	115
2874	117
2875	113
2876	112
2877	99
2878	123
2879	134
2880	124
2881	118
2882	130
2883	104
2884	130
2885	138
2886	111
2887	110
2888	112
2889	122
2890	120
2891	136
2892	122
2893	129
2894	125
2895	135
2896	131
2897	120
2898	139
2899	133
2900	135
2901	119
2902	119
2903	117
2904	134
2905	110
2906	106
2907	117
2908	112
2909	128
2910	125
2911	124
2912	117
2913	130
2914	142
2915	129
2916	127
2917	113
2918	144
2919	124
2920	129
2921	112
2922	111
2923	110
2924	134
2925	104
2926	129
2927	116
2928	126
2929	121
2930	139
2931	131
2932	132
2933	98
2934	142
2935	132
2936	126
2937	148
2938	132
2939	148
2940	141
2941	122
2942	137
2943	116
2944	125
2945	118
2946	126
2947	157
2948	120
2949	117
2950	118
2951	112
2952	105
2953	132
2954	126
2955	147
2956	131
2957	114
2958	129
2959	136
2960	121
2961	149
2962	137
2963	137
2964	122
2965	135
2966	97
2967	151
2968	149
2969	141
2970	117
2971	131
2972	122
2973	116
2974	137
2975	125
2976	142
2977	135
2978	131
2979	136
2980	148
2981	133
2982	135
2983	147
2984	126
2985	123
2986	120
2987	115
2988	132
2989	122
2990	117
2991	131
2992	114
2993	119
2994	127
2995	136
2996	109
2997	161
2998	137
2999	113
3000	120
3001	117
3002	135
3003	129
3004	129
3005	113
3006	137
3007	153
3008	121
3009	116
3010	129
3011	117
3012	118
3013	135
3014	133
3015	132
3016	121
3017	154
3018	149
3019	118
3020	119
3021	125
3022	139
3023	124
3024	129
3025	119
3026	152
3027	112
3028	143
3029	119
3030	135
3031	131
3032	125
3033	129
3034	140
3035	139
3036	129
3037	156
3038	131
3039	144
3040	133
3041	142
3042	140
3043	129
3044	131
3045	118
3046	115
3047	126
3048	109
3049	131
3050	119
3051	128
3052	134
3053	133
3054	117
3055	123
3056	123
3057	126
3058	126
3059	108
3060	131
3061	126
3062	131
3063	121
3064	129
3065	128
3066	118
3067	128
3068	128
3069	118
3070	137
3071	129
3072	142
3073	131
3074	133
3075	126
3076	113
3077	114
3078	134
3079	124
3080	123
3081	122
3082	113
3083	118
3084	122
3085	108
3086	117
3087	142
3088	113
3089	112
3090	117
3091	127
3092	120
3093	126
3094	123
3095	112
3096	114
3097	107
3098	107
3099	149
3100	103
3101	128
3102	120
3103	124
3104	119
3105	144
3106	110
3107	126
3108	122
3109	121
3110	99
3111	134
3112	126
3113	107
3114	107
3115	120
3116	120
3117	116
3118	122
3119	101
3120	125
3121	102
3122	126
3123	105
3124	129
3125	142
3126	136
3127	118
3128	105
3129	115
3130	128
3131	104
3132	124
3133	113
3134	120
3135	124
3136	121
3137	115
3138	120
3139	103
3140	127
3141	109
3142	125
3143	117
3144	120
3145	109
3146	92
3147	120
3148	99
3149	91
3150	106
3151	111
3152	124
3153	109
3154	94
3155	97
3156	116
3157	113
3158	112
3159	124
3160	103
3161	95
3162	112
3163	107
3164	107
3165	102
3166	97
3167	96
3168	108
3169	88
3170	106
3171	93
3172	98
3173	112
3174	104
3175	95
3176	104
3177	103
3178	87
3179	110
3180	121
3181	110
3182	100
3183	91
3184	106
3185	69
3186	95
3187	126
3188	88
3189	124
3190	98
3191	102
3192	81
3193	107
3194	95
3195	90
3196	87
3197	92
3198	96
3199	105
3200	104
3201	90
3202	102
3203	84
3204	90
3205	88
3206	94
3207	98
3208	97
3209	91
3210	91
3211	85
3212	108
3213	84
3214	105
3215	89
3216	81
3217	81
3218	102
3219	92
3220	98
3221	93
3222	79
3223	103
3224	81
3225	84
3226	100
3227	77
3228	90
3229	97
3230	90
3231	88
3232	88
3233	79
3234	78
3235	95
3236	90
3237	83
3238	84
3239	85
3240	104
3241	97
3242	74
3243	65
3244	71
3245	91
3246	74
3247	64
3248	83
3249	79
3250	81
3251	84
3252	83
3253	73
3254	83
3255	85
3256	88
3257	58
3258	91
3259	90
3260	81
3261	80
3262	69
3263	74
3264	93
3265	75
3266	73
3267	89
3268	72
3269	57
3270	71
3271	63
3272	67
3273	67
3274	70
3275	72
3276	85
3277	72
3278	60
3279	72
3280	73
3281	81
3282	84
3283	74
3284	65
3285	75
3286	72
3287	94
3288	66
3289	72
3290	68
3291	67
3292	65
3293	62
3294	64
3295	53
3296	69
3297	56
3298	82
3299	69
3300	63
3301	75
3302	56
3303	58
3304	74
3305	62
3306	61
3307	71
3308	69
3309	63
3310	58
3311	62
3312	65
3313	56
3314	53
3315	59
3316	48
3317	70
3318	60
3319	67
3320	70
3321	57
3322	50
3323	56
3324	56
3325	71
3326	51
3327	66
3328	52
3329	52
3330	50
3331	49
3332	55
3333	65
3334	53
3335	58
3336	55
3337	65
3338	70
3339	62
3340	46
3341	61
3342	62
3343	63
3344	48
3345	47
3346	47
3347	47
3348	48
3349	60
3350	47
3351	47
3352	51
3353	59
3354	42
3355	44
3356	41
3357	40
3358	59
3359	51
3360	58
3361	43
3362	47
3363	58
3364	47
3365	53
3366	39
3367	59
3368	55
3369	48
3370	41
3371	38
3372	35
3373	61
3374	56
3375	42
3376	43
3377	49
3378	56
3379	43
3380	45
3381	48
3382	45
3383	31
3384	38
3385	51
3386	51
3387	56
3388	52
3389	48
3390	40
3391	48
3392	55
3393	44
3394	48
3395	37
3396	40
3397	43
3398	42
3399	46
3400	39
3401	47
3402	41
3403	33
3404	41
3405	50
3406	46
3407	42
3408	39
3409	38
3410	43
3411	46
3412	43
3413	52
3414	39
3415	26
3416	37
3417	46
3418	34
3419	43
3420	39
3421	28
3422	40
3423	57
3424	33
3425	28
3426	31
3427	31
3428	24
3429	25
3430	28
3431	30
3432	31
3433	40
3434	31
3435	41
3436	46
3437	36
3438	30
3439	33
3440	38
3441	43
3442	34
3443	29
3444	28
3445	33
3446	28
3447	26
3448	28
3449	30
3450	23
3451	35
3452	24
3453	40
3454	41
3455	27
3456	33
3457	29
3458	24
3459	29
3460	27
3461	36
3462	20
3463	31
3464	26
3465	37
3466	26
3467	24
3468	23
3469	30
3470	18
3471	31
3472	27
3473	27
3474	17
3475	21
3476	21
3477	23
3478	39
3479	16
3480	20
3481	21
3482	27
3483	29
3484	29
3485	25
3486	25
3487	30
3488	23
3489	19
3490	23
3491	26
3492	23
3493	25
3494	20
3495	33
3496	23
3497	22
3498	25
3499	20
3500	25
3501	26
3502	16
3503	18
3504	20
3505	14
3506	19
3507	22
3508	18
3509	19
3510	25
3511	19
3512	21
3513	16
3514	20
3515	22
3516	25
3517	24
3518	22
3519	15
3520	17
3521	16
3522	15
3523	16
3524	27
3525	18
3526	16
3527	25
3528	22
3529	13
3530	24
3531	14
3532	17
3533	18
3534	17
3535	15
3536	15
3537	17
3538	14
3539	25
3540	21
3541	20
3542	14
3543	18
3544	18
3545	14
3546	16
3547	10
3548	21
3549	16
3550	14
3551	15
3552	17
3553	11
3554	16
3555	16
3556	12
3557	12
3558	17
3559	18
3560	8
3561	13
3562	13
3563	22
3564	14
3565	14
3566	21
3567	19
3568	11
3569	15
3570	16
3571	12
3572	12
3573	14
3574	14
3575	10
3576	15
3577	25
3578	22
3579	13
3580	13
3581	12
3582	12
3583	9
3584	15
3585	19
3586	14
3587	13
3588	11
3589	12
3590	12
3591	12
3592	12
3593	9
3594	9
3595	15
3596	13
3597	6
3598	9
3599	7
3600	9
3601	13
3602	14
3603	15
3604	15
3605	15
3606	11
3607	5
3608	9
3609	11
3610	10
3611	13
3612	7
3613	15
3614	15
3615	13
3616	11
3617	6
3618	5
3619	10
3620	11
3621	12
3622	7
3623	9
3624	9
3625	12
3626	12
3627	12
3628	13
3629	11
3630	7
3631	7
3632	10
3633	10
3634	11
3635	11
3636	9
3637	11
3638	6
3639	8
3640	8
3641	5
3642	9
3643	9
3644	5
3645	10
3646	8
3647	11
3648	10
3649	7
3650	9
3651	9
3652	3
3653	13
3654	8
3655	11
3656	5
3657	10
3658	7
3659	11
3660	7
3661	4
3662	8
3663	5
3664	9
3665	4
3666	6
3667	8
3668	5
3669	4
3670	10
3671	4
3672	9
3673	8
3674	4
3675	6
3676	3
3677	8
3678	6
3679	10
3680	7
3681	5
3682	4
3683	5
3684	5
3685	5
3686	5
3687	7
3688	6
3689	2
3690	4
3691	2
3692	6
3693	5
3694	5
3695	3
3696	9
3697	3
3698	2
3699	5
3700	2
3701	4
3702	4
3703	5
3704	10
3705	9
3706	4
3707	7
3708	2
3709	6
3710	4
3711	3
3712	5
3713	9
3714	7
3715	2
3716	7
3717	7
3718	4
3719	3
3720	4
3721	3
3722	4
3723	5
3724	4
3725	2
3726	5
3727	5
3728	2
3729	4
3730	3
3731	6
3732	4
3733	4
3734	3
3735	4
3736	4
3737	4
3738	3
3739	4
3740	3
3741	4
3742	2
3743	3
3744	4
3745	6
3746	5
3747	2
3748	6
3749	3
3750	3
3751	2
3752	1
3753	2
3754	2
3755	2
3756	1
3757	4
3758	2
3759	1
3760	1
3761	1
3762	5
3763	5
3764	4
3765	1
3766	5
3767	1
3768	2
3769	6
3770	3
3771	3
3772	2
3773	3
3774	3
3775	4
3776	7
3777	1
3778	3
3779	3
3780	2
3781	6
3782	4
3783	5
3784	3
3785	1
3786	3
3787	2
3788	1
3789	5
3790	1
3791	5
3792	3
3793	2
3794	1
3795	3
3796	2
3797	4
3798	0
3799	3
3800	6
3801	3
3802	0
3803	1
3804	0
3805	3
3806	2
3807	4
3808	4
3809	8
3810	1
3811	1
3812	4
3813	1
3814	1
3815	4
3816	3
3817	1
3818	0
3819	3
3820	5
3821	3
3822	1
3823	2
3824	2
3825	1
3826	1
3827	2
3828	5
3829	3
3830	2
3831	1
3832	2
3833	2
3834	2
3835	3
3836	1
3837	1
3838	4
3839	1
3840	1
3841	2
3842	0
3843	5
3844	1
3845	1
3846	1
3847	0
3848	1
3849	1
3850	3
3851	1
3852	2
3853	0
3854	1
3855	1
3856	3
3857	3
3858	0
3859	4
3860	1
3861	2
3862	1
3863	2
3864	0
3865	1
3866	1
3867	3
3868	0
3869	2
3870	0
3871	4
3872	0
3873	2
3874	1
3875	0
3876	0
3877	0
3878	3
3879	2
3880	1
3881	0
3882	0
3883	0
3884	3
3885	1
3886	2
3887	1
3888	1
3889	1
3890	2
3891	2
3892	1
3893	0
3894	1
3895	0
3896	2
3897	0
3898	2
3899	3
3900	0
3901	2
3902	1
3903	1
3904	2
3905	0
3906	1
3907	0
3908	1
3909	2
3910	1
3911	0
3912	1
3913	2
3914	1
3915	0
3916	1
3917	2
3918	1
3919	2
3920	0
3921	0
3922	1
3923	1
3924	0
3925	1
3926	2
3927	0
3928	2
3929	1
3930	0
3931	0
3932	0
3933	0
3934	0
3935	1
3936	1
3937	1
3938	0
3939	2
3940	4
3941	0
3942	2
3943	1
3944	2
3945	0
3946	1
3947	1
3948	1
3949	1
3950	0
3951	1
3952	1
3953	1
3954	2
3955	0
3956	0
3957	0
3958	1
3959	2
3960	2
3961	1
3962	0
3963	0
3964	3
3965	2
3966	1
3967	1
3968	2
3969	0
3970	0
3971	0
3972	3
3973	0
3974	2
3975	0
3976	1
3977	1
3978	0
3979	0
3980	1
3981	0
3982	0
3983	0
3984	0
3985	1
3986	2
3987	0
3988	0
3989	1
3990	0
3991	1
3992	1
3993	0
3994	1
3995	1
3996	0
3997	0
3998	0
3999	1
4000	1
4001	1
4002	1
4003	0
4004	0
4005	1
4006	2
4007	1
4008	0
4009	0
4010	1
4011	0
4012	1
4013	0
4014	1
4015	2
4016	1
4017	1
4018	1
4019	0
4020	2
4021	0
4022	0
4023	0
4024	1
4025	1
4026	2
4027	1
4028	0
4029	0
4030	2
4031	1
4032	1
4033	0
4034	0
4035	1
4036	0
4037	1
4038	0
4039	2
4040	0
4041	0
4042	0
4043	0
4044	0
4045	1
4046	0
4047	0
4048	1
4049	0
4050	2
4051	2
4052	1
4053	0
4054	0
4055	1
4056	0
4057	0
4058	0
4059	1
4060	0
4061	1
4062	0
4063	1
4064	1
4065	0
4066	0
4067	1
4068	1
4069	0
4070	2
4071	1
4072	0
4073	0
4074	1
4075	0
4076	1
4077	0
4078	1
4079	0
4080	0
4081	0
4082	0
4083	0
4084	0
4085	1
4086	0
4087	0
4088	0
4089	0
4090	1
4091	1
4092	0
4093	0
4094	1
4095	0
