0	0
1	0
2	0
3	0
4	0
5	0
6	0
7	0
8	0
9	0
10	0
11	0
12	0
13	0
14	0
15	0
16	0
17	0
18	0
19	0
20	0
21	0
22	0
23	0
24	0
25	0
26	0
27	0
28	0
29	0
30	0
31	0
32	0
33	6
34	22
35	43
36	37
37	36
38	40
39	52
40	42
41	44
42	38
43	46
44	34
45	52
46	45
47	55
48	40
49	51
50	39
51	44
52	52
53	44
54	39
55	43
56	49
57	42
58	35
59	55
60	41
61	56
62	38
63	45
64	45
65	48
66	50
67	42
68	54
69	43
70	36
71	46
72	44
73	52
74	42
75	56
76	43
77	50
78	37
79	36
80	35
81	46
82	63
83	50
84	53
85	53
86	52
87	54
88	51
89	50
90	48
91	68
92	48
93	52
94	59
95	53
96	54
97	43
98	45
99	68
100	66
101	48
102	51
103	64
104	70
105	59
106	64
107	62
108	63
109	55
110	77
111	64
112	61
113	53
114	58
115	62
116	73
117	63
118	76
119	56
120	70
121	76
122	59
123	73
124	66
125	65
126	61
127	78
128	76
129	71
130	65
131	74
132	65
133	53
134	67
135	78
136	71
137	63
138	86
139	72
140	66
141	63
142	76
143	69
144	74
145	66
146	68
147	78
148	79
149	59
150	77
151	64
152	79
153	90
154	82
155	77
156	73
157	103
158	77
159	76
160	86
161	82
162	72
163	84
164	71
165	69
166	68
167	77
168	74
169	63
170	84
171	75
172	66
173	76
174	79
175	81
176	75
177	79
178	65
179	67
180	75
181	55
182	82
183	60
184	70
185	66
186	67
187	73
188	66
189	70
190	68
191	63
192	84
193	89
194	44
195	79
196	59
197	64
198	69
199	62
200	79
201	60
202	59
203	65
204	72
205	71
206	84
207	64
208	81
209	72
210	61
211	84
212	78
213	71
214	73
215	67
216	66
217	65
218	79
219	62
220	67
221	77
222	67
223	71
224	87
225	71
226	75
227	62
228	64
229	63
230	68
231	71
232	80
233	72
234	66
235	59
236	65
237	71
238	56
239	66
240	52
241	55
242	81
243	70
244	63
245	68
246	79
247	50
248	69
249	79
250	95
251	57
252	73
253	65
254	71
255	72
256	68
257	75
258	67
259	73
260	77
261	62
262	65
263	82
264	65
265	67
266	60
267	60
268	57
269	70
270	58
271	86
272	68
273	53
274	62
275	71
276	64
277	73
278	76
279	71
280	78
281	78
282	67
283	60
284	72
285	75
286	68
287	61
288	75
289	84
290	69
291	68
292	62
293	58
294	77
295	78
296	71
297	73
298	63
299	65
300	61
301	60
302	66
303	62
304	76
305	71
306	75
307	65
308	69
309	50
310	80
311	66
312	69
313	60
314	83
315	48
316	61
317	60
318	63
319	53
320	62
321	66
322	72
323	75
324	57
325	62
326	65
327	70
328	42
329	53
330	54
331	66
332	54
333	51
334	76
335	69
336	53
337	68
338	49
339	65
340	62
341	56
342	63
343	72
344	54
345	66
346	57
347	62
348	70
349	63
350	60
351	70
352	66
353	53
354	61
355	66
356	64
357	69
358	76
359	73
360	59
361	63
362	72
363	76
364	51
365	66
366	56
367	86
368	66
369	64
370	51
371	74
372	60
373	66
374	68
375	73
376	60
377	77
378	53
379	54
380	72
381	77
382	75
383	68
384	82
385	75
386	63
387	63
388	64
389	61
390	81
391	79
392	82
393	75
394	75
395	76
396	61
397	77
398	82
399	68
400	78
401	64
402	80
403	69
404	63
405	63
406	78
407	74
408	76
409	78
410	78
411	71
412	89
413	69
414	82
415	72
416	71
417	60
418	62
419	60
420	85
421	56
422	79
423	80
424	74
425	75
426	81
427	76
428	98
429	77
430	70
431	70
432	66
433	79
434	78
435	64
436	85
437	78
438	84
439	75
440	66
441	83
442	66
443	75
444	72
445	68
446	68
447	92
448	69
449	77
450	90
451	73
452	68
453	77
454	85
455	67
456	72
457	64
458	61
459	71
460	68
461	66
462	65
463	84
464	71
465	63
466	71
467	65
468	81
469	61
470	67
471	58
472	54
473	79
474	69
475	60
476	60
477	58
478	65
479	66
480	63
481	63
482	76
483	53
484	65
485	70
486	72
487	80
488	92
489	58
490	71
491	56
492	55
493	62
494	70
495	52
496	50
497	60
498	54
499	56
500	73
501	64
502	56
503	66
504	63
505	68
506	70
507	58
508	64
509	63
510	63
511	59
512	54
513	70
514	57
515	67
516	61
517	55
518	65
519	56
520	49
521	50
522	51
523	69
524	73
525	53
526	62
527	60
528	52
529	55
530	57
531	51
532	65
533	59
534	59
535	46
536	54
537	58
538	71
539	55
540	38
541	44
542	57
543	45
544	57
545	41
546	53
547	59
548	73
549	62
550	57
551	56
552	50
553	58
554	53
555	55
556	53
557	43
558	63
559	59
560	50
561	45
562	49
563	51
564	60
565	51
566	44
567	56
568	63
569	52
570	58
571	55
572	60
573	48
574	54
575	52
576	62
577	33
578	64
579	46
580	40
581	55
582	44
583	49
584	66
585	70
586	51
587	53
588	51
589	40
590	44
591	47
592	55
593	54
594	46
595	48
596	52
597	39
598	54
599	46
600	47
601	43
602	47
603	54
604	44
605	46
606	41
607	45
608	38
609	41
610	56
611	52
612	37
613	44
614	40
615	28
616	50
617	41
618	51
619	46
620	55
621	46
622	44
623	54
624	50
625	41
626	54
627	49
628	48
629	50
630	47
631	51
632	43
633	30
634	45
635	54
636	44
637	40
638	44
639	38
640	47
641	38
642	44
643	47
644	36
645	36
646	33
647	43
648	43
649	34
650	56
651	43
652	41
653	48
654	54
655	38
656	36
657	34
658	40
659	39
660	43
661	38
662	36
663	40
664	48
665	34
666	41
667	49
668	44
669	28
670	51
671	37
672	43
673	38
674	44
675	40
676	32
677	44
678	37
679	46
680	49
681	38
682	43
683	46
684	31
685	34
686	37
687	42
688	36
689	34
690	51
691	52
692	31
693	35
694	56
695	47
696	38
697	28
698	41
699	46
700	38
701	38
702	37
703	44
704	44
705	41
706	29
707	51
708	36
709	51
710	44
711	38
712	33
713	40
714	41
715	32
716	31
717	39
718	34
719	49
720	45
721	32
722	42
723	34
724	35
725	45
726	35
727	39
728	34
729	34
730	38
731	36
732	39
733	37
734	29
735	35
736	34
737	44
738	29
739	35
740	38
741	34
742	38
743	35
744	47
745	46
746	34
747	39
748	38
749	46
750	29
751	34
752	37
753	34
754	36
755	38
756	41
757	41
758	34
759	35
760	52
761	41
762	28
763	31
764	34
765	28
766	42
767	32
768	27
769	35
770	37
771	46
772	48
773	31
774	24
775	42
776	44
777	34
778	40
779	49
780	40
781	32
782	46
783	35
784	32
785	35
786	31
787	47
788	22
789	34
790	38
791	32
792	37
793	45
794	41
795	33
796	43
797	42
798	40
799	24
800	37
801	40
802	35
803	33
804	38
805	32
806	44
807	31
808	26
809	39
810	28
811	25
812	29
813	31
814	30
815	27
816	37
817	33
818	36
819	31
820	39
821	25
822	30
823	34
824	31
825	25
826	34
827	27
828	30
829	29
830	23
831	22
832	23
833	23
834	18
835	31
836	29
837	32
838	30
839	24
840	38
841	27
842	26
843	27
844	32
845	19
846	32
847	28
848	19
849	19
850	22
851	23
852	20
853	20
854	19
855	22
856	29
857	28
858	29
859	14
860	31
861	20
862	48
863	25
864	22
865	25
866	29
867	22
868	30
869	17
870	30
871	22
872	32
873	24
874	21
875	21
876	21
877	16
878	25
879	26
880	22
881	24
882	16
883	24
884	14
885	24
886	15
887	29
888	22
889	16
890	23
891	19
892	10
893	14
894	28
895	18
896	13
897	20
898	21
899	21
900	25
901	11
902	18
903	27
904	19
905	21
906	16
907	15
908	22
909	17
910	19
911	23
912	17
913	15
914	12
915	11
916	15
917	16
918	19
919	20
920	24
921	14
922	14
923	17
924	14
925	14
926	13
927	16
928	15
929	17
930	26
931	31
932	9
933	12
934	8
935	11
936	13
937	10
938	15
939	14
940	13
941	18
942	12
943	19
944	25
945	16
946	12
947	13
948	18
949	18
950	20
951	15
952	18
953	10
954	17
955	16
956	12
957	17
958	19
959	25
960	7
961	13
962	15
963	21
964	17
965	14
966	12
967	13
968	11
969	15
970	21
971	13
972	11
973	14
974	14
975	10
976	15
977	21
978	12
979	15
980	21
981	12
982	11
983	12
984	15
985	13
986	18
987	22
988	13
989	19
990	15
991	15
992	11
993	12
994	10
995	9
996	11
997	22
998	7
999	12
1000	15
1001	19
1002	16
1003	16
1004	16
1005	12
1006	16
1007	8
1008	14
1009	13
1010	13
1011	10
1012	18
1013	12
1014	15
1015	16
1016	17
1017	13
1018	9
1019	12
1020	20
1021	15
1022	16
1023	11
1024	9
1025	13
1026	18
1027	14
1028	16
1029	11
1030	13
1031	6
1032	6
1033	14
1034	9
1035	22
1036	17
1037	11
1038	11
1039	18
1040	23
1041	12
1042	8
1043	5
1044	11
1045	20
1046	12
1047	9
1048	17
1049	15
1050	5
1051	18
1052	13
1053	13
1054	18
1055	13
1056	8
1057	12
1058	12
1059	12
1060	9
1061	13
1062	15
1063	9
1064	17
1065	12
1066	16
1067	19
1068	11
1069	17
1070	10
1071	14
1072	22
1073	11
1074	12
1075	12
1076	20
1077	13
1078	17
1079	9
1080	12
1081	8
1082	10
1083	15
1084	11
1085	19
1086	12
1087	8
1088	13
1089	13
1090	13
1091	19
1092	10
1093	13
1094	13
1095	11
1096	11
1097	3
1098	14
1099	9
1100	8
1101	13
1102	15
1103	13
1104	10
1105	12
1106	11
1107	12
1108	11
1109	16
1110	13
1111	11
1112	9
1113	14
1114	12
1115	18
1116	14
1117	16
1118	9
1119	18
1120	13
1121	18
1122	14
1123	13
1124	16
1125	17
1126	10
1127	22
1128	15
1129	15
1130	10
1131	19
1132	12
1133	13
1134	10
1135	11
1136	9
1137	18
1138	12
1139	7
1140	15
1141	19
1142	18
1143	12
1144	18
1145	13
1146	20
1147	18
1148	16
1149	16
1150	18
1151	14
1152	11
1153	12
1154	20
1155	16
1156	17
1157	11
1158	18
1159	19
1160	18
1161	14
1162	15
1163	20
1164	21
1165	14
1166	18
1167	20
1168	18
1169	21
1170	15
1171	18
1172	18
1173	13
1174	20
1175	31
1176	24
1177	23
1178	24
1179	22
1180	28
1181	25
1182	23
1183	29
1184	19
1185	23
1186	25
1187	36
1188	24
1189	29
1190	28
1191	25
1192	26
1193	31
1194	32
1195	37
1196	37
1197	46
1198	26
1199	37
1200	34
1201	45
1202	50
1203	46
1204	38
1205	35
1206	39
1207	48
1208	55
1209	37
1210	50
1211	61
1212	54
1213	64
1214	53
1215	66
1216	52
1217	58
1218	69
1219	68
1220	55
1221	74
1222	64
1223	75
1224	79
1225	63
1226	85
1227	66
1228	59
1229	92
1230	67
1231	64
1232	92
1233	79
1234	80
1235	75
1236	81
1237	89
1238	87
1239	84
1240	110
1241	115
1242	95
1243	89
1244	95
1245	98
1246	100
1247	97
1248	99
1249	94
1250	105
1251	127
1252	101
1253	135
1254	115
1255	94
1256	114
1257	115
1258	133
1259	117
1260	131
1261	136
1262	115
1263	107
1264	116
1265	146
1266	117
1267	107
1268	146
1269	187
1270	130
1271	147
1272	134
1273	130
1274	131
1275	149
1276	132
1277	134
1278	127
1279	123
1280	135
1281	138
1282	134
1283	139
1284	150
1285	151
1286	131
1287	160
1288	138
1289	144
1290	165
1291	153
1292	144
1293	150
1294	137
1295	139
1296	180
1297	143
1298	161
1299	156
1300	160
1301	156
1302	151
1303	145
1304	168
1305	142
1306	149
1307	135
1308	148
1309	147
1310	160
1311	132
1312	139
1313	146
1314	130
1315	131
1316	148
1317	105
1318	142
1319	132
1320	127
1321	134
1322	148
1323	113
1324	138
1325	120
1326	144
1327	127
1328	122
1329	152
1330	110
1331	119
1332	135
1333	105
1334	107
1335	89
1336	109
1337	100
1338	134
1339	108
1340	108
1341	105
1342	122
1343	87
1344	106
1345	95
1346	96
1347	96
1348	93
1349	90
1350	69
1351	82
1352	82
1353	102
1354	82
1355	78
1356	83
1357	70
1358	80
1359	87
1360	65
1361	72
1362	70
1363	76
1364	56
1365	54
1366	65
1367	55
1368	69
1369	52
1370	68
1371	57
1372	57
1373	45
1374	47
1375	54
1376	66
1377	60
1378	67
1379	45
1380	42
1381	43
1382	46
1383	32
1384	42
1385	39
1386	41
1387	28
1388	47
1389	33
1390	36
1391	31
1392	29
1393	29
1394	31
1395	23
1396	29
1397	31
1398	26
1399	28
1400	23
1401	23
1402	27
1403	24
1404	26
1405	25
1406	25
1407	19
1408	17
1409	16
1410	21
1411	29
1412	16
1413	22
1414	16
1415	15
1416	30
1417	15
1418	13
1419	16
1420	20
1421	11
1422	25
1423	22
1424	14
1425	14
1426	15
1427	18
1428	11
1429	15
1430	13
1431	14
1432	16
1433	12
1434	11
1435	9
1436	13
1437	14
1438	10
1439	14
1440	13
1441	12
1442	8
1443	4
1444	11
1445	16
1446	9
1447	18
1448	5
1449	9
1450	13
1451	9
1452	11
1453	7
1454	6
1455	8
1456	9
1457	12
1458	7
1459	15
1460	6
1461	7
1462	11
1463	8
1464	7
1465	10
1466	7
1467	5
1468	6
1469	16
1470	4
1471	11
1472	6
1473	6
1474	4
1475	7
1476	9
1477	9
1478	5
1479	8
1480	11
1481	7
1482	6
1483	5
1484	5
1485	8
1486	11
1487	4
1488	5
1489	5
1490	5
1491	5
1492	11
1493	10
1494	7
1495	4
1496	9
1497	2
1498	10
1499	2
1500	10
1501	5
1502	10
1503	6
1504	5
1505	9
1506	6
1507	10
1508	6
1509	7
1510	1
1511	7
1512	13
1513	3
1514	8
1515	12
1516	6
1517	13
1518	9
1519	7
1520	9
1521	5
1522	10
1523	2
1524	13
1525	8
1526	9
1527	6
1528	2
1529	12
1530	13
1531	7
1532	18
1533	10
1534	8
1535	11
1536	4
1537	5
1538	8
1539	5
1540	9
1541	8
1542	5
1543	7
1544	5
1545	10
1546	7
1547	9
1548	4
1549	10
1550	9
1551	9
1552	8
1553	7
1554	8
1555	7
1556	6
1557	6
1558	8
1559	7
1560	6
1561	10
1562	5
1563	11
1564	4
1565	7
1566	4
1567	8
1568	5
1569	5
1570	15
1571	9
1572	12
1573	9
1574	9
1575	7
1576	8
1577	9
1578	12
1579	6
1580	11
1581	7
1582	7
1583	9
1584	5
1585	8
1586	5
1587	6
1588	8
1589	8
1590	9
1591	4
1592	10
1593	9
1594	5
1595	5
1596	6
1597	2
1598	3
1599	9
1600	7
1601	3
1602	3
1603	5
1604	10
1605	3
1606	5
1607	9
1608	8
1609	11
1610	8
1611	6
1612	11
1613	10
1614	6
1615	13
1616	11
1617	4
1618	7
1619	3
1620	7
1621	9
1622	5
1623	5
1624	6
1625	7
1626	9
1627	8
1628	8
1629	12
1630	7
1631	12
1632	11
1633	6
1634	5
1635	8
1636	10
1637	4
1638	5
1639	5
1640	8
1641	10
1642	9
1643	8
1644	6
1645	5
1646	7
1647	8
1648	7
1649	5
1650	8
1651	10
1652	6
1653	8
1654	6
1655	8
1656	6
1657	6
1658	5
1659	11
1660	8
1661	5
1662	12
1663	3
1664	7
1665	7
1666	7
1667	5
1668	7
1669	10
1670	3
1671	5
1672	10
1673	7
1674	8
1675	6
1676	3
1677	11
1678	9
1679	7
1680	7
1681	6
1682	12
1683	9
1684	6
1685	6
1686	7
1687	4
1688	9
1689	5
1690	8
1691	12
1692	8
1693	5
1694	10
1695	6
1696	5
1697	9
1698	13
1699	8
1700	7
1701	8
1702	10
1703	5
1704	9
1705	4
1706	9
1707	9
1708	6
1709	4
1710	12
1711	8
1712	3
1713	8
1714	6
1715	10
1716	5
1717	5
1718	5
1719	6
1720	7
1721	5
1722	5
1723	4
1724	10
1725	9
1726	10
1727	7
1728	6
1729	6
1730	12
1731	6
1732	8
1733	8
1734	7
1735	12
1736	6
1737	7
1738	3
1739	6
1740	12
1741	6
1742	8
1743	5
1744	11
1745	9
1746	10
1747	9
1748	11
1749	7
1750	7
1751	11
1752	12
1753	6
1754	10
1755	6
1756	8
1757	6
1758	8
1759	8
1760	3
1761	13
1762	10
1763	5
1764	9
1765	11
1766	3
1767	9
1768	11
1769	11
1770	2
1771	7
1772	11
1773	7
1774	8
1775	7
1776	8
1777	11
1778	5
1779	5
1780	10
1781	5
1782	4
1783	8
1784	5
1785	11
1786	7
1787	4
1788	6
1789	10
1790	5
1791	6
1792	4
1793	9
1794	11
1795	6
1796	14
1797	9
1798	9
1799	8
1800	10
1801	8
1802	8
1803	9
1804	7
1805	6
1806	11
1807	7
1808	9
1809	9
1810	5
1811	13
1812	7
1813	5
1814	10
1815	8
1816	7
1817	10
1818	7
1819	5
1820	10
1821	2
1822	10
1823	4
1824	14
1825	9
1826	6
1827	7
1828	2
1829	5
1830	3
1831	7
1832	7
1833	3
1834	8
1835	11
1836	6
1837	8
1838	6
1839	5
1840	7
1841	10
1842	4
1843	8
1844	6
1845	6
1846	5
1847	4
1848	9
1849	10
1850	9
1851	5
1852	13
1853	7
1854	5
1855	3
1856	7
1857	4
1858	10
1859	9
1860	5
1861	7
1862	11
1863	2
1864	7
1865	4
1866	7
1867	7
1868	8
1869	7
1870	9
1871	11
1872	7
1873	6
1874	5
1875	8
1876	7
1877	11
1878	6
1879	6
1880	6
1881	15
1882	6
1883	8
1884	4
1885	7
1886	6
1887	5
1888	3
1889	10
1890	6
1891	6
1892	7
1893	8
1894	11
1895	7
1896	5
1897	5
1898	4
1899	9
1900	8
1901	10
1902	5
1903	4
1904	8
1905	8
1906	10
1907	7
1908	4
1909	4
1910	6
1911	2
1912	7
1913	11
1914	9
1915	6
1916	6
1917	5
1918	8
1919	9
1920	7
1921	8
1922	11
1923	5
1924	8
1925	6
1926	6
1927	7
1928	6
1929	4
1930	7
1931	2
1932	8
1933	12
1934	5
1935	6
1936	5
1937	4
1938	3
1939	10
1940	3
1941	4
1942	6
1943	7
1944	12
1945	8
1946	9
1947	8
1948	8
1949	5
1950	10
1951	6
1952	9
1953	5
1954	6
1955	7
1956	4
1957	10
1958	7
1959	5
1960	3
1961	7
1962	7
1963	6
1964	3
1965	3
1966	6
1967	7
1968	5
1969	6
1970	10
1971	10
1972	6
1973	13
1974	4
1975	9
1976	6
1977	5
1978	7
1979	6
1980	7
1981	4
1982	3
1983	7
1984	9
1985	5
1986	7
1987	2
1988	8
1989	8
1990	7
1991	9
1992	7
1993	10
1994	10
1995	7
1996	6
1997	9
1998	7
1999	13
2000	12
2001	9
2002	7
2003	4
2004	3
2005	12
2006	7
2007	5
2008	2
2009	9
2010	5
2011	5
2012	9
2013	7
2014	4
2015	7
2016	8
2017	8
2018	9
2019	11
2020	6
2021	4
2022	6
2023	7
2024	5
2025	6
2026	5
2027	6
2028	4
2029	3
2030	5
2031	7
2032	4
2033	8
2034	3
2035	8
2036	5
2037	6
2038	2
2039	9
2040	5
2041	8
2042	4
2043	3
2044	6
2045	6
2046	5
2047	5
2048	6
2049	6
2050	4
2051	9
2052	8
2053	8
2054	7
2055	6
2056	6
2057	9
2058	9
2059	12
2060	6
2061	5
2062	9
2063	4
2064	4
2065	4
2066	7
2067	10
2068	8
2069	7
2070	5
2071	5
2072	6
2073	8
2074	8
2075	5
2076	7
2077	5
2078	6
2079	2
2080	5
2081	5
2082	5
2083	9
2084	3
2085	6
2086	5
2087	6
2088	10
2089	5
2090	7
2091	4
2092	4
2093	10
2094	7
2095	9
2096	4
2097	13
2098	4
2099	11
2100	4
2101	6
2102	7
2103	7
2104	3
2105	10
2106	6
2107	5
2108	7
2109	6
2110	7
2111	10
2112	5
2113	11
2114	6
2115	6
2116	9
2117	4
2118	7
2119	5
2120	5
2121	7
2122	4
2123	8
2124	9
2125	8
2126	6
2127	6
2128	9
2129	10
2130	9
2131	9
2132	5
2133	8
2134	6
2135	8
2136	6
2137	7
2138	5
2139	6
2140	6
2141	6
2142	8
2143	6
2144	6
2145	5
2146	7
2147	6
2148	6
2149	8
2150	4
2151	6
2152	5
2153	11
2154	4
2155	9
2156	5
2157	6
2158	7
2159	1
2160	3
2161	5
2162	3
2163	3
2164	6
2165	5
2166	8
2167	10
2168	6
2169	6
2170	10
2171	7
2172	4
2173	8
2174	1
2175	5
2176	4
2177	3
2178	12
2179	7
2180	2
2181	4
2182	5
2183	5
2184	5
2185	5
2186	8
2187	10
2188	10
2189	4
2190	6
2191	7
2192	8
2193	3
2194	9
2195	2
2196	5
2197	3
2198	6
2199	3
2200	4
2201	5
2202	6
2203	5
2204	10
2205	7
2206	5
2207	12
2208	7
2209	5
2210	7
2211	3
2212	4
2213	5
2214	8
2215	4
2216	16
2217	9
2218	5
2219	4
2220	6
2221	3
2222	8
2223	8
2224	6
2225	5
2226	4
2227	7
2228	8
2229	8
2230	3
2231	6
2232	4
2233	8
2234	8
2235	6
2236	5
2237	9
2238	9
2239	13
2240	9
2241	2
2242	8
2243	8
2244	9
2245	3
2246	10
2247	11
2248	2
2249	10
2250	1
2251	5
2252	7
2253	10
2254	7
2255	6
2256	8
2257	6
2258	4
2259	5
2260	7
2261	5
2262	4
2263	3
2264	12
2265	10
2266	5
2267	6
2268	16
2269	3
2270	4
2271	7
2272	2
2273	12
2274	7
2275	5
2276	9
2277	6
2278	6
2279	8
2280	7
2281	7
2282	6
2283	5
2284	9
2285	7
2286	7
2287	3
2288	13
2289	5
2290	10
2291	6
2292	10
2293	4
2294	6
2295	9
2296	8
2297	15
2298	11
2299	8
2300	7
2301	7
2302	4
2303	7
2304	6
2305	5
2306	5
2307	13
2308	9
2309	7
2310	5
2311	5
2312	12
2313	5
2314	3
2315	8
2316	7
2317	8
2318	6
2319	8
2320	9
2321	9
2322	2
2323	9
2324	6
2325	5
2326	7
2327	6
2328	4
2329	11
2330	5
2331	5
2332	8
2333	11
2334	6
2335	4
2336	6
2337	9
2338	9
2339	3
2340	6
2341	8
2342	5
2343	5
2344	9
2345	5
2346	8
2347	6
2348	7
2349	4
2350	2
2351	10
2352	7
2353	6
2354	5
2355	9
2356	7
2357	6
2358	14
2359	6
2360	7
2361	4
2362	5
2363	6
2364	7
2365	7
2366	6
2367	6
2368	5
2369	10
2370	9
2371	8
2372	9
2373	7
2374	9
2375	12
2376	11
2377	8
2378	12
2379	9
2380	9
2381	11
2382	10
2383	10
2384	6
2385	8
2386	6
2387	8
2388	6
2389	8
2390	10
2391	4
2392	5
2393	10
2394	6
2395	1
2396	4
2397	9
2398	6
2399	8
2400	12
2401	9
2402	6
2403	5
2404	5
2405	9
2406	10
2407	10
2408	8
2409	17
2410	8
2411	10
2412	5
2413	11
2414	12
2415	9
2416	8
2417	8
2418	9
2419	8
2420	9
2421	9
2422	4
2423	7
2424	6
2425	7
2426	6
2427	9
2428	7
2429	6
2430	4
2431	7
2432	5
2433	6
2434	7
2435	3
2436	7
2437	5
2438	5
2439	11
2440	4
2441	4
2442	7
2443	12
2444	9
2445	4
2446	9
2447	5
2448	10
2449	15
2450	12
2451	3
2452	6
2453	5
2454	6
2455	5
2456	7
2457	7
2458	7
2459	6
2460	6
2461	9
2462	11
2463	7
2464	8
2465	5
2466	4
2467	8
2468	5
2469	9
2470	6
2471	1
2472	6
2473	6
2474	8
2475	8
2476	9
2477	7
2478	7
2479	6
2480	5
2481	9
2482	7
2483	7
2484	2
2485	6
2486	13
2487	7
2488	9
2489	3
2490	7
2491	7
2492	8
2493	7
2494	7
2495	9
2496	7
2497	8
2498	9
2499	10
2500	6
2501	3
2502	8
2503	5
2504	12
2505	7
2506	5
2507	2
2508	7
2509	5
2510	10
2511	10
2512	10
2513	7
2514	4
2515	6
2516	5
2517	4
2518	3
2519	10
2520	7
2521	6
2522	6
2523	2
2524	6
2525	4
2526	6
2527	5
2528	5
2529	9
2530	5
2531	5
2532	3
2533	7
2534	11
2535	13
2536	4
2537	11
2538	8
2539	5
2540	9
2541	6
2542	6
2543	11
2544	5
2545	5
2546	9
2547	8
2548	15
2549	5
2550	7
2551	5
2552	4
2553	10
2554	7
2555	5
2556	7
2557	6
2558	8
2559	7
2560	6
2561	4
2562	4
2563	9
2564	5
2565	5
2566	7
2567	6
2568	5
2569	6
2570	7
2571	4
2572	11
2573	8
2574	11
2575	6
2576	8
2577	4
2578	6
2579	5
2580	6
2581	7
2582	5
2583	4
2584	5
2585	5
2586	4
2587	12
2588	6
2589	6
2590	3
2591	4
2592	10
2593	8
2594	8
2595	4
2596	5
2597	11
2598	5
2599	7
2600	6
2601	6
2602	9
2603	6
2604	6
2605	7
2606	6
2607	6
2608	6
2609	7
2610	3
2611	7
2612	7
2613	4
2614	9
2615	3
2616	8
2617	3
2618	6
2619	5
2620	10
2621	11
2622	6
2623	3
2624	4
2625	4
2626	8
2627	7
2628	5
2629	2
2630	6
2631	7
2632	5
2633	5
2634	4
2635	5
2636	10
2637	11
2638	6
2639	5
2640	5
2641	5
2642	7
2643	9
2644	9
2645	9
2646	12
2647	3
2648	4
2649	6
2650	8
2651	2
2652	4
2653	4
2654	7
2655	3
2656	5
2657	4
2658	9
2659	11
2660	3
2661	10
2662	6
2663	6
2664	11
2665	6
2666	8
2667	6
2668	5
2669	7
2670	3
2671	3
2672	6
2673	6
2674	6
2675	5
2676	9
2677	2
2678	2
2679	7
2680	6
2681	7
2682	5
2683	2
2684	6
2685	8
2686	3
2687	5
2688	3
2689	3
2690	4
2691	5
2692	2
2693	5
2694	6
2695	10
2696	8
2697	3
2698	4
2699	6
2700	8
2701	4
2702	7
2703	3
2704	5
2705	6
2706	2
2707	7
2708	4
2709	6
2710	1
2711	1
2712	7
2713	7
2714	3
2715	6
2716	3
2717	5
2718	5
2719	4
2720	5
2721	3
2722	7
2723	9
2724	5
2725	8
2726	5
2727	3
2728	4
2729	1
2730	2
2731	2
2732	3
2733	3
2734	10
2735	3
2736	4
2737	7
2738	1
2739	4
2740	3
2741	3
2742	5
2743	4
2744	8
2745	6
2746	2
2747	4
2748	4
2749	5
2750	7
2751	6
2752	7
2753	4
2754	5
2755	2
2756	5
2757	6
2758	3
2759	6
2760	6
2761	1
2762	4
2763	7
2764	1
2765	1
2766	1
2767	4
2768	3
2769	3
2770	1
2771	1
2772	4
2773	8
2774	8
2775	4
2776	4
2777	1
2778	5
2779	3
2780	4
2781	1
2782	4
2783	3
2784	6
2785	2
2786	2
2787	4
2788	4
2789	3
2790	5
2791	4
2792	5
2793	6
2794	8
2795	3
2796	4
2797	2
2798	5
2799	6
2800	4
2801	4
2802	3
2803	7
2804	5
2805	0
2806	2
2807	3
2808	1
2809	9
2810	5
2811	3
2812	9
2813	6
2814	3
2815	2
2816	2
2817	5
2818	1
2819	1
2820	5
2821	3
2822	1
2823	5
2824	4
2825	3
2826	4
2827	3
2828	3
2829	9
2830	1
2831	4
2832	3
2833	3
2834	5
2835	3
2836	5
2837	6
2838	3
2839	4
2840	1
2841	2
2842	5
2843	2
2844	2
2845	1
2846	2
2847	0
2848	2
2849	2
2850	2
2851	4
2852	5
2853	2
2854	3
2855	1
2856	2
2857	3
2858	4
2859	3
2860	3
2861	3
2862	2
2863	5
2864	2
2865	6
2866	4
2867	3
2868	1
2869	4
2870	2
2871	5
2872	2
2873	6
2874	1
2875	1
2876	3
2877	3
2878	1
2879	3
2880	1
2881	6
2882	1
2883	1
2884	0
2885	3
2886	2
2887	3
2888	3
2889	2
2890	2
2891	3
2892	2
2893	1
2894	4
2895	2
2896	2
2897	3
2898	4
2899	3
2900	7
2901	4
2902	2
2903	2
2904	3
2905	2
2906	2
2907	4
2908	3
2909	2
2910	1
2911	3
2912	1
2913	1
2914	5
2915	3
2916	2
2917	1
2918	6
2919	4
2920	5
2921	1
2922	1
2923	6
2924	2
2925	3
2926	1
2927	1
2928	2
2929	3
2930	2
2931	1
2932	2
2933	1
2934	2
2935	2
2936	3
2937	0
2938	5
2939	3
2940	3
2941	7
2942	3
2943	3
2944	6
2945	4
2946	1
2947	3
2948	2
2949	1
2950	3
2951	1
2952	3
2953	2
2954	2
2955	3
2956	4
2957	3
2958	1
2959	1
2960	3
2961	3
2962	5
2963	3
2964	1
2965	1
2966	1
2967	1
2968	5
2969	2
2970	3
2971	4
2972	3
2973	2
2974	2
2975	3
2976	2
2977	5
2978	0
2979	6
2980	2
2981	3
2982	4
2983	1
2984	3
2985	2
2986	1
2987	2
2988	2
2989	1
2990	2
2991	1
2992	3
2993	3
2994	0
2995	2
2996	1
2997	4
2998	2
2999	5
3000	3
3001	3
3002	3
3003	0
3004	2
3005	1
3006	1
3007	3
3008	3
3009	1
3010	2
3011	6
3012	4
3013	3
3014	6
3015	2
3016	3
3017	2
3018	3
3019	2
3020	2
3021	1
3022	1
3023	3
3024	6
3025	4
3026	3
3027	4
3028	3
3029	3
3030	3
3031	1
3032	8
3033	4
3034	4
3035	2
3036	2
3037	2
3038	3
3039	4
3040	3
3041	3
3042	7
3043	3
3044	4
3045	2
3046	1
3047	7
3048	6
3049	7
3050	3
3051	5
3052	4
3053	2
3054	2
3055	4
3056	2
3057	3
3058	4
3059	4
3060	2
3061	6
3062	4
3063	6
3064	6
3065	5
3066	6
3067	6
3068	0
3069	4
3070	6
3071	4
3072	2
3073	0
3074	7
3075	4
3076	5
3077	5
3078	5
3079	2
3080	4
3081	3
3082	4
3083	4
3084	2
3085	3
3086	8
3087	2
3088	4
3089	3
3090	2
3091	10
3092	4
3093	9
3094	4
3095	11
3096	7
3097	7
3098	9
3099	1
3100	6
3101	6
3102	7
3103	7
3104	5
3105	3
3106	6
3107	5
3108	4
3109	8
3110	3
3111	9
3112	11
3113	13
3114	7
3115	7
3116	2
3117	4
3118	7
3119	6
3120	10
3121	6
3122	9
3123	9
3124	7
3125	6
3126	6
3127	3
3128	5
3129	7
3130	8
3131	9
3132	8
3133	7
3134	10
3135	6
3136	10
3137	10
3138	11
3139	3
3140	4
3141	7
3142	8
3143	6
3144	5
3145	12
3146	8
3147	12
3148	8
3149	6
3150	14
3151	6
3152	10
3153	10
3154	15
3155	9
3156	14
3157	10
3158	6
3159	10
3160	13
3161	14
3162	7
3163	13
3164	15
3165	11
3166	5
3167	8
3168	8
3169	5
3170	8
3171	10
3172	11
3173	10
3174	10
3175	8
3176	11
3177	15
3178	13
3179	6
3180	15
3181	21
3182	13
3183	9
3184	11
3185	15
3186	15
3187	16
3188	16
3189	13
3190	11
3191	15
3192	12
3193	21
3194	16
3195	11
3196	13
3197	9
3198	15
3199	8
3200	10
3201	16
3202	8
3203	10
3204	10
3205	9
3206	17
3207	13
3208	21
3209	15
3210	18
3211	8
3212	13
3213	16
3214	17
3215	14
3216	10
3217	22
3218	15
3219	11
3220	16
3221	14
3222	21
3223	12
3224	10
3225	11
3226	15
3227	13
3228	18
3229	14
3230	21
3231	20
3232	13
3233	17
3234	16
3235	19
3236	15
3237	14
3238	22
3239	19
3240	12
3241	10
3242	12
3243	17
3244	13
3245	16
3246	12
3247	17
3248	11
3249	17
3250	11
3251	17
3252	15
3253	15
3254	12
3255	12
3256	19
3257	14
3258	18
3259	11
3260	12
3261	18
3262	18
3263	11
3264	17
3265	12
3266	18
3267	21
3268	20
3269	13
3270	17
3271	21
3272	18
3273	14
3274	15
3275	16
3276	26
3277	18
3278	25
3279	14
3280	11
3281	14
3282	13
3283	14
3284	15
3285	11
3286	15
3287	20
3288	11
3289	28
3290	10
3291	10
3292	16
3293	19
3294	17
3295	17
3296	9
3297	13
3298	12
3299	12
3300	16
3301	14
3302	13
3303	14
3304	13
3305	14
3306	17
3307	11
3308	8
3309	14
3310	18
3311	16
3312	13
3313	15
3314	11
3315	14
3316	12
3317	10
3318	11
3319	18
3320	18
3321	11
3322	18
3323	18
3324	12
3325	12
3326	15
3327	13
3328	13
3329	14
3330	9
3331	10
3332	6
3333	11
3334	6
3335	7
3336	14
3337	6
3338	14
3339	8
3340	11
3341	13
3342	11
3343	8
3344	12
3345	16
3346	9
3347	10
3348	11
3349	12
3350	5
3351	10
3352	7
3353	10
3354	9
3355	12
3356	8
3357	17
3358	7
3359	7
3360	5
3361	16
3362	7
3363	8
3364	7
3365	15
3366	9
3367	8
3368	6
3369	8
3370	6
3371	10
3372	8
3373	7
3374	6
3375	9
3376	10
3377	13
3378	8
3379	6
3380	8
3381	9
3382	5
3383	10
3384	8
3385	10
3386	9
3387	5
3388	11
3389	7
3390	5
3391	10
3392	5
3393	9
3394	4
3395	6
3396	5
3397	8
3398	3
3399	8
3400	8
3401	8
3402	3
3403	5
3404	6
3405	6
3406	1
3407	6
3408	4
3409	8
3410	4
3411	7
3412	0
3413	9
3414	3
3415	10
3416	5
3417	4
3418	2
3419	5
3420	3
3421	5
3422	0
3423	4
3424	6
3425	9
3426	2
3427	4
3428	7
3429	13
3430	4
3431	6
3432	2
3433	3
3434	1
3435	4
3436	2
3437	2
3438	5
3439	5
3440	4
3441	5
3442	3
3443	2
3444	3
3445	4
3446	3
3447	2
3448	3
3449	1
3450	7
3451	4
3452	3
3453	6
3454	6
3455	3
3456	0
3457	2
3458	3
3459	3
3460	2
3461	8
3462	4
3463	5
3464	4
3465	1
3466	3
3467	2
3468	2
3469	3
3470	1
3471	6
3472	4
3473	3
3474	3
3475	4
3476	1
3477	0
3478	1
3479	2
3480	3
3481	3
3482	1
3483	3
3484	3
3485	4
3486	0
3487	5
3488	1
3489	1
3490	2
3491	2
3492	3
3493	1
3494	2
3495	2
3496	4
3497	1
3498	3
3499	1
3500	3
3501	5
3502	2
3503	1
3504	1
3505	3
3506	1
3507	2
3508	3
3509	1
3510	4
3511	2
3512	0
3513	5
3514	2
3515	3
3516	1
3517	0
3518	2
3519	3
3520	2
3521	6
3522	2
3523	1
3524	3
3525	0
3526	1
3527	2
3528	1
3529	2
3530	2
3531	1
3532	2
3533	2
3534	2
3535	3
3536	2
3537	1
3538	0
3539	1
3540	1
3541	4
3542	0
3543	4
3544	1
3545	2
3546	1
3547	2
3548	2
3549	1
3550	2
3551	3
3552	2
3553	3
3554	2
3555	1
3556	1
3557	3
3558	2
3559	2
3560	2
3561	2
3562	3
3563	0
3564	1
3565	3
3566	2
3567	3
3568	5
3569	5
3570	2
3571	0
3572	3
3573	3
3574	1
3575	1
3576	3
3577	3
3578	1
3579	1
3580	3
3581	3
3582	1
3583	0
3584	2
3585	0
3586	1
3587	4
3588	1
3589	2
3590	3
3591	0
3592	4
3593	1
3594	2
3595	1
3596	2
3597	2
3598	0
3599	2
3600	5
3601	4
3602	1
3603	1
3604	2
3605	2
3606	2
3607	2
3608	2
3609	4
3610	2
3611	0
3612	1
3613	3
3614	3
3615	5
3616	2
3617	4
3618	2
3619	1
3620	4
3621	2
3622	1
3623	0
3624	3
3625	1
3626	2
3627	0
3628	2
3629	1
3630	1
3631	2
3632	3
3633	3
3634	3
3635	1
3636	0
3637	1
3638	0
3639	3
3640	2
3641	4
3642	2
3643	1
3644	3
3645	3
3646	1
3647	0
3648	2
3649	1
3650	1
3651	1
3652	0
3653	3
3654	1
3655	4
3656	0
3657	2
3658	2
3659	1
3660	3
3661	2
3662	1
3663	1
3664	4
3665	1
3666	0
3667	2
3668	0
3669	3
3670	0
3671	0
3672	3
3673	1
3674	3
3675	0
3676	1
3677	1
3678	1
3679	2
3680	3
3681	1
3682	1
3683	1
3684	1
3685	2
3686	1
3687	0
3688	3
3689	3
3690	1
3691	3
3692	0
3693	0
3694	3
3695	3
3696	2
3697	1
3698	3
3699	1
3700	3
3701	2
3702	2
3703	1
3704	1
3705	0
3706	2
3707	3
3708	1
3709	1
3710	1
3711	5
3712	3
3713	1
3714	0
3715	1
3716	5
3717	2
3718	0
3719	1
3720	2
3721	6
3722	2
3723	2
3724	2
3725	2
3726	4
3727	1
3728	3
3729	3
3730	1
3731	1
3732	0
3733	1
3734	0
3735	2
3736	3
3737	2
3738	2
3739	5
3740	2
3741	3
3742	2
3743	0
3744	2
3745	0
3746	0
3747	2
3748	2
3749	2
3750	1
3751	2
3752	1
3753	2
3754	3
3755	3
3756	2
3757	4
3758	0
3759	2
3760	1
3761	3
3762	0
3763	1
3764	2
3765	4
3766	1
3767	1
3768	0
3769	2
3770	1
3771	1
3772	0
3773	2
3774	4
3775	2
3776	4
3777	1
3778	4
3779	3
3780	2
3781	1
3782	4
3783	3
3784	2
3785	1
3786	3
3787	1
3788	0
3789	4
3790	2
3791	1
3792	3
3793	2
3794	2
3795	1
3796	1
3797	1
3798	5
3799	3
3800	2
3801	3
3802	3
3803	1
3804	2
3805	1
3806	0
3807	2
3808	1
3809	1
3810	2
3811	2
3812	0
3813	1
3814	2
3815	0
3816	3
3817	1
3818	3
3819	1
3820	2
3821	1
3822	1
3823	4
3824	3
3825	1
3826	2
3827	0
3828	1
3829	3
3830	2
3831	0
3832	1
3833	0
3834	0
3835	2
3836	2
3837	2
3838	2
3839	2
3840	1
3841	2
3842	1
3843	2
3844	0
3845	1
3846	1
3847	0
3848	2
3849	0
3850	1
3851	2
3852	2
3853	0
3854	1
3855	3
3856	2
3857	2
3858	0
3859	1
3860	1
3861	2
3862	1
3863	1
3864	2
3865	0
3866	2
3867	1
3868	0
3869	2
3870	3
3871	2
3872	1
3873	3
3874	1
3875	0
3876	2
3877	1
3878	0
3879	2
3880	2
3881	2
3882	1
3883	0
3884	1
3885	1
3886	1
3887	1
3888	0
3889	1
3890	0
3891	3
3892	2
3893	2
3894	3
3895	1
3896	2
3897	3
3898	0
3899	2
3900	5
3901	0
3902	1
3903	0
3904	2
3905	2
3906	2
3907	2
3908	1
3909	1
3910	1
3911	1
3912	0
3913	0
3914	2
3915	1
3916	2
3917	0
3918	0
3919	2
3920	0
3921	2
3922	0
3923	0
3924	2
3925	1
3926	1
3927	0
3928	0
3929	0
3930	1
3931	0
3932	3
3933	1
3934	2
3935	1
3936	0
3937	1
3938	3
3939	2
3940	0
3941	0
3942	2
3943	0
3944	0
3945	0
3946	0
3947	3
3948	0
3949	1
3950	1
3951	0
3952	2
3953	1
3954	2
3955	0
3956	0
3957	1
3958	1
3959	1
3960	1
3961	1
3962	0
3963	2
3964	1
3965	2
3966	1
3967	2
3968	2
3969	2
3970	1
3971	1
3972	2
3973	3
3974	2
3975	0
3976	3
3977	1
3978	1
3979	2
3980	3
3981	4
3982	0
3983	1
3984	2
3985	2
3986	0
3987	0
3988	0
3989	0
3990	0
3991	1
3992	0
3993	0
3994	1
3995	2
3996	3
3997	1
3998	1
3999	1
4000	1
4001	0
4002	1
4003	1
4004	1
4005	1
4006	1
4007	1
4008	1
4009	3
4010	4
4011	1
4012	1
4013	1
4014	0
4015	1
4016	1
4017	0
4018	0
4019	2
4020	0
4021	0
4022	1
4023	1
4024	2
4025	1
4026	1
4027	2
4028	0
4029	2
4030	0
4031	2
4032	0
4033	4
4034	1
4035	0
4036	3
4037	1
4038	0
4039	2
4040	1
4041	2
4042	0
4043	2
4044	1
4045	0
4046	2
4047	2
4048	1
4049	0
4050	0
4051	3
4052	2
4053	0
4054	1
4055	1
4056	0
4057	0
4058	1
4059	1
4060	0
4061	0
4062	0
4063	2
4064	1
4065	1
4066	0
4067	0
4068	0
4069	0
4070	0
4071	0
4072	1
4073	0
4074	0
4075	0
4076	2
4077	1
4078	0
4079	0
4080	0
4081	2
4082	0
4083	0
4084	2
4085	0
4086	2
4087	1
4088	2
4089	0
4090	3
4091	0
4092	1
4093	1
4094	0
4095	1
4096	0
4097	1
4098	2
4099	0
4100	0
4101	0
4102	1
4103	1
4104	0
4105	1
4106	2
4107	1
4108	0
4109	0
4110	2
4111	0
4112	1
4113	0
4114	2
4115	0
4116	1
4117	2
4118	0
4119	1
4120	0
4121	2
4122	1
4123	0
4124	1
4125	2
4126	0
4127	1
4128	0
4129	0
4130	0
4131	1
4132	1
4133	0
4134	0
4135	1
4136	3
4137	2
4138	3
4139	2
4140	0
4141	0
4142	1
4143	0
4144	0
4145	2
4146	0
4147	1
4148	1
4149	1
4150	1
4151	1
4152	0
4153	1
4154	1
4155	1
4156	1
4157	0
4158	1
4159	0
4160	1
4161	0
4162	1
4163	1
4164	1
4165	1
4166	3
4167	1
4168	0
4169	2
4170	1
4171	1
4172	0
4173	1
4174	0
4175	0
4176	0
4177	1
4178	3
4179	1
4180	1
4181	0
4182	1
4183	1
4184	1
4185	0
4186	0
4187	2
4188	1
4189	0
4190	0
4191	1
4192	1
4193	1
4194	0
4195	0
4196	2
4197	3
4198	1
4199	0
4200	0
4201	0
4202	2
4203	5
4204	0
4205	1
4206	1
4207	0
4208	3
4209	1
4210	1
4211	0
4212	1
4213	0
4214	1
4215	0
4216	0
4217	0
4218	1
4219	0
4220	1
4221	1
4222	1
4223	2
4224	0
4225	2
4226	0
4227	0
4228	1
4229	1
4230	1
4231	0
4232	1
4233	1
4234	1
4235	1
4236	0
4237	0
4238	0
4239	1
4240	0
4241	0
4242	0
4243	0
4244	2
4245	1
4246	0
4247	0
4248	0
4249	2
4250	0
4251	1
4252	0
4253	1
4254	1
4255	1
4256	0
4257	1
4258	5
4259	1
4260	1
4261	0
4262	1
4263	1
4264	0
4265	2
4266	1
4267	2
4268	2
4269	0
4270	0
4271	0
4272	1
4273	1
4274	0
4275	0
4276	2
4277	1
4278	1
4279	0
4280	0
4281	1
4282	0
4283	0
4284	1
4285	0
4286	0
4287	1
4288	1
4289	1
4290	1
4291	0
4292	2
4293	2
4294	0
4295	0
4296	0
4297	0
4298	0
4299	2
4300	1
4301	0
4302	1
4303	0
4304	0
4305	0
4306	1
4307	0
4308	0
4309	0
4310	0
4311	2
4312	0
4313	1
4314	0
4315	2
4316	1
4317	1
4318	0
4319	1
4320	1
4321	0
4322	0
4323	0
4324	0
4325	1
4326	0
4327	0
4328	1
4329	1
4330	0
4331	0
4332	0
4333	1
4334	0
4335	0
4336	1
4337	0
4338	1
4339	0
4340	2
4341	0
4342	0
4343	0
4344	1
4345	0
4346	1
4347	0
4348	2
4349	0
4350	1
4351	0
4352	0
4353	0
4354	0
4355	0
4356	1
4357	0
4358	1
4359	0
4360	1
4361	0
4362	0
4363	0
4364	0
4365	0
4366	0
4367	1
4368	0
4369	1
4370	0
4371	2
4372	0
4373	1
4374	1
4375	0
4376	1
4377	0
4378	0
4379	0
4380	1
4381	0
4382	0
4383	0
4384	0
4385	0
4386	0
4387	1
4388	0
4389	0
4390	0
4391	0
4392	1
4393	1
4394	0
4395	0
4396	1
4397	1
4398	0
4399	1
4400	1
4401	0
4402	1
4403	1
4404	0
4405	1
4406	0
4407	0
4408	0
4409	0
4410	3
4411	0
4412	0
4413	0
4414	0
4415	0
4416	0
4417	0
4418	0
4419	0
4420	0
4421	0
4422	0
4423	0
4424	0
4425	0
4426	0
4427	1
4428	1
4429	1
4430	0
4431	0
4432	0
4433	0
4434	1
4435	1
4436	0
4437	0
4438	0
4439	2
4440	1
4441	0
4442	2
4443	1
4444	0
4445	1
4446	0
4447	0
4448	1
4449	0
4450	0
4451	0
4452	1
4453	2
4454	1
4455	1
4456	0
4457	0
4458	2
4459	1
4460	2
4461	0
4462	1
4463	1
4464	2
4465	0
4466	0
4467	0
4468	0
4469	1
4470	0
4471	2
4472	1
4473	2
4474	1
4475	0
4476	1
4477	1
4478	0
4479	1
4480	0
4481	0
4482	1
4483	0
4484	0
4485	0
4486	1
4487	1
4488	0
4489	0
4490	0
4491	2
4492	0
4493	2
4494	0
4495	0
4496	0
4497	0
4498	1
4499	1
4500	0
4501	0
4502	0
4503	0
4504	0
4505	0
4506	0
4507	2
4508	0
4509	1
4510	0
4511	0
4512	0
4513	1
4514	0
4515	0
4516	0
4517	1
4518	0
4519	1
4520	0
4521	0
4522	1
4523	2
4524	0
4525	1
4526	2
4527	0
4528	1
4529	2
4530	1
4531	0
4532	1
4533	1
4534	0
4535	0
4536	0
4537	1
4538	1
4539	3
4540	3
4541	0
4542	0
4543	1
4544	1
4545	3
4546	1
4547	1
4548	0
4549	1
4550	0
4551	1
4552	1
4553	0
4554	3
4555	0
4556	0
4557	2
4558	1
4559	3
4560	2
4561	1
4562	1
4563	1
4564	1
4565	2
4566	0
4567	0
4568	2
4569	1
4570	2
4571	0
4572	0
4573	2
4574	0
4575	1
4576	2
4577	0
4578	1
4579	1
4580	1
4581	1
4582	0
4583	0
4584	4
4585	1
4586	2
4587	3
4588	1
4589	2
4590	1
4591	1
4592	1
4593	2
4594	0
4595	2
4596	0
4597	1
4598	2
4599	1
4600	2
4601	1
4602	1
4603	2
4604	3
4605	1
4606	2
4607	0
4608	3
4609	1
4610	0
4611	2
4612	0
4613	2
4614	0
4615	3
4616	2
4617	0
4618	3
4619	0
4620	1
4621	1
4622	0
4623	1
4624	0
4625	0
4626	0
4627	1
4628	0
4629	0
4630	3
4631	1
4632	0
4633	0
4634	1
4635	1
4636	2
4637	0
4638	2
4639	2
4640	1
4641	0
4642	1
4643	2
4644	1
4645	2
4646	1
4647	2
4648	0
4649	1
4650	0
4651	4
4652	1
4653	2
4654	2
4655	5
4656	2
4657	1
4658	1
4659	1
4660	1
4661	0
4662	3
4663	4
4664	2
4665	3
4666	0
4667	0
4668	1
4669	0
4670	0
4671	2
4672	1
4673	1
4674	1
4675	0
4676	0
4677	3
4678	1
4679	2
4680	2
4681	0
4682	1
4683	1
4684	1
4685	1
4686	0
4687	2
4688	0
4689	1
4690	2
4691	1
4692	2
4693	2
4694	2
4695	1
4696	3
4697	1
4698	0
4699	0
4700	2
4701	0
4702	1
4703	0
4704	0
4705	1
4706	1
4707	2
4708	2
4709	2
4710	0
4711	2
4712	2
4713	3
4714	1
4715	0
4716	1
4717	0
4718	2
4719	2
4720	1
4721	1
4722	0
4723	0
4724	0
4725	0
4726	1
4727	1
4728	0
4729	1
4730	1
4731	1
4732	1
4733	0
4734	0
4735	2
4736	0
4737	2
4738	3
4739	1
4740	3
4741	2
4742	0
4743	0
4744	2
4745	1
4746	1
4747	1
4748	2
4749	0
4750	0
4751	1
4752	0
4753	0
4754	2
4755	0
4756	1
4757	1
4758	0
4759	1
4760	2
4761	2
4762	0
4763	1
4764	0
4765	0
4766	1
4767	1
4768	0
4769	1
4770	2
4771	2
4772	1
4773	0
4774	0
4775	0
4776	0
4777	1
4778	0
4779	1
4780	0
4781	2
4782	0
4783	0
4784	2
4785	0
4786	0
4787	2
4788	2
4789	1
4790	0
4791	0
4792	0
4793	0
4794	0
4795	0
4796	0
4797	0
4798	1
4799	0
4800	2
4801	1
4802	0
4803	0
4804	0
4805	0
4806	2
4807	3
4808	0
4809	0
4810	0
4811	1
4812	0
4813	0
4814	1
4815	0
4816	0
4817	1
4818	3
4819	1
4820	0
4821	0
4822	0
4823	1
4824	0
4825	0
4826	0
4827	0
4828	0
4829	1
4830	0
4831	0
4832	0
4833	0
4834	1
4835	0
4836	1
4837	0
4838	0
4839	0
4840	0
4841	1
4842	0
4843	1
4844	1
4845	0
4846	0
4847	1
4848	0
4849	0
4850	0
4851	0
4852	1
4853	0
4854	0
4855	0
4856	0
4857	0
4858	0
4859	0
4860	0
4861	0
4862	0
4863	1
4864	0
4865	0
4866	0
4867	0
4868	2
4869	0
4870	0
4871	2
4872	1
4873	0
4874	0
4875	0
4876	0
4877	0
4878	0
4879	0
4880	0
4881	1
4882	1
4883	0
4884	0
4885	0
4886	0
4887	0
4888	0
4889	0
4890	0
4891	0
4892	1
4893	1
4894	0
4895	0
4896	1
4897	0
4898	1
4899	0
4900	1
4901	0
4902	0
4903	0
4904	0
4905	1
4906	0
4907	0
4908	0
4909	0
4910	1
4911	0
4912	0
4913	1
4914	0
4915	0
4916	0
4917	0
4918	1
4919	0
4920	0
4921	0
4922	0
4923	1
4924	0
4925	1
4926	0
4927	1
4928	1
4929	0
4930	0
4931	0
4932	0
4933	0
4934	0
4935	1
4936	0
4937	0
4938	0
4939	1
4940	0
4941	1
4942	0
4943	0
4944	0
4945	0
4946	0
4947	0
4948	0
4949	0
4950	0
4951	0
4952	0
4953	0
4954	0
4955	0
4956	0
4957	0
4958	1
4959	0
4960	0
4961	0
4962	1
4963	0
4964	0
4965	0
4966	0
4967	0
4968	0
4969	1
4970	0
4971	0
4972	1
4973	0
4974	0
4975	0
4976	0
4977	1
4978	0
4979	0
4980	0
4981	0
4982	0
4983	0
4984	0
4985	0
4986	0
4987	1
4988	0
4989	1
4990	0
4991	0
4992	1
4993	0
4994	0
4995	0
4996	0
4997	2
4998	0
4999	0
5000	0
5001	0
5002	0
5003	0
5004	0
5005	0
5006	0
5007	0
5008	0
5009	0
5010	0
5011	0
5012	0
5013	0
5014	0
5015	0
5016	0
5017	0
5018	1
5019	0
5020	0
5021	0
5022	0
5023	1
5024	0
5025	1
5026	1
5027	0
5028	0
5029	0
5030	0
5031	1
5032	0
5033	0
5034	0
5035	0
5036	0
5037	0
5038	1
5039	1
5040	0
5041	0
5042	0
5043	0
5044	1
5045	0
5046	0
5047	0
5048	0
5049	0
5050	0
5051	1
5052	1
5053	1
5054	0
5055	0
5056	0
5057	0
5058	0
5059	0
5060	1
5061	0
5062	0
5063	0
5064	1
5065	0
5066	0
5067	1
5068	0
5069	0
5070	1
5071	1
5072	0
5073	1
5074	1
5075	0
5076	0
5077	0
5078	0
5079	0
5080	0
5081	0
5082	1
5083	0
5084	1
5085	1
5086	0
5087	0
5088	0
5089	0
5090	1
5091	0
5092	0
5093	0
5094	0
5095	1
5096	0
5097	0
5098	2
5099	0
5100	0
5101	0
5102	0
5103	0
5104	0
5105	0
5106	1
5107	0
5108	1
5109	0
5110	0
5111	0
5112	0
5113	1
5114	0
5115	0
5116	1
5117	1
5118	0
5119	0
5120	0
5121	0
5122	0
5123	0
5124	0
5125	0
5126	0
5127	0
5128	0
5129	0
5130	0
5131	2
5132	0
5133	1
5134	0
5135	0
5136	0
5137	0
5138	0
5139	0
5140	0
5141	0
5142	0
5143	0
5144	1
5145	0
5146	0
5147	0
5148	0
5149	0
5150	0
5151	0
5152	1
5153	0
5154	0
5155	0
5156	0
5157	0
5158	0
5159	1
5160	1
5161	1
5162	1
5163	0
5164	0
5165	0
5166	0
5167	0
5168	1
5169	0
5170	0
5171	0
5172	0
5173	0
5174	0
5175	0
5176	0
5177	1
5178	0
5179	0
5180	0
5181	0
5182	1
5183	1
5184	0
5185	0
5186	0
5187	0
5188	0
5189	0
5190	0
5191	0
5192	1
5193	0
5194	1
5195	1
5196	0
5197	0
5198	0
5199	0
5200	0
5201	0
5202	1
5203	0
5204	0
5205	0
5206	0
5207	0
5208	1
5209	0
5210	0
5211	0
5212	0
5213	0
5214	0
5215	0
5216	0
5217	1
5218	0
5219	0
5220	0
5221	0
5222	1
5223	1
5224	1
5225	0
5226	0
5227	0
5228	0
5229	0
5230	0
5231	0
5232	0
5233	0
5234	0
5235	0
5236	0
5237	1
5238	0
5239	1
5240	0
5241	0
5242	0
5243	0
5244	0
5245	0
5246	0
5247	0
5248	0
5249	0
5250	0
5251	0
5252	0
5253	0
5254	1
5255	0
5256	0
5257	0
5258	0
5259	0
5260	0
5261	0
5262	0
5263	0
5264	0
5265	0
5266	1
5267	0
5268	0
5269	0
5270	0
5271	0
5272	0
5273	0
5274	0
5275	1
5276	0
5277	0
5278	0
5279	0
5280	0
5281	2
5282	0
5283	0
5284	0
5285	0
5286	0
5287	0
5288	0
5289	0
5290	0
5291	0
5292	0
5293	0
5294	1
5295	0
5296	1
5297	0
5298	0
5299	1
5300	0
5301	0
5302	0
5303	0
5304	0
5305	0
5306	0
5307	0
5308	0
5309	0
5310	0
5311	0
5312	0
5313	1
5314	0
5315	0
5316	1
5317	0
5318	0
5319	0
5320	0
5321	0
5322	0
5323	0
5324	0
5325	0
5326	0
5327	0
5328	1
5329	0
5330	0
5331	0
5332	0
5333	1
5334	0
5335	0
5336	1
5337	0
5338	0
5339	0
5340	0
5341	0
5342	0
5343	0
5344	0
5345	0
5346	0
5347	0
5348	0
5349	0
5350	0
5351	0
5352	0
5353	0
5354	0
5355	1
5356	1
5357	0
5358	0
5359	1
5360	1
5361	0
5362	0
5363	0
5364	0
5365	0
5366	0
5367	0
5368	0
5369	0
5370	0
5371	0
5372	0
5373	2
5374	0
5375	0
5376	0
5377	0
5378	1
5379	0
5380	0
5381	0
5382	0
5383	0
5384	0
5385	0
5386	0
5387	0
5388	0
5389	0
5390	0
5391	0
5392	0
5393	0
5394	0
5395	0
5396	0
5397	0
5398	0
5399	0
5400	0
5401	0
5402	0
5403	0
5404	0
5405	0
5406	0
5407	0
5408	0
5409	1
5410	0
5411	0
5412	0
5413	0
5414	0
5415	0
5416	1
5417	0
5418	0
5419	0
5420	0
5421	0
5422	0
5423	0
5424	1
5425	0
5426	0
5427	0
5428	0
5429	0
5430	0
5431	0
5432	0
5433	0
5434	0
5435	0
5436	0
5437	0
5438	0
5439	0
5440	0
5441	0
5442	0
5443	0
5444	0
5445	1
5446	0
5447	0
5448	0
5449	0
5450	2
5451	1
5452	0
5453	0
5454	0
5455	0
5456	1
5457	0
5458	0
5459	0
5460	0
5461	0
5462	0
5463	0
5464	0
5465	0
5466	0
5467	0
5468	1
5469	0
5470	1
5471	1
5472	0
5473	1
5474	0
5475	0
5476	0
5477	0
5478	0
5479	0
5480	0
5481	0
5482	0
5483	0
5484	0
5485	0
5486	0
5487	0
5488	0
5489	1
5490	0
5491	0
5492	0
5493	0
5494	0
5495	0
5496	0
5497	0
5498	0
5499	0
5500	0
5501	0
5502	1
5503	0
5504	1
5505	0
5506	0
5507	1
5508	0
5509	0
5510	0
5511	0
5512	0
5513	2
5514	0
5515	0
5516	0
5517	0
5518	0
5519	0
5520	0
5521	1
5522	0
5523	0
5524	1
5525	1
5526	0
5527	0
5528	0
5529	1
5530	1
5531	0
5532	1
5533	0
5534	0
5535	0
5536	0
5537	0
5538	0
5539	1
5540	0
5541	0
5542	0
5543	0
5544	0
5545	0
5546	0
5547	1
5548	0
5549	0
5550	0
5551	0
5552	0
5553	0
5554	0
5555	0
5556	0
5557	1
5558	0
5559	1
5560	0
5561	0
5562	0
5563	0
5564	0
5565	0
5566	0
5567	1
5568	0
5569	0
5570	1
5571	0
5572	0
5573	0
5574	0
5575	0
5576	0
5577	0
5578	0
5579	0
5580	0
5581	0
5582	0
5583	0
5584	0
5585	0
5586	0
5587	1
5588	0
5589	0
5590	0
5591	0
5592	0
5593	0
5594	0
5595	0
5596	0
5597	0
5598	0
5599	0
5600	0
5601	0
5602	0
5603	2
5604	0
5605	1
5606	1
5607	0
5608	0
5609	0
5610	1
5611	1
5612	0
5613	0
5614	0
5615	0
5616	1
5617	0
5618	0
5619	0
5620	0
5621	1
5622	0
5623	0
5624	0
5625	0
5626	0
5627	0
5628	0
5629	0
5630	0
5631	0
5632	0
5633	0
5634	0
5635	0
5636	0
5637	2
5638	1
5639	0
5640	0
5641	0
5642	0
5643	0
5644	0
5645	0
5646	0
5647	0
5648	0
5649	0
5650	0
5651	1
5652	0
5653	0
5654	0
5655	1
5656	0
5657	0
5658	0
5659	0
5660	0
5661	1
5662	0
5663	0
5664	1
5665	0
5666	0
5667	0
5668	1
5669	0
5670	0
5671	1
5672	0
5673	0
5674	0
5675	0
5676	0
5677	0
5678	1
5679	1
5680	0
5681	0
5682	0
5683	0
5684	0
5685	0
5686	0
5687	0
5688	0
5689	0
5690	0
5691	0
5692	0
5693	0
5694	0
5695	0
5696	0
5697	0
5698	0
5699	0
5700	0
5701	0
5702	0
5703	0
5704	0
5705	0
5706	0
5707	0
5708	1
5709	0
5710	0
5711	0
5712	0
5713	0
5714	1
5715	0
5716	1
5717	0
5718	0
5719	1
5720	0
5721	0
5722	0
5723	0
5724	0
5725	0
5726	0
5727	1
5728	0
5729	0
5730	0
5731	0
5732	0
5733	0
5734	0
5735	1
5736	0
5737	1
5738	0
5739	0
5740	0
5741	0
5742	0
5743	0
5744	0
5745	1
5746	0
5747	1
5748	0
5749	0
5750	0
5751	0
5752	0
5753	0
5754	0
5755	0
5756	0
5757	0
5758	0
5759	0
5760	0
5761	0
5762	0
5763	0
5764	0
5765	0
5766	0
5767	1
5768	0
5769	0
5770	0
5771	0
5772	0
5773	2
5774	0
5775	0
5776	0
5777	0
5778	1
5779	0
5780	0
5781	0
5782	1
5783	0
5784	0
5785	0
5786	0
5787	0
5788	0
5789	0
5790	3
5791	1
5792	1
5793	0
5794	0
5795	0
5796	0
5797	0
5798	0
5799	0
5800	0
5801	1
5802	0
5803	0
5804	1
5805	2
5806	1
5807	0
5808	1
5809	0
5810	0
5811	1
5812	0
5813	0
5814	0
5815	1
5816	0
5817	0
5818	1
5819	0
5820	0
5821	0
5822	0
5823	1
5824	0
5825	0
5826	0
5827	0
5828	0
5829	0
5830	0
5831	0
5832	0
5833	0
5834	1
5835	0
5836	0
5837	0
5838	0
5839	0
5840	0
5841	0
5842	0
5843	0
5844	0
5845	0
5846	0
5847	0
5848	0
5849	0
5850	0
5851	0
5852	1
5853	0
5854	2
5855	0
5856	0
5857	0
5858	1
5859	0
5860	0
5861	0
5862	0
5863	0
5864	0
5865	0
5866	0
5867	0
5868	1
5869	0
5870	0
5871	0
5872	0
5873	1
5874	0
5875	0
5876	0
5877	0
5878	0
5879	0
5880	0
5881	0
5882	0
5883	0
5884	0
5885	0
5886	0
5887	0
5888	0
5889	0
5890	0
5891	1
5892	0
5893	1
5894	1
5895	0
5896	0
5897	2
5898	1
5899	1
5900	0
5901	1
5902	0
5903	0
5904	0
5905	0
5906	0
5907	0
5908	1
5909	0
5910	1
5911	0
5912	0
5913	0
5914	1
5915	0
5916	0
5917	0
5918	0
5919	0
5920	0
5921	0
5922	1
5923	0
5924	0
5925	0
5926	0
5927	1
5928	0
5929	2
5930	1
5931	0
5932	0
5933	0
5934	0
5935	0
5936	0
5937	0
5938	0
5939	0
5940	0
5941	0
5942	0
5943	0
5944	0
5945	0
5946	0
5947	0
5948	0
5949	1
5950	1
5951	0
5952	0
5953	0
5954	0
5955	0
5956	0
5957	0
5958	0
5959	0
5960	0
5961	1
5962	0
5963	0
5964	0
5965	0
5966	0
5967	0
5968	0
5969	0
5970	0
5971	0
5972	0
5973	1
5974	0
5975	0
5976	1
5977	0
5978	0
5979	0
5980	0
5981	0
5982	0
5983	0
5984	0
5985	0
5986	1
5987	0
5988	1
5989	0
5990	0
5991	0
5992	0
5993	0
5994	1
5995	0
5996	0
5997	0
5998	0
5999	0
6000	0
6001	1
6002	0
6003	0
6004	0
6005	0
6006	0
6007	0
6008	0
6009	1
6010	0
6011	0
6012	0
6013	0
6014	1
6015	0
6016	0
6017	0
6018	1
6019	1
6020	0
6021	0
6022	0
6023	0
6024	0
6025	0
6026	2
6027	1
6028	0
6029	0
6030	0
6031	0
6032	1
6033	0
6034	0
6035	0
6036	1
6037	0
6038	0
6039	0
6040	0
6041	0
6042	0
6043	0
6044	0
6045	0
6046	0
6047	1
6048	1
6049	1
6050	1
6051	0
6052	0
6053	0
6054	0
6055	0
6056	1
6057	1
6058	0
6059	0
6060	0
6061	1
6062	0
6063	0
6064	2
6065	0
6066	0
6067	1
6068	0
6069	0
6070	0
6071	0
6072	0
6073	0
6074	0
6075	2
6076	0
6077	0
6078	0
6079	0
6080	0
6081	0
6082	0
6083	1
6084	0
6085	0
6086	0
6087	0
6088	0
6089	1
6090	0
6091	0
6092	0
6093	0
6094	0
6095	0
6096	1
6097	1
6098	0
6099	0
6100	0
6101	0
6102	0
6103	0
6104	0
6105	0
6106	4
6107	0
6108	1
6109	0
6110	1
6111	1
6112	0
6113	0
6114	0
6115	0
6116	0
6117	0
6118	0
6119	1
6120	0
6121	1
6122	1
6123	0
6124	1
6125	0
6126	0
6127	0
6128	0
6129	1
6130	0
6131	2
6132	0
6133	1
6134	0
6135	0
6136	0
6137	0
6138	0
6139	1
6140	0
6141	0
6142	0
6143	1
6144	1
6145	0
6146	0
6147	1
6148	0
6149	1
6150	0
6151	1
6152	0
6153	0
6154	0
6155	0
6156	0
6157	0
6158	0
6159	0
6160	0
6161	0
6162	1
6163	0
6164	0
6165	0
6166	0
6167	1
6168	0
6169	0
6170	0
6171	1
6172	0
6173	2
6174	0
6175	0
6176	1
6177	0
6178	0
6179	0
6180	1
6181	0
6182	1
6183	0
6184	1
6185	0
6186	0
6187	0
6188	0
6189	0
6190	0
6191	0
6192	0
6193	0
6194	1
6195	0
6196	1
6197	0
6198	1
6199	0
6200	0
6201	0
6202	0
6203	1
6204	0
6205	2
6206	0
6207	0
6208	0
6209	1
6210	0
6211	1
6212	0
6213	2
6214	0
6215	0
6216	0
6217	1
6218	1
6219	2
6220	0
6221	0
6222	0
6223	1
6224	0
6225	0
6226	0
6227	1
6228	1
6229	1
6230	1
6231	2
6232	2
6233	0
6234	0
6235	1
6236	0
6237	0
6238	0
6239	0
6240	0
6241	0
6242	3
6243	0
6244	1
6245	0
6246	1
6247	2
6248	0
6249	2
6250	0
6251	0
6252	0
6253	1
6254	1
6255	0
6256	1
6257	0
6258	1
6259	0
6260	0
6261	0
6262	0
6263	1
6264	0
6265	1
6266	0
6267	2
6268	0
6269	2
6270	0
6271	0
6272	0
6273	1
6274	0
6275	0
6276	0
6277	0
6278	3
6279	0
6280	1
6281	0
6282	2
6283	0
6284	0
6285	2
6286	1
6287	1
6288	0
6289	2
6290	0
6291	2
6292	0
6293	0
6294	1
6295	0
6296	0
6297	1
6298	0
6299	1
6300	1
6301	1
6302	0
6303	1
6304	1
6305	1
6306	2
6307	1
6308	1
6309	2
6310	0
6311	0
6312	0
6313	1
6314	1
6315	1
6316	1
6317	0
6318	0
6319	0
6320	1
6321	1
6322	1
6323	0
6324	0
6325	1
6326	1
6327	2
6328	1
6329	0
6330	0
6331	0
6332	0
6333	0
6334	3
6335	1
6336	0
6337	1
6338	0
6339	0
6340	0
6341	1
6342	1
6343	0
6344	1
6345	2
6346	3
6347	0
6348	1
6349	1
6350	0
6351	2
6352	2
6353	1
6354	1
6355	0
6356	1
6357	1
6358	3
6359	0
6360	0
6361	1
6362	0
6363	0
6364	0
6365	2
6366	0
6367	1
6368	1
6369	0
6370	0
6371	1
6372	0
6373	0
6374	1
6375	1
6376	0
6377	0
6378	0
6379	1
6380	0
6381	0
6382	0
6383	0
6384	1
6385	1
6386	1
6387	1
6388	1
6389	0
6390	0
6391	0
6392	0
6393	2
6394	0
6395	0
6396	2
6397	1
6398	1
6399	0
6400	2
6401	1
6402	1
6403	0
6404	1
6405	2
6406	0
6407	2
6408	3
6409	1
6410	0
6411	1
6412	1
6413	1
6414	2
6415	1
6416	0
6417	1
6418	2
6419	1
6420	0
6421	0
6422	3
6423	1
6424	3
6425	0
6426	0
6427	1
6428	1
6429	1
6430	0
6431	0
6432	2
6433	0
6434	2
6435	2
6436	0
6437	0
6438	0
6439	0
6440	1
6441	0
6442	1
6443	0
6444	1
6445	0
6446	0
6447	3
6448	0
6449	0
6450	0
6451	1
6452	0
6453	2
6454	2
6455	0
6456	0
6457	1
6458	1
6459	0
6460	0
6461	0
6462	0
6463	0
6464	2
6465	0
6466	1
6467	0
6468	0
6469	1
6470	0
6471	1
6472	0
6473	0
6474	1
6475	1
6476	2
6477	1
6478	0
6479	1
6480	0
6481	1
6482	0
6483	0
6484	0
6485	2
6486	1
6487	0
6488	0
6489	3
6490	1
6491	0
6492	1
6493	1
6494	1
6495	1
6496	0
6497	0
6498	2
6499	2
6500	2
6501	0
6502	3
6503	2
6504	1
6505	1
6506	2
6507	2
6508	0
6509	1
6510	1
6511	0
6512	1
6513	0
6514	1
6515	0
6516	0
6517	0
6518	3
6519	0
6520	1
6521	1
6522	0
6523	1
6524	0
6525	0
6526	1
6527	0
6528	1
6529	0
6530	1
6531	2
6532	0
6533	0
6534	1
6535	0
6536	0
6537	0
6538	2
6539	1
6540	0
6541	1
6542	0
6543	1
6544	2
6545	1
6546	0
6547	1
6548	2
6549	0
6550	1
6551	1
6552	2
6553	2
6554	1
6555	0
6556	0
6557	2
6558	1
6559	0
6560	1
6561	1
6562	2
6563	2
6564	0
6565	0
6566	2
6567	1
6568	1
6569	0
6570	1
6571	5
6572	2
6573	2
6574	1
6575	0
6576	1
6577	2
6578	3
6579	0
6580	1
6581	0
6582	0
6583	2
6584	0
6585	1
6586	0
6587	1
6588	1
6589	1
6590	2
6591	0
6592	2
6593	0
6594	0
6595	1
6596	0
6597	1
6598	0
6599	0
6600	0
6601	0
6602	0
6603	0
6604	1
6605	0
6606	0
6607	3
6608	1
6609	0
6610	1
6611	0
6612	1
6613	1
6614	0
6615	1
6616	0
6617	1
6618	0
6619	1
6620	0
6621	2
6622	1
6623	1
6624	2
6625	1
6626	0
6627	2
6628	0
6629	1
6630	2
6631	0
6632	0
6633	0
6634	0
6635	3
6636	0
6637	2
6638	0
6639	1
6640	0
6641	1
6642	1
6643	0
6644	1
6645	1
6646	1
6647	0
6648	1
6649	0
6650	1
6651	0
6652	0
6653	1
6654	1
6655	0
6656	1
6657	0
6658	1
6659	2
6660	2
6661	0
6662	0
6663	0
6664	1
6665	0
6666	1
6667	0
6668	1
6669	1
6670	0
6671	1
6672	0
6673	1
6674	0
6675	0
6676	2
6677	1
6678	1
6679	1
6680	0
6681	1
6682	0
6683	1
6684	0
6685	1
6686	0
6687	0
6688	2
6689	2
6690	0
6691	1
6692	1
6693	0
6694	0
6695	1
6696	1
6697	1
6698	0
6699	1
6700	1
6701	1
6702	0
6703	2
6704	1
6705	0
6706	0
6707	0
6708	0
6709	0
6710	0
6711	1
6712	0
6713	1
6714	0
6715	1
6716	2
6717	1
6718	1
6719	1
6720	0
6721	0
6722	1
6723	0
6724	0
6725	0
6726	1
6727	1
6728	0
6729	1
6730	0
6731	1
6732	1
6733	0
6734	2
6735	0
6736	1
6737	0
6738	0
6739	0
6740	1
6741	1
6742	0
6743	2
6744	1
6745	1
6746	0
6747	0
6748	2
6749	1
6750	2
6751	0
6752	1
6753	1
6754	1
6755	2
6756	0
6757	1
6758	1
6759	0
6760	1
6761	1
6762	1
6763	1
6764	1
6765	0
6766	1
6767	0
6768	1
6769	0
6770	0
6771	0
6772	1
6773	0
6774	0
6775	1
6776	2
6777	0
6778	0
6779	0
6780	0
6781	1
6782	0
6783	1
6784	0
6785	0
6786	0
6787	0
6788	1
6789	2
6790	0
6791	2
6792	0
6793	0
6794	0
6795	1
6796	1
6797	0
6798	0
6799	0
6800	1
6801	0
6802	0
6803	0
6804	0
6805	1
6806	1
6807	0
6808	0
6809	0
6810	0
6811	0
6812	1
6813	1
6814	1
6815	0
6816	0
6817	1
6818	1
6819	0
6820	0
6821	0
6822	0
6823	0
6824	0
6825	0
6826	0
6827	0
6828	0
6829	1
6830	0
6831	0
6832	0
6833	1
6834	0
6835	0
6836	0
6837	2
6838	1
6839	0
6840	0
6841	0
6842	0
6843	0
6844	0
6845	1
6846	1
6847	0
6848	0
6849	0
6850	0
6851	1
6852	1
6853	1
6854	0
6855	0
6856	0
6857	0
6858	0
6859	2
6860	1
6861	1
6862	0
6863	0
6864	0
6865	0
6866	1
6867	1
6868	0
6869	1
6870	0
6871	0
6872	0
6873	0
6874	0
6875	0
6876	0
6877	0
6878	0
6879	0
6880	0
6881	1
6882	0
6883	1
6884	0
6885	1
6886	0
6887	0
6888	0
6889	0
6890	2
6891	2
6892	0
6893	2
6894	0
6895	2
6896	0
6897	0
6898	0
6899	0
6900	0
6901	0
6902	0
6903	0
6904	0
6905	1
6906	1
6907	0
6908	0
6909	0
6910	2
6911	0
6912	0
6913	1
6914	0
6915	0
6916	0
6917	0
6918	0
6919	0
6920	0
6921	0
6922	0
6923	1
6924	0
6925	1
6926	0
6927	0
6928	1
6929	0
6930	0
6931	0
6932	0
6933	1
6934	0
6935	0
6936	0
6937	0
6938	0
6939	0
6940	1
6941	1
6942	0
6943	0
6944	1
6945	0
6946	0
6947	0
6948	0
6949	1
6950	1
6951	0
6952	0
6953	0
6954	0
6955	0
6956	0
6957	0
6958	0
6959	0
6960	0
6961	0
6962	0
6963	0
6964	0
6965	0
6966	0
6967	0
6968	1
6969	0
6970	0
6971	0
6972	0
6973	0
6974	0
6975	0
6976	0
6977	1
6978	1
6979	0
6980	0
6981	0
6982	0
6983	2
6984	0
6985	0
6986	0
6987	0
6988	0
6989	0
6990	2
6991	0
6992	0
6993	1
6994	0
6995	0
6996	0
6997	0
6998	0
6999	0
7000	0
7001	0
7002	0
7003	1
7004	0
7005	0
7006	0
7007	0
7008	1
7009	0
7010	0
7011	0
7012	0
7013	0
7014	0
7015	0
7016	0
7017	0
7018	0
7019	0
7020	0
7021	0
7022	0
7023	0
7024	1
7025	0
7026	0
7027	1
7028	0
7029	0
7030	0
7031	0
7032	0
7033	0
7034	0
7035	1
7036	0
7037	0
7038	0
7039	0
7040	0
7041	0
7042	0
7043	0
7044	0
7045	0
7046	0
7047	0
7048	0
7049	0
7050	1
7051	0
7052	0
7053	0
7054	0
7055	0
7056	0
7057	1
7058	0
7059	1
7060	0
7061	0
7062	0
7063	0
7064	1
7065	1
7066	0
7067	2
7068	0
7069	0
7070	0
7071	0
7072	0
7073	0
7074	0
7075	0
7076	1
7077	0
7078	0
7079	0
7080	0
7081	0
7082	0
7083	0
7084	0
7085	0
7086	0
7087	0
7088	0
7089	0
7090	0
7091	1
7092	0
7093	0
7094	0
7095	0
7096	0
7097	0
7098	0
7099	0
7100	0
7101	0
7102	0
7103	0
7104	0
7105	0
7106	0
7107	0
7108	0
7109	0
7110	0
7111	0
7112	0
7113	1
7114	0
7115	0
7116	0
7117	0
7118	1
7119	0
7120	0
7121	0
7122	0
7123	0
7124	0
7125	0
7126	0
7127	0
7128	0
7129	0
7130	0
7131	0
7132	1
7133	0
7134	0
7135	0
7136	0
7137	0
7138	0
7139	0
7140	0
7141	0
7142	0
7143	0
7144	0
7145	0
7146	0
7147	0
7148	0
7149	0
7150	0
7151	0
7152	0
7153	0
7154	0
7155	0
7156	0
7157	0
7158	1
7159	0
7160	0
7161	0
7162	0
7163	0
7164	1
7165	0
7166	0
7167	0
7168	0
7169	0
7170	0
7171	0
7172	0
7173	1
7174	1
7175	0
7176	0
7177	0
7178	0
7179	0
7180	0
7181	0
7182	0
7183	0
7184	0
7185	0
7186	0
7187	1
7188	0
7189	0
7190	0
7191	0
7192	0
7193	0
7194	0
7195	0
7196	0
7197	0
7198	0
7199	0
7200	0
7201	0
7202	0
7203	0
7204	0
7205	1
7206	0
7207	0
7208	0
7209	0
7210	0
7211	0
7212	0
7213	0
7214	0
7215	0
7216	0
7217	0
7218	0
7219	0
7220	0
7221	0
7222	0
7223	0
7224	0
7225	0
7226	0
7227	0
7228	0
7229	0
7230	0
7231	0
7232	0
7233	0
7234	0
7235	1
7236	0
7237	0
7238	0
7239	0
7240	0
7241	0
7242	0
7243	0
7244	0
7245	0
7246	0
7247	0
7248	0
7249	0
7250	0
7251	0
7252	1
7253	0
7254	0
7255	0
7256	0
7257	0
7258	0
7259	0
7260	0
7261	0
7262	0
7263	0
7264	0
7265	0
7266	0
7267	0
7268	0
7269	0
7270	1
7271	0
7272	0
7273	0
7274	0
7275	0
7276	0
7277	0
7278	0
7279	0
7280	1
7281	2
7282	0
7283	0
7284	0
7285	0
7286	0
7287	0
7288	0
7289	1
7290	0
7291	0
7292	0
7293	0
7294	0
7295	0
7296	0
7297	0
7298	0
7299	0
7300	0
7301	0
7302	0
7303	0
7304	0
7305	1
7306	0
7307	0
7308	0
7309	0
7310	0
7311	0
7312	0
7313	0
7314	0
7315	0
7316	0
7317	0
7318	0
7319	0
7320	0
7321	0
7322	0
7323	0
7324	0
7325	0
7326	1
7327	0
7328	0
7329	0
7330	0
7331	0
7332	0
7333	0
7334	0
7335	0
7336	0
7337	0
7338	0
7339	0
7340	0
7341	0
7342	0
7343	0
7344	0
7345	0
7346	0
7347	0
7348	0
7349	0
7350	0
7351	0
7352	0
7353	0
7354	0
7355	0
7356	0
7357	0
7358	0
7359	0
7360	0
7361	0
7362	0
7363	0
7364	0
7365	0
7366	1
7367	0
7368	0
7369	0
7370	0
7371	0
7372	0
7373	0
7374	0
7375	0
7376	1
7377	0
7378	0
7379	0
7380	0
7381	0
7382	0
7383	0
7384	0
7385	0
7386	1
7387	0
7388	0
7389	0
7390	0
7391	0
7392	0
7393	0
7394	0
7395	0
7396	0
7397	0
7398	0
7399	0
7400	0
7401	0
7402	0
7403	0
7404	0
7405	0
7406	0
7407	0
7408	0
7409	0
7410	0
7411	0
7412	0
7413	0
7414	0
7415	0
7416	0
7417	0
7418	0
7419	0
7420	0
7421	0
7422	0
7423	0
7424	0
7425	0
7426	1
7427	0
7428	0
7429	0
7430	0
7431	0
7432	0
7433	0
7434	0
7435	0
7436	0
7437	0
7438	0
7439	0
7440	0
7441	0
7442	0
7443	0
7444	0
7445	0
7446	0
7447	0
7448	0
7449	0
7450	0
7451	0
7452	0
7453	0
7454	0
7455	0
7456	0
7457	0
7458	0
7459	0
7460	0
7461	0
7462	0
7463	0
7464	0
7465	0
7466	0
7467	0
7468	0
7469	0
7470	0
7471	0
7472	0
7473	0
7474	0
7475	0
7476	0
7477	0
7478	0
7479	0
7480	0
7481	0
7482	0
7483	0
7484	0
7485	0
7486	1
7487	0
7488	0
7489	0
7490	1
7491	0
7492	0
7493	0
7494	0
7495	0
7496	1
7497	0
7498	0
7499	0
7500	0
7501	0
7502	1
7503	0
7504	0
7505	0
7506	0
7507	1
7508	0
7509	0
7510	0
7511	0
7512	0
7513	0
7514	0
7515	0
7516	0
7517	0
7518	0
7519	0
7520	1
7521	0
7522	0
7523	0
7524	0
7525	0
7526	0
7527	0
7528	0
7529	0
7530	0
7531	0
7532	0
7533	0
7534	0
7535	0
7536	0
7537	0
7538	0
7539	0
7540	0
7541	0
7542	0
7543	0
7544	0
7545	0
7546	0
7547	0
7548	0
7549	0
7550	0
7551	0
7552	0
7553	0
7554	0
7555	0
7556	0
7557	1
7558	0
7559	0
7560	1
7561	0
7562	0
7563	0
7564	0
7565	0
7566	1
7567	0
7568	0
7569	0
7570	0
7571	0
7572	0
7573	0
7574	0
7575	0
7576	0
7577	0
7578	0
7579	0
7580	0
7581	0
7582	1
7583	0
7584	0
7585	0
7586	0
7587	0
7588	0
7589	0
7590	0
7591	0
7592	0
7593	0
7594	0
7595	0
7596	0
7597	1
7598	0
7599	1
7600	0
7601	0
7602	0
7603	0
7604	0
7605	0
7606	0
7607	0
7608	0
7609	0
7610	0
7611	0
7612	0
7613	1
7614	0
7615	0
7616	0
7617	0
7618	0
7619	0
7620	1
7621	0
7622	0
7623	0
7624	0
7625	0
7626	0
7627	0
7628	0
7629	0
7630	0
7631	0
7632	0
7633	0
7634	0
7635	0
7636	0
7637	0
7638	0
7639	0
7640	0
7641	0
7642	1
7643	0
7644	0
7645	0
7646	0
7647	0
7648	0
7649	0
7650	0
7651	0
7652	0
7653	0
7654	0
7655	0
7656	0
7657	1
7658	0
7659	0
7660	0
7661	0
7662	1
7663	1
7664	0
7665	0
7666	0
7667	0
7668	0
7669	0
7670	0
7671	0
7672	0
7673	0
7674	0
7675	0
7676	0
7677	0
7678	0
7679	0
7680	0
7681	0
7682	0
7683	0
7684	0
7685	0
7686	0
7687	0
7688	0
7689	0
7690	1
7691	0
7692	1
7693	0
7694	0
7695	0
7696	0
7697	0
7698	0
7699	0
7700	1
7701	0
7702	0
7703	0
7704	0
7705	0
7706	0
7707	0
7708	0
7709	0
7710	0
7711	1
7712	0
7713	0
7714	0
7715	0
7716	0
7717	0
7718	0
7719	0
7720	0
7721	0
7722	0
7723	0
7724	0
7725	0
7726	0
7727	0
7728	0
7729	0
7730	0
7731	0
7732	0
7733	1
7734	0
7735	0
7736	0
7737	0
7738	0
7739	0
7740	0
7741	0
7742	0
7743	0
7744	0
7745	0
7746	0
7747	0
7748	0
7749	1
7750	1
7751	0
7752	0
7753	0
7754	0
7755	0
7756	0
7757	0
7758	0
7759	0
7760	2
7761	0
7762	1
7763	0
7764	0
7765	0
7766	0
7767	0
7768	0
7769	0
7770	0
7771	0
7772	0
7773	0
7774	0
7775	0
7776	0
7777	0
7778	0
7779	1
7780	0
7781	0
7782	0
7783	0
7784	0
7785	0
7786	0
7787	0
7788	0
7789	1
7790	1
7791	0
7792	0
7793	0
7794	0
7795	0
7796	0
7797	0
7798	0
7799	0
7800	0
7801	0
7802	0
7803	0
7804	0
7805	0
7806	1
7807	0
7808	0
7809	0
7810	0
7811	0
7812	0
7813	0
7814	0
7815	0
7816	0
7817	0
7818	0
7819	0
7820	0
7821	0
7822	0
7823	0
7824	0
7825	0
7826	0
7827	0
7828	0
7829	0
7830	0
7831	0
7832	0
7833	0
7834	0
7835	0
7836	0
7837	0
7838	0
7839	0
7840	0
7841	0
7842	0
7843	0
7844	0
7845	0
7846	0
7847	0
7848	0
7849	0
7850	0
7851	0
7852	0
7853	0
7854	0
7855	0
7856	0
7857	0
7858	0
7859	0
7860	0
7861	0
7862	0
7863	0
7864	0
7865	0
7866	0
7867	0
7868	0
7869	0
7870	0
7871	0
7872	0
7873	0
7874	0
7875	0
7876	0
7877	0
7878	0
7879	0
7880	0
7881	0
7882	0
7883	0
7884	0
7885	0
7886	0
7887	0
7888	0
7889	0
7890	0
7891	0
7892	0
7893	0
7894	0
7895	0
7896	0
7897	0
7898	0
7899	0
7900	0
7901	0
7902	0
7903	0
7904	0
7905	0
7906	0
7907	0
7908	0
7909	0
7910	0
7911	0
7912	0
7913	0
7914	0
7915	0
7916	0
7917	0
7918	0
7919	0
7920	0
7921	0
7922	0
7923	0
7924	0
7925	0
7926	0
7927	0
7928	0
7929	0
7930	0
7931	0
7932	0
7933	0
7934	0
7935	0
7936	0
7937	0
7938	0
7939	0
7940	0
7941	0
7942	0
7943	0
7944	0
7945	0
7946	0
7947	0
7948	0
7949	0
7950	0
7951	0
7952	0
7953	0
7954	0
7955	0
7956	0
7957	0
7958	0
7959	0
7960	0
7961	0
7962	0
7963	0
7964	0
7965	0
7966	0
7967	0
7968	0
7969	0
7970	0
7971	0
7972	0
7973	0
7974	0
7975	0
7976	0
7977	0
7978	0
7979	0
7980	0
7981	0
7982	0
7983	0
7984	0
7985	0
7986	0
7987	0
7988	0
7989	0
7990	0
7991	0
7992	0
7993	0
7994	0
7995	0
7996	0
7997	0
7998	0
7999	0
8000	0
8001	0
8002	0
8003	0
8004	0
8005	0
8006	0
8007	0
8008	0
8009	0
8010	0
8011	0
8012	0
8013	0
8014	0
8015	0
8016	0
8017	0
8018	0
8019	0
8020	0
8021	0
8022	0
8023	0
8024	0
8025	0
8026	0
8027	0
8028	0
8029	0
8030	0
8031	0
8032	0
8033	0
8034	0
8035	0
8036	0
8037	0
8038	0
8039	0
8040	0
8041	0
8042	0
8043	0
8044	0
8045	0
8046	0
8047	0
8048	0
8049	0
8050	0
8051	0
8052	0
8053	0
8054	0
8055	0
8056	0
8057	0
8058	0
8059	0
8060	0
8061	0
8062	0
8063	0
8064	0
8065	0
8066	0
8067	0
8068	0
8069	0
8070	0
8071	0
8072	0
8073	0
8074	0
8075	0
8076	0
8077	0
8078	0
8079	0
8080	0
8081	0
8082	0
8083	0
8084	0
8085	0
8086	0
8087	0
8088	0
8089	0
8090	0
8091	0
8092	0
8093	0
8094	0
8095	0
8096	0
8097	0
8098	0
8099	0
8100	0
8101	0
8102	0
8103	0
8104	0
8105	0
8106	0
8107	0
8108	0
8109	0
8110	0
8111	0
8112	0
8113	0
8114	0
8115	0
8116	0
8117	0
8118	0
8119	0
8120	0
8121	0
8122	0
8123	0
8124	0
8125	0
8126	0
8127	0
8128	0
8129	0
8130	0
8131	0
8132	0
8133	0
8134	0
8135	0
8136	0
8137	0
8138	0
8139	0
8140	0
8141	0
8142	0
8143	0
8144	0
8145	0
8146	0
8147	0
8148	0
8149	0
8150	0
8151	0
8152	0
8153	0
8154	0
8155	0
8156	0
8157	0
8158	0
8159	0
8160	0
8161	0
8162	0
8163	0
8164	0
8165	0
8166	0
8167	0
8168	0
8169	0
8170	0
8171	0
8172	0
8173	0
8174	0
8175	0
8176	0
8177	0
8178	0
8179	0
8180	0
8181	0
8182	0
8183	0
8184	0
8185	0
8186	0
8187	0
8188	0
8189	0
8190	0
8191	0
