0	0
1	0
2	0
3	0
4	0
5	0
6	0
7	0
8	0
9	0
10	0
11	0
12	0
13	0
14	0
15	0
16	0
17	0
18	0
19	0
20	0
21	0
22	0
23	0
24	0
25	0
26	0
27	0
28	0
29	0
30	0
31	0
32	0
33	0
34	1
35	1
36	0
37	3
38	1
39	2
40	1
41	2
42	0
43	1
44	0
45	1
46	1
47	0
48	3
49	0
50	0
51	0
52	0
53	1
54	0
55	2
56	0
57	2
58	2
59	2
60	0
61	2
62	2
63	0
64	2
65	1
66	0
67	2
68	2
69	2
70	2
71	3
72	0
73	1
74	2
75	1
76	1
77	1
78	2
79	0
80	1
81	0
82	1
83	0
84	2
85	2
86	1
87	1
88	1
89	2
90	0
91	3
92	0
93	0
94	2
95	0
96	0
97	2
98	4
99	2
100	1
101	2
102	0
103	1
104	3
105	0
106	1
107	1
108	2
109	3
110	3
111	1
112	0
113	1
114	2
115	3
116	1
117	2
118	2
119	1
120	2
121	3
122	2
123	3
124	0
125	2
126	0
127	1
128	1
129	3
130	1
131	2
132	4
133	1
134	3
135	3
136	3
137	0
138	0
139	4
140	1
141	0
142	1
143	1
144	1
145	3
146	3
147	0
148	0
149	2
150	0
151	2
152	1
153	1
154	2
155	1
156	1
157	0
158	0
159	0
160	4
161	3
162	0
163	0
164	1
165	1
166	1
167	3
168	0
169	0
170	2
171	4
172	0
173	0
174	2
175	2
176	1
177	1
178	3
179	3
180	3
181	1
182	0
183	4
184	1
185	0
186	0
187	1
188	1
189	2
190	0
191	0
192	1
193	0
194	2
195	0
196	1
197	1
198	1
199	3
200	0
201	3
202	0
203	1
204	0
205	2
206	2
207	0
208	1
209	3
210	2
211	1
212	3
213	2
214	1
215	0
216	1
217	1
218	1
219	0
220	0
221	0
222	3
223	2
224	1
225	0
226	3
227	1
228	1
229	3
230	2
231	4
232	3
233	0
234	1
235	1
236	2
237	5
238	1
239	0
240	1
241	2
242	3
243	1
244	3
245	3
246	0
247	2
248	4
249	1
250	3
251	1
252	3
253	0
254	1
255	1
256	2
257	3
258	2
259	2
260	3
261	1
262	3
263	5
264	2
265	2
266	2
267	6
268	7
269	3
270	5
271	3
272	1
273	1
274	2
275	2
276	4
277	6
278	3
279	2
280	3
281	1
282	3
283	4
284	0
285	2
286	3
287	2
288	2
289	3
290	2
291	3
292	2
293	2
294	1
295	2
296	6
297	2
298	2
299	2
300	3
301	5
302	6
303	2
304	0
305	4
306	2
307	2
308	4
309	5
310	2
311	2
312	1
313	3
314	5
315	1
316	0
317	4
318	4
319	2
320	2
321	7
322	4
323	3
324	3
325	2
326	4
327	5
328	2
329	4
330	5
331	2
332	3
333	5
334	6
335	3
336	4
337	6
338	3
339	4
340	2
341	1
342	3
343	5
344	3
345	1
346	6
347	2
348	9
349	4
350	3
351	2
352	5
353	3
354	3
355	2
356	3
357	8
358	2
359	2
360	4
361	3
362	8
363	8
364	2
365	0
366	2
367	5
368	3
369	2
370	2
371	4
372	3
373	1
374	2
375	4
376	0
377	6
378	2
379	6
380	2
381	4
382	0
383	1
384	1
385	3
386	3
387	4
388	2
389	3
390	1
391	2
392	4
393	2
394	6
395	6
396	6
397	1
398	3
399	4
400	2
401	3
402	1
403	2
404	4
405	3
406	2
407	3
408	2
409	1
410	7
411	3
412	2
413	3
414	5
415	2
416	3
417	4
418	3
419	2
420	4
421	3
422	1
423	3
424	3
425	4
426	4
427	5
428	6
429	9
430	1
431	3
432	4
433	3
434	4
435	5
436	1
437	3
438	3
439	2
440	3
441	3
442	0
443	3
444	1
445	5
446	1
447	1
448	2
449	1
450	1
451	3
452	3
453	1
454	4
455	2
456	1
457	3
458	4
459	3
460	2
461	2
462	5
463	1
464	4
465	4
466	5
467	3
468	5
469	4
470	3
471	1
472	2
473	1
474	1
475	2
476	5
477	0
478	5
479	1
480	4
481	4
482	2
483	0
484	2
485	5
486	2
487	2
488	1
489	4
490	2
491	2
492	2
493	3
494	2
495	2
496	6
497	5
498	2
499	4
500	0
501	0
502	3
503	6
504	3
505	3
506	4
507	2
508	4
509	1
510	5
511	3
512	4
513	1
514	1
515	3
516	2
517	3
518	2
519	2
520	1
521	5
522	3
523	3
524	1
525	1
526	5
527	6
528	2
529	1
530	6
531	1
532	2
533	3
534	4
535	5
536	4
537	4
538	2
539	4
540	7
541	2
542	1
543	2
544	3
545	3
546	4
547	5
548	5
549	5
550	4
551	0
552	5
553	7
554	5
555	2
556	4
557	5
558	3
559	1
560	0
561	3
562	4
563	3
564	7
565	5
566	2
567	6
568	1
569	3
570	1
571	6
572	0
573	8
574	5
575	4
576	1
577	1
578	4
579	3
580	4
581	3
582	1
583	2
584	2
585	4
586	1
587	3
588	7
589	0
590	1
591	5
592	5
593	6
594	1
595	1
596	6
597	3
598	2
599	2
600	0
601	4
602	4
603	8
604	1
605	1
606	2
607	3
608	6
609	6
610	2
611	0
612	5
613	6
614	2
615	2
616	5
617	1
618	4
619	4
620	5
621	2
622	3
623	3
624	5
625	7
626	4
627	5
628	4
629	6
630	3
631	5
632	5
633	5
634	2
635	3
636	1
637	4
638	5
639	5
640	7
641	5
642	7
643	3
644	5
645	4
646	1
647	1
648	4
649	4
650	4
651	6
652	2
653	4
654	5
655	4
656	3
657	8
658	4
659	4
660	4
661	5
662	4
663	6
664	3
665	3
666	4
667	5
668	5
669	5
670	4
671	3
672	0
673	2
674	3
675	1
676	5
677	4
678	3
679	5
680	4
681	6
682	2
683	4
684	5
685	4
686	6
687	6
688	4
689	3
690	6
691	3
692	5
693	5
694	4
695	2
696	6
697	2
698	1
699	6
700	5
701	6
702	2
703	6
704	5
705	3
706	1
707	6
708	3
709	3
710	3
711	2
712	8
713	7
714	5
715	3
716	4
717	5
718	8
719	5
720	2
721	4
722	2
723	4
724	5
725	3
726	10
727	3
728	5
729	4
730	4
731	7
732	5
733	7
734	5
735	7
736	2
737	4
738	4
739	2
740	6
741	4
742	1
743	2
744	9
745	1
746	2
747	7
748	7
749	4
750	3
751	3
752	4
753	8
754	7
755	1
756	3
757	7
758	3
759	4
760	3
761	7
762	3
763	3
764	3
765	4
766	5
767	4
768	4
769	3
770	5
771	3
772	2
773	2
774	4
775	2
776	5
777	5
778	4
779	3
780	1
781	7
782	5
783	9
784	4
785	5
786	6
787	5
788	4
789	5
790	4
791	3
792	6
793	3
794	6
795	1
796	4
797	8
798	10
799	1
800	5
801	5
802	2
803	3
804	6
805	1
806	9
807	5
808	4
809	1
810	0
811	6
812	6
813	4
814	4
815	9
816	6
817	4
818	5
819	7
820	7
821	2
822	5
823	6
824	6
825	8
826	4
827	2
828	3
829	9
830	3
831	8
832	7
833	4
834	8
835	1
836	7
837	0
838	3
839	6
840	3
841	5
842	6
843	2
844	4
845	3
846	6
847	6
848	6
849	5
850	3
851	3
852	2
853	5
854	5
855	5
856	3
857	4
858	1
859	5
860	7
861	6
862	5
863	3
864	5
865	4
866	6
867	7
868	9
869	1
870	3
871	6
872	2
873	8
874	1
875	6
876	3
877	7
878	3
879	8
880	10
881	7
882	5
883	3
884	6
885	4
886	8
887	6
888	2
889	4
890	5
891	8
892	9
893	5
894	7
895	5
896	6
897	1
898	4
899	6
900	2
901	6
902	3
903	8
904	7
905	3
906	6
907	9
908	6
909	7
910	4
911	1
912	9
913	3
914	7
915	4
916	7
917	12
918	7
919	5
920	4
921	5
922	6
923	4
924	7
925	5
926	3
927	2
928	6
929	5
930	5
931	3
932	6
933	3
934	8
935	5
936	5
937	7
938	11
939	7
940	4
941	4
942	2
943	6
944	3
945	6
946	6
947	7
948	5
949	4
950	5
951	6
952	6
953	6
954	10
955	6
956	4
957	1
958	6
959	5
960	5
961	2
962	3
963	3
964	8
965	5
966	10
967	8
968	8
969	4
970	4
971	9
972	5
973	3
974	3
975	10
976	4
977	7
978	7
979	3
980	6
981	2
982	2
983	6
984	9
985	8
986	12
987	8
988	4
989	6
990	9
991	3
992	3
993	3
994	5
995	1
996	4
997	14
998	5
999	8
1000	5
1001	6
1002	3
1003	4
1004	5
1005	4
1006	3
1007	3
1008	6
1009	11
1010	4
1011	4
1012	3
1013	4
1014	2
1015	8
1016	6
1017	9
1018	7
1019	5
1020	5
1021	7
1022	6
1023	3
1024	5
1025	4
1026	3
1027	6
1028	8
1029	7
1030	6
1031	5
1032	1
1033	2
1034	12
1035	7
1036	4
1037	4
1038	2
1039	4
1040	9
1041	5
1042	5
1043	9
1044	12
1045	3
1046	7
1047	3
1048	5
1049	7
1050	4
1051	10
1052	4
1053	3
1054	7
1055	9
1056	6
1057	5
1058	7
1059	8
1060	5
1061	7
1062	7
1063	6
1064	4
1065	7
1066	4
1067	9
1068	6
1069	5
1070	5
1071	0
1072	4
1073	5
1074	6
1075	8
1076	6
1077	6
1078	6
1079	4
1080	6
1081	6
1082	9
1083	7
1084	7
1085	2
1086	9
1087	4
1088	6
1089	6
1090	6
1091	5
1092	5
1093	8
1094	5
1095	7
1096	5
1097	8
1098	4
1099	5
1100	1
1101	3
1102	5
1103	4
1104	7
1105	9
1106	9
1107	8
1108	4
1109	2
1110	6
1111	4
1112	7
1113	5
1114	4
1115	2
1116	8
1117	5
1118	4
1119	5
1120	6
1121	7
1122	7
1123	10
1124	4
1125	6
1126	7
1127	3
1128	5
1129	4
1130	6
1131	8
1132	6
1133	8
1134	7
1135	7
1136	2
1137	6
1138	5
1139	2
1140	6
1141	9
1142	8
1143	3
1144	8
1145	5
1146	6
1147	6
1148	7
1149	7
1150	10
1151	7
1152	5
1153	7
1154	3
1155	8
1156	2
1157	5
1158	8
1159	5
1160	8
1161	4
1162	6
1163	6
1164	8
1165	6
1166	5
1167	6
1168	6
1169	7
1170	5
1171	8
1172	3
1173	7
1174	5
1175	4
1176	4
1177	6
1178	2
1179	3
1180	5
1181	1
1182	3
1183	5
1184	3
1185	1
1186	3
1187	6
1188	2
1189	9
1190	6
1191	6
1192	10
1193	12
1194	2
1195	5
1196	9
1197	9
1198	6
1199	6
1200	7
1201	5
1202	7
1203	7
1204	4
1205	4
1206	7
1207	7
1208	5
1209	10
1210	5
1211	5
1212	8
1213	5
1214	5
1215	5
1216	3
1217	7
1218	6
1219	5
1220	2
1221	6
1222	5
1223	9
1224	2
1225	3
1226	2
1227	4
1228	4
1229	6
1230	3
1231	5
1232	4
1233	6
1234	3
1235	7
1236	6
1237	6
1238	1
1239	4
1240	3
1241	6
1242	11
1243	7
1244	6
1245	5
1246	4
1247	6
1248	5
1249	6
1250	8
1251	6
1252	10
1253	10
1254	6
1255	2
1256	6
1257	5
1258	8
1259	6
1260	9
1261	6
1262	7
1263	6
1264	7
1265	2
1266	4
1267	9
1268	5
1269	8
1270	5
1271	5
1272	4
1273	8
1274	5
1275	4
1276	9
1277	1
1278	5
1279	3
1280	6
1281	3
1282	5
1283	8
1284	5
1285	6
1286	8
1287	7
1288	2
1289	5
1290	2
1291	8
1292	9
1293	6
1294	6
1295	6
1296	4
1297	6
1298	5
1299	6
1300	6
1301	3
1302	6
1303	4
1304	4
1305	7
1306	2
1307	9
1308	8
1309	7
1310	6
1311	7
1312	4
1313	4
1314	6
1315	2
1316	5
1317	10
1318	4
1319	10
1320	6
1321	4
1322	5
1323	5
1324	3
1325	5
1326	8
1327	4
1328	3
1329	6
1330	2
1331	3
1332	6
1333	6
1334	6
1335	6
1336	8
1337	7
1338	7
1339	9
1340	6
1341	3
1342	3
1343	6
1344	2
1345	6
1346	4
1347	3
1348	7
1349	4
1350	8
1351	6
1352	6
1353	3
1354	6
1355	6
1356	8
1357	3
1358	9
1359	7
1360	7
1361	7
1362	6
1363	5
1364	9
1365	4
1366	4
1367	4
1368	3
1369	2
1370	0
1371	7
1372	1
1373	6
1374	4
1375	3
1376	3
1377	4
1378	3
1379	7
1380	4
1381	4
1382	5
1383	10
1384	3
1385	6
1386	7
1387	8
1388	13
1389	6
1390	10
1391	9
1392	16
1393	3
1394	5
1395	7
1396	4
1397	6
1398	7
1399	4
1400	5
1401	4
1402	4
1403	5
1404	8
1405	7
1406	7
1407	3
1408	1
1409	4
1410	5
1411	7
1412	3
1413	5
1414	5
1415	5
1416	2
1417	3
1418	3
1419	7
1420	3
1421	6
1422	3
1423	5
1424	3
1425	6
1426	3
1427	8
1428	3
1429	10
1430	9
1431	5
1432	6
1433	6
1434	4
1435	1
1436	4
1437	7
1438	9
1439	6
1440	4
1441	5
1442	6
1443	7
1444	9
1445	5
1446	6
1447	7
1448	8
1449	5
1450	3
1451	7
1452	7
1453	5
1454	7
1455	1
1456	7
1457	4
1458	7
1459	4
1460	1
1461	11
1462	2
1463	5
1464	2
1465	6
1466	1
1467	8
1468	5
1469	2
1470	7
1471	3
1472	6
1473	6
1474	4
1475	5
1476	7
1477	11
1478	4
1479	0
1480	7
1481	6
1482	6
1483	5
1484	7
1485	4
1486	7
1487	7
1488	4
1489	6
1490	8
1491	7
1492	5
1493	2
1494	10
1495	5
1496	3
1497	3
1498	4
1499	8
1500	6
1501	2
1502	6
1503	3
1504	5
1505	3
1506	7
1507	3
1508	7
1509	5
1510	6
1511	6
1512	3
1513	5
1514	6
1515	6
1516	2
1517	5
1518	7
1519	5
1520	3
1521	5
1522	7
1523	3
1524	11
1525	8
1526	4
1527	5
1528	4
1529	4
1530	4
1531	5
1532	7
1533	5
1534	2
1535	7
1536	7
1537	6
1538	4
1539	5
1540	5
1541	7
1542	10
1543	7
1544	9
1545	5
1546	3
1547	5
1548	6
1549	5
1550	4
1551	7
1552	5
1553	7
1554	9
1555	2
1556	8
1557	3
1558	7
1559	6
1560	5
1561	6
1562	5
1563	5
1564	3
1565	7
1566	5
1567	4
1568	0
1569	5
1570	5
1571	6
1572	5
1573	6
1574	7
1575	3
1576	15
1577	6
1578	7
1579	3
1580	3
1581	10
1582	7
1583	4
1584	2
1585	4
1586	5
1587	6
1588	4
1589	3
1590	8
1591	7
1592	5
1593	6
1594	8
1595	7
1596	5
1597	2
1598	2
1599	3
1600	6
1601	7
1602	4
1603	8
1604	6
1605	7
1606	8
1607	9
1608	5
1609	9
1610	7
1611	6
1612	5
1613	1
1614	8
1615	3
1616	3
1617	6
1618	5
1619	1
1620	7
1621	9
1622	7
1623	2
1624	3
1625	8
1626	2
1627	4
1628	9
1629	4
1630	6
1631	1
1632	7
1633	5
1634	5
1635	6
1636	7
1637	7
1638	5
1639	6
1640	4
1641	5
1642	9
1643	9
1644	5
1645	5
1646	5
1647	3
1648	3
1649	11
1650	2
1651	3
1652	4
1653	5
1654	4
1655	7
1656	3
1657	4
1658	5
1659	3
1660	10
1661	7
1662	5
1663	2
1664	3
1665	3
1666	4
1667	11
1668	7
1669	7
1670	2
1671	6
1672	5
1673	9
1674	6
1675	5
1676	8
1677	4
1678	3
1679	4
1680	7
1681	5
1682	4
1683	1
1684	7
1685	3
1686	3
1687	4
1688	4
1689	6
1690	4
1691	3
1692	5
1693	9
1694	7
1695	2
1696	6
1697	4
1698	6
1699	2
1700	6
1701	4
1702	6
1703	9
1704	7
1705	5
1706	7
1707	7
1708	6
1709	3
1710	2
1711	4
1712	5
1713	3
1714	3
1715	8
1716	4
1717	2
1718	3
1719	2
1720	3
1721	5
1722	5
1723	11
1724	4
1725	4
1726	4
1727	2
1728	14
1729	6
1730	4
1731	3
1732	6
1733	3
1734	7
1735	0
1736	3
1737	5
1738	5
1739	7
1740	6
1741	7
1742	5
1743	4
1744	6
1745	4
1746	5
1747	2
1748	3
1749	4
1750	5
1751	6
1752	11
1753	6
1754	9
1755	3
1756	4
1757	6
1758	7
1759	6
1760	6
1761	4
1762	6
1763	6
1764	5
1765	2
1766	3
1767	5
1768	5
1769	1
1770	5
1771	6
1772	4
1773	8
1774	5
1775	4
1776	7
1777	5
1778	8
1779	5
1780	5
1781	6
1782	4
1783	7
1784	8
1785	4
1786	4
1787	11
1788	9
1789	6
1790	3
1791	6
1792	6
1793	4
1794	5
1795	3
1796	8
1797	4
1798	9
1799	6
1800	6
1801	6
1802	4
1803	5
1804	2
1805	6
1806	6
1807	5
1808	5
1809	3
1810	9
1811	3
1812	7
1813	8
1814	5
1815	7
1816	7
1817	7
1818	2
1819	4
1820	8
1821	5
1822	4
1823	11
1824	1
1825	8
1826	4
1827	1
1828	2
1829	8
1830	5
1831	5
1832	1
1833	3
1834	5
1835	5
1836	8
1837	5
1838	4
1839	4
1840	10
1841	6
1842	5
1843	9
1844	5
1845	6
1846	8
1847	7
1848	3
1849	2
1850	6
1851	0
1852	9
1853	9
1854	4
1855	10
1856	7
1857	1
1858	3
1859	2
1860	10
1861	4
1862	7
1863	1
1864	2
1865	5
1866	3
1867	6
1868	5
1869	2
1870	5
1871	5
1872	1
1873	4
1874	5
1875	9
1876	6
1877	5
1878	7
1879	6
1880	4
1881	2
1882	6
1883	3
1884	2
1885	5
1886	8
1887	3
1888	5
1889	5
1890	5
1891	8
1892	8
1893	5
1894	7
1895	8
1896	3
1897	3
1898	5
1899	7
1900	4
1901	4
1902	7
1903	8
1904	1
1905	8
1906	7
1907	8
1908	2
1909	5
1910	4
1911	4
1912	6
1913	4
1914	3
1915	5
1916	8
1917	6
1918	3
1919	11
1920	3
1921	5
1922	7
1923	3
1924	9
1925	4
1926	6
1927	6
1928	9
1929	5
1930	4
1931	2
1932	6
1933	5
1934	11
1935	4
1936	2
1937	6
1938	5
1939	7
1940	2
1941	5
1942	1
1943	6
1944	6
1945	1
1946	8
1947	6
1948	6
1949	4
1950	2
1951	6
1952	6
1953	7
1954	5
1955	8
1956	2
1957	7
1958	5
1959	6
1960	1
1961	5
1962	4
1963	6
1964	4
1965	3
1966	6
1967	8
1968	6
1969	5
1970	3
1971	7
1972	9
1973	8
1974	6
1975	6
1976	4
1977	6
1978	4
1979	2
1980	0
1981	6
1982	11
1983	6
1984	5
1985	5
1986	8
1987	2
1988	4
1989	3
1990	2
1991	3
1992	3
1993	4
1994	4
1995	2
1996	2
1997	1
1998	4
1999	3
2000	5
2001	6
2002	7
2003	7
2004	3
2005	3
2006	4
2007	6
2008	4
2009	2
2010	8
2011	2
2012	7
2013	3
2014	8
2015	7
2016	3
2017	8
2018	3
2019	8
2020	3
2021	3
2022	4
2023	0
2024	7
2025	5
2026	7
2027	10
2028	6
2029	7
2030	7
2031	4
2032	6
2033	4
2034	5
2035	2
2036	6
2037	2
2038	3
2039	5
2040	1
2041	6
2042	4
2043	5
2044	5
2045	3
2046	1
2047	7
2048	2
2049	6
2050	8
2051	8
2052	8
2053	5
2054	6
2055	5
2056	5
2057	3
2058	9
2059	2
2060	11
2061	4
2062	5
2063	7
2064	4
2065	4
2066	5
2067	5
2068	6
2069	5
2070	5
2071	2
2072	2
2073	7
2074	5
2075	3
2076	8
2077	4
2078	2
2079	7
2080	3
2081	5
2082	8
2083	5
2084	5
2085	4
2086	6
2087	6
2088	2
2089	5
2090	4
2091	5
2092	8
2093	3
2094	3
2095	4
2096	5
2097	3
2098	4
2099	5
2100	1
2101	1
2102	6
2103	9
2104	6
2105	6
2106	9
2107	3
2108	6
2109	3
2110	6
2111	7
2112	3
2113	7
2114	7
2115	6
2116	6
2117	7
2118	4
2119	7
2120	9
2121	8
2122	4
2123	1
2124	3
2125	7
2126	6
2127	6
2128	4
2129	6
2130	2
2131	9
2132	4
2133	9
2134	6
2135	7
2136	5
2137	10
2138	6
2139	3
2140	8
2141	6
2142	4
2143	6
2144	4
2145	7
2146	10
2147	9
2148	5
2149	5
2150	8
2151	6
2152	9
2153	6
2154	4
2155	5
2156	5
2157	7
2158	9
2159	9
2160	7
2161	9
2162	5
2163	4
2164	4
2165	7
2166	7
2167	7
2168	6
2169	6
2170	6
2171	4
2172	5
2173	8
2174	5
2175	2
2176	6
2177	5
2178	7
2179	5
2180	9
2181	5
2182	5
2183	4
2184	5
2185	2
2186	7
2187	4
2188	5
2189	11
2190	6
2191	1
2192	4
2193	6
2194	2
2195	3
2196	1
2197	4
2198	3
2199	8
2200	8
2201	8
2202	8
2203	1
2204	7
2205	6
2206	3
2207	9
2208	5
2209	7
2210	12
2211	11
2212	4
2213	4
2214	6
2215	5
2216	3
2217	6
2218	6
2219	11
2220	5
2221	7
2222	7
2223	6
2224	5
2225	4
2226	1
2227	7
2228	5
2229	6
2230	6
2231	12
2232	7
2233	9
2234	3
2235	6
2236	4
2237	3
2238	2
2239	7
2240	7
2241	6
2242	8
2243	8
2244	8
2245	7
2246	1
2247	7
2248	5
2249	5
2250	3
2251	8
2252	5
2253	6
2254	4
2255	8
2256	4
2257	6
2258	3
2259	3
2260	3
2261	9
2262	8
2263	11
2264	8
2265	6
2266	5
2267	4
2268	4
2269	3
2270	3
2271	11
2272	5
2273	6
2274	11
2275	8
2276	2
2277	7
2278	7
2279	6
2280	5
2281	7
2282	3
2283	8
2284	8
2285	8
2286	3
2287	3
2288	5
2289	6
2290	9
2291	5
2292	7
2293	6
2294	4
2295	12
2296	5
2297	7
2298	8
2299	6
2300	4
2301	4
2302	3
2303	4
2304	3
2305	5
2306	6
2307	5
2308	6
2309	6
2310	5
2311	7
2312	5
2313	12
2314	7
2315	8
2316	6
2317	6
2318	5
2319	5
2320	5
2321	6
2322	3
2323	5
2324	6
2325	5
2326	8
2327	6
2328	7
2329	6
2330	3
2331	4
2332	5
2333	6
2334	3
2335	7
2336	6
2337	3
2338	6
2339	6
2340	3
2341	3
2342	9
2343	2
2344	3
2345	4
2346	2
2347	5
2348	6
2349	6
2350	6
2351	5
2352	1
2353	5
2354	6
2355	2
2356	7
2357	4
2358	9
2359	4
2360	5
2361	6
2362	10
2363	9
2364	8
2365	5
2366	5
2367	8
2368	5
2369	4
2370	2
2371	9
2372	9
2373	5
2374	6
2375	9
2376	4
2377	10
2378	12
2379	2
2380	6
2381	7
2382	7
2383	3
2384	7
2385	8
2386	5
2387	4
2388	5
2389	3
2390	6
2391	5
2392	9
2393	8
2394	9
2395	5
2396	6
2397	4
2398	4
2399	7
2400	4
2401	7
2402	7
2403	3
2404	5
2405	4
2406	7
2407	8
2408	7
2409	8
2410	5
2411	4
2412	7
2413	6
2414	4
2415	12
2416	6
2417	6
2418	12
2419	4
2420	9
2421	8
2422	4
2423	5
2424	2
2425	7
2426	6
2427	8
2428	3
2429	4
2430	10
2431	6
2432	2
2433	8
2434	6
2435	8
2436	6
2437	7
2438	7
2439	5
2440	12
2441	3
2442	8
2443	8
2444	5
2445	4
2446	6
2447	8
2448	1
2449	4
2450	5
2451	5
2452	6
2453	7
2454	6
2455	1
2456	3
2457	4
2458	6
2459	2
2460	6
2461	2
2462	5
2463	6
2464	4
2465	9
2466	5
2467	7
2468	7
2469	8
2470	6
2471	3
2472	5
2473	3
2474	8
2475	1
2476	5
2477	2
2478	6
2479	8
2480	6
2481	3
2482	6
2483	4
2484	4
2485	5
2486	3
2487	4
2488	6
2489	7
2490	7
2491	2
2492	5
2493	7
2494	8
2495	5
2496	1
2497	3
2498	8
2499	3
2500	4
2501	1
2502	4
2503	2
2504	9
2505	4
2506	3
2507	9
2508	3
2509	5
2510	8
2511	4
2512	9
2513	6
2514	6
2515	13
2516	6
2517	7
2518	4
2519	7
2520	3
2521	7
2522	6
2523	6
2524	6
2525	5
2526	6
2527	1
2528	8
2529	7
2530	7
2531	8
2532	0
2533	6
2534	7
2535	10
2536	4
2537	5
2538	6
2539	8
2540	4
2541	1
2542	1
2543	6
2544	8
2545	7
2546	3
2547	13
2548	6
2549	6
2550	3
2551	5
2552	5
2553	6
2554	7
2555	5
2556	10
2557	2
2558	3
2559	7
2560	0
2561	3
2562	5
2563	3
2564	6
2565	8
2566	4
2567	4
2568	8
2569	7
2570	4
2571	7
2572	6
2573	7
2574	6
2575	10
2576	7
2577	10
2578	3
2579	5
2580	5
2581	4
2582	6
2583	6
2584	0
2585	7
2586	9
2587	3
2588	6
2589	11
2590	6
2591	4
2592	5
2593	2
2594	5
2595	3
2596	2
2597	10
2598	4
2599	8
2600	6
2601	4
2602	7
2603	5
2604	3
2605	7
2606	5
2607	6
2608	5
2609	3
2610	4
2611	5
2612	3
2613	2
2614	7
2615	2
2616	6
2617	3
2618	7
2619	4
2620	5
2621	4
2622	3
2623	8
2624	3
2625	8
2626	6
2627	2
2628	1
2629	6
2630	6
2631	6
2632	4
2633	4
2634	2
2635	5
2636	5
2637	4
2638	7
2639	3
2640	6
2641	6
2642	6
2643	5
2644	9
2645	7
2646	8
2647	2
2648	5
2649	2
2650	2
2651	2
2652	6
2653	6
2654	5
2655	6
2656	3
2657	5
2658	5
2659	3
2660	5
2661	4
2662	7
2663	7
2664	4
2665	7
2666	6
2667	4
2668	7
2669	6
2670	3
2671	7
2672	6
2673	6
2674	3
2675	5
2676	3
2677	3
2678	3
2679	4
2680	8
2681	7
2682	7
2683	6
2684	5
2685	3
2686	7
2687	6
2688	7
2689	6
2690	4
2691	5
2692	5
2693	6
2694	4
2695	6
2696	3
2697	0
2698	3
2699	9
2700	5
2701	4
2702	5
2703	2
2704	6
2705	4
2706	4
2707	2
2708	5
2709	2
2710	6
2711	5
2712	3
2713	6
2714	2
2715	7
2716	2
2717	7
2718	6
2719	2
2720	9
2721	3
2722	9
2723	9
2724	9
2725	7
2726	5
2727	5
2728	6
2729	6
2730	3
2731	6
2732	1
2733	3
2734	7
2735	6
2736	3
2737	5
2738	4
2739	2
2740	6
2741	6
2742	6
2743	3
2744	5
2745	4
2746	5
2747	6
2748	1
2749	7
2750	7
2751	5
2752	4
2753	6
2754	6
2755	6
2756	3
2757	7
2758	2
2759	4
2760	3
2761	4
2762	1
2763	4
2764	6
2765	2
2766	6
2767	3
2768	4
2769	4
2770	1
2771	5
2772	5
2773	6
2774	3
2775	5
2776	3
2777	6
2778	10
2779	2
2780	4
2781	5
2782	5
2783	9
2784	6
2785	6
2786	3
2787	4
2788	5
2789	2
2790	4
2791	7
2792	3
2793	1
2794	6
2795	3
2796	7
2797	4
2798	5
2799	8
2800	6
2801	3
2802	4
2803	5
2804	3
2805	3
2806	8
2807	2
2808	8
2809	4
2810	7
2811	6
2812	7
2813	3
2814	5
2815	5
2816	1
2817	4
2818	8
2819	5
2820	6
2821	4
2822	3
2823	1
2824	6
2825	4
2826	7
2827	6
2828	2
2829	5
2830	4
2831	3
2832	6
2833	7
2834	4
2835	4
2836	4
2837	4
2838	7
2839	6
2840	8
2841	4
2842	4
2843	4
2844	7
2845	2
2846	0
2847	4
2848	8
2849	3
2850	7
2851	3
2852	2
2853	4
2854	6
2855	1
2856	5
2857	4
2858	7
2859	5
2860	2
2861	6
2862	8
2863	8
2864	7
2865	4
2866	3
2867	1
2868	0
2869	4
2870	5
2871	2
2872	3
2873	10
2874	6
2875	5
2876	5
2877	6
2878	3
2879	2
2880	8
2881	5
2882	5
2883	4
2884	3
2885	5
2886	6
2887	2
2888	6
2889	3
2890	5
2891	1
2892	4
2893	3
2894	6
2895	5
2896	4
2897	6
2898	5
2899	7
2900	6
2901	2
2902	4
2903	3
2904	3
2905	2
2906	6
2907	4
2908	6
2909	4
2910	8
2911	1
2912	2
2913	5
2914	6
2915	5
2916	3
2917	4
2918	3
2919	4
2920	4
2921	4
2922	7
2923	3
2924	8
2925	7
2926	4
2927	4
2928	3
2929	5
2930	8
2931	2
2932	5
2933	1
2934	3
2935	4
2936	4
2937	1
2938	5
2939	2
2940	3
2941	7
2942	4
2943	11
2944	5
2945	6
2946	6
2947	6
2948	8
2949	4
2950	5
2951	2
2952	9
2953	8
2954	1
2955	2
2956	5
2957	5
2958	7
2959	3
2960	4
2961	10
2962	6
2963	6
2964	4
2965	4
2966	5
2967	7
2968	4
2969	5
2970	4
2971	2
2972	4
2973	4
2974	3
2975	5
2976	13
2977	1
2978	3
2979	2
2980	6
2981	6
2982	5
2983	5
2984	3
2985	8
2986	6
2987	2
2988	5
2989	7
2990	5
2991	6
2992	6
2993	4
2994	3
2995	2
2996	5
2997	6
2998	3
2999	5
3000	2
3001	6
3002	2
3003	3
3004	4
3005	2
3006	1
3007	3
3008	6
3009	5
3010	5
3011	7
3012	3
3013	5
3014	7
3015	7
3016	3
3017	7
3018	4
3019	3
3020	2
3021	4
3022	2
3023	5
3024	6
3025	8
3026	5
3027	3
3028	2
3029	4
3030	3
3031	5
3032	4
3033	3
3034	3
3035	3
3036	3
3037	7
3038	5
3039	1
3040	5
3041	5
3042	2
3043	4
3044	2
3045	3
3046	6
3047	5
3048	5
3049	4
3050	4
3051	5
3052	8
3053	4
3054	4
3055	5
3056	4
3057	1
3058	5
3059	5
3060	4
3061	4
3062	6
3063	4
3064	4
3065	2
3066	9
3067	6
3068	2
3069	3
3070	2
3071	6
3072	6
3073	2
3074	7
3075	1
3076	3
3077	2
3078	5
3079	3
3080	5
3081	3
3082	6
3083	7
3084	7
3085	7
3086	2
3087	6
3088	1
3089	3
3090	0
3091	4
3092	6
3093	2
3094	3
3095	4
3096	8
3097	6
3098	3
3099	7
3100	4
3101	7
3102	0
3103	2
3104	2
3105	6
3106	6
3107	6
3108	0
3109	6
3110	4
3111	5
3112	6
3113	3
3114	3
3115	7
3116	2
3117	5
3118	4
3119	6
3120	2
3121	4
3122	1
3123	8
3124	6
3125	2
3126	1
3127	3
3128	3
3129	0
3130	7
3131	1
3132	10
3133	7
3134	11
3135	3
3136	8
3137	3
3138	2
3139	3
3140	2
3141	3
3142	8
3143	3
3144	5
3145	9
3146	5
3147	4
3148	5
3149	4
3150	3
3151	5
3152	5
3153	3
3154	3
3155	4
3156	2
3157	3
3158	10
3159	4
3160	8
3161	3
3162	4
3163	6
3164	6
3165	2
3166	4
3167	4
3168	7
3169	6
3170	2
3171	5
3172	2
3173	6
3174	4
3175	1
3176	8
3177	3
3178	6
3179	3
3180	1
3181	3
3182	1
3183	5
3184	4
3185	7
3186	4
3187	2
3188	3
3189	2
3190	3
3191	0
3192	2
3193	4
3194	4
3195	6
3196	3
3197	6
3198	2
3199	4
3200	10
3201	2
3202	3
3203	6
3204	2
3205	7
3206	7
3207	5
3208	1
3209	4
3210	3
3211	3
3212	4
3213	3
3214	5
3215	3
3216	9
3217	5
3218	2
3219	4
3220	6
3221	4
3222	3
3223	7
3224	6
3225	5
3226	1
3227	4
3228	4
3229	4
3230	5
3231	1
3232	1
3233	8
3234	3
3235	3
3236	0
3237	3
3238	3
3239	1
3240	4
3241	4
3242	3
3243	3
3244	4
3245	7
3246	4
3247	4
3248	4
3249	4
3250	6
3251	2
3252	3
3253	3
3254	7
3255	3
3256	5
3257	3
3258	5
3259	6
3260	3
3261	1
3262	3
3263	2
3264	3
3265	2
3266	3
3267	2
3268	4
3269	1
3270	3
3271	3
3272	4
3273	5
3274	8
3275	3
3276	3
3277	3
3278	3
3279	4
3280	2
3281	4
3282	2
3283	5
3284	4
3285	4
3286	3
3287	8
3288	3
3289	1
3290	3
3291	1
3292	5
3293	2
3294	7
3295	3
3296	7
3297	6
3298	4
3299	5
3300	5
3301	4
3302	2
3303	3
3304	8
3305	5
3306	4
3307	3
3308	2
3309	7
3310	4
3311	1
3312	5
3313	1
3314	2
3315	1
3316	0
3317	7
3318	4
3319	3
3320	3
3321	2
3322	7
3323	4
3324	2
3325	2
3326	2
3327	1
3328	4
3329	3
3330	4
3331	5
3332	5
3333	3
3334	6
3335	8
3336	2
3337	5
3338	8
3339	1
3340	0
3341	3
3342	3
3343	5
3344	1
3345	7
3346	3
3347	3
3348	5
3349	3
3350	7
3351	3
3352	2
3353	4
3354	4
3355	1
3356	1
3357	7
3358	2
3359	1
3360	7
3361	2
3362	2
3363	2
3364	6
3365	5
3366	1
3367	1
3368	5
3369	4
3370	3
3371	5
3372	5
3373	8
3374	0
3375	2
3376	2
3377	0
3378	5
3379	3
3380	4
3381	2
3382	3
3383	2
3384	5
3385	2
3386	1
3387	3
3388	4
3389	2
3390	4
3391	2
3392	1
3393	6
3394	1
3395	6
3396	2
3397	10
3398	5
3399	1
3400	3
3401	5
3402	3
3403	2
3404	3
3405	5
3406	3
3407	7
3408	2
3409	10
3410	1
3411	4
3412	3
3413	5
3414	7
3415	9
3416	3
3417	2
3418	8
3419	2
3420	2
3421	2
3422	2
3423	4
3424	6
3425	2
3426	1
3427	0
3428	2
3429	1
3430	2
3431	2
3432	4
3433	3
3434	5
3435	2
3436	1
3437	0
3438	2
3439	3
3440	0
3441	4
3442	3
3443	2
3444	3
3445	6
3446	8
3447	3
3448	2
3449	5
3450	4
3451	1
3452	0
3453	7
3454	2
3455	8
3456	2
3457	4
3458	5
3459	4
3460	2
3461	4
3462	2
3463	5
3464	2
3465	4
3466	3
3467	3
3468	1
3469	2
3470	3
3471	6
3472	0
3473	5
3474	6
3475	5
3476	4
3477	2
3478	5
3479	5
3480	2
3481	3
3482	2
3483	4
3484	3
3485	0
3486	1
3487	3
3488	4
3489	2
3490	3
3491	6
3492	3
3493	6
3494	5
3495	4
3496	4
3497	4
3498	3
3499	1
3500	0
3501	5
3502	5
3503	4
3504	3
3505	4
3506	6
3507	3
3508	2
3509	4
3510	2
3511	2
3512	7
3513	2
3514	5
3515	6
3516	1
3517	3
3518	0
3519	3
3520	5
3521	3
3522	6
3523	3
3524	1
3525	3
3526	3
3527	4
3528	5
3529	2
3530	2
3531	2
3532	4
3533	1
3534	6
3535	2
3536	3
3537	4
3538	2
3539	5
3540	4
3541	3
3542	2
3543	1
3544	2
3545	4
3546	2
3547	8
3548	5
3549	2
3550	2
3551	5
3552	2
3553	4
3554	6
3555	6
3556	4
3557	5
3558	1
3559	6
3560	2
3561	2
3562	5
3563	5
3564	6
3565	5
3566	2
3567	6
3568	5
3569	3
3570	3
3571	9
3572	5
3573	3
3574	1
3575	1
3576	4
3577	2
3578	4
3579	2
3580	2
3581	3
3582	4
3583	4
3584	1
3585	0
3586	5
3587	5
3588	2
3589	6
3590	4
3591	3
3592	1
3593	1
3594	2
3595	1
3596	3
3597	2
3598	6
3599	6
3600	3
3601	1
3602	1
3603	4
3604	4
3605	1
3606	4
3607	3
3608	1
3609	1
3610	2
3611	3
3612	2
3613	2
3614	4
3615	4
3616	2
3617	3
3618	2
3619	3
3620	1
3621	5
3622	5
3623	6
3624	4
3625	4
3626	5
3627	3
3628	5
3629	4
3630	5
3631	2
3632	11
3633	1
3634	3
3635	2
3636	8
3637	2
3638	3
3639	3
3640	7
3641	3
3642	2
3643	2
3644	1
3645	6
3646	2
3647	3
3648	3
3649	7
3650	2
3651	2
3652	4
3653	2
3654	5
3655	2
3656	5
3657	6
3658	4
3659	6
3660	5
3661	3
3662	4
3663	3
3664	2
3665	2
3666	2
3667	6
3668	2
3669	4
3670	2
3671	7
3672	3
3673	4
3674	3
3675	3
3676	2
3677	3
3678	2
3679	3
3680	4
3681	4
3682	5
3683	6
3684	2
3685	5
3686	10
3687	5
3688	4
3689	6
3690	3
3691	5
3692	5
3693	1
3694	2
3695	4
3696	4
3697	2
3698	5
3699	7
3700	2
3701	3
3702	5
3703	1
3704	2
3705	4
3706	4
3707	6
3708	3
3709	6
3710	4
3711	7
3712	4
3713	5
3714	7
3715	2
3716	4
3717	2
3718	3
3719	1
3720	3
3721	4
3722	3
3723	3
3724	6
3725	2
3726	2
3727	2
3728	2
3729	0
3730	4
3731	4
3732	0
3733	7
3734	4
3735	4
3736	4
3737	4
3738	6
3739	2
3740	2
3741	3
3742	7
3743	3
3744	4
3745	2
3746	1
3747	4
3748	4
3749	1
3750	2
3751	2
3752	3
3753	4
3754	2
3755	5
3756	6
3757	2
3758	2
3759	3
3760	4
3761	3
3762	3
3763	6
3764	3
3765	4
3766	4
3767	3
3768	3
3769	4
3770	3
3771	4
3772	2
3773	3
3774	3
3775	4
3776	2
3777	5
3778	1
3779	1
3780	2
3781	3
3782	4
3783	1
3784	3
3785	6
3786	3
3787	3
3788	2
3789	2
3790	2
3791	3
3792	3
3793	5
3794	4
3795	1
3796	2
3797	4
3798	3
3799	5
3800	3
3801	3
3802	2
3803	3
3804	4
3805	2
3806	2
3807	3
3808	0
3809	5
3810	3
3811	6
3812	3
3813	6
3814	0
3815	3
3816	5
3817	7
3818	5
3819	5
3820	4
3821	3
3822	4
3823	9
3824	9
3825	6
3826	4
3827	6
3828	11
3829	11
3830	11
3831	6
3832	8
3833	9
3834	7
3835	7
3836	7
3837	6
3838	7
3839	13
3840	8
3841	7
3842	6
3843	7
3844	8
3845	8
3846	6
3847	6
3848	8
3849	7
3850	4
3851	4
3852	5
3853	9
3854	9
3855	5
3856	7
3857	8
3858	8
3859	6
3860	11
3861	8
3862	6
3863	4
3864	6
3865	8
3866	11
3867	7
3868	7
3869	7
3870	6
3871	10
3872	4
3873	1
3874	7
3875	5
3876	4
3877	7
3878	8
3879	5
3880	8
3881	9
3882	16
3883	6
3884	11
3885	4
3886	10
3887	7
3888	8
3889	7
3890	6
3891	8
3892	6
3893	8
3894	2
3895	7
3896	10
3897	5
3898	7
3899	13
3900	12
3901	5
3902	2
3903	6
3904	8
3905	7
3906	3
3907	6
3908	8
3909	5
3910	5
3911	3
3912	7
3913	9
3914	5
3915	12
3916	7
3917	9
3918	9
3919	5
3920	10
3921	13
3922	5
3923	7
3924	8
3925	8
3926	15
3927	6
3928	4
3929	9
3930	8
3931	7
3932	12
3933	7
3934	1
3935	11
3936	9
3937	4
3938	6
3939	8
3940	9
3941	5
3942	9
3943	4
3944	7
3945	4
3946	8
3947	6
3948	9
3949	8
3950	6
3951	8
3952	6
3953	5
3954	11
3955	8
3956	6
3957	4
3958	8
3959	5
3960	5
3961	9
3962	6
3963	10
3964	5
3965	5
3966	9
3967	5
3968	2
3969	4
3970	7
3971	8
3972	8
3973	5
3974	7
3975	5
3976	2
3977	6
3978	9
3979	6
3980	11
3981	8
3982	7
3983	6
3984	9
3985	4
3986	4
3987	6
3988	7
3989	6
3990	9
3991	5
3992	6
3993	4
3994	9
3995	7
3996	11
3997	7
3998	4
3999	11
4000	9
4001	7
4002	6
4003	6
4004	7
4005	10
4006	7
4007	4
4008	12
4009	1
4010	8
4011	9
4012	5
4013	5
4014	6
4015	12
4016	8
4017	4
4018	7
4019	5
4020	8
4021	3
4022	6
4023	4
4024	11
4025	6
4026	9
4027	5
4028	3
4029	11
4030	4
4031	7
4032	11
4033	4
4034	6
4035	3
4036	6
4037	9
4038	4
4039	8
4040	10
4041	6
4042	5
4043	13
4044	10
4045	5
4046	5
4047	9
4048	11
4049	6
4050	12
4051	4
4052	10
4053	3
4054	8
4055	7
4056	2
4057	8
4058	8
4059	8
4060	1
4061	7
4062	4
4063	5
4064	5
4065	8
4066	8
4067	9
4068	10
4069	7
4070	6
4071	10
4072	6
4073	6
4074	4
4075	7
4076	10
4077	3
4078	9
4079	9
4080	5
4081	6
4082	11
4083	7
4084	5
4085	11
4086	8
4087	2
4088	7
4089	6
4090	8
4091	10
4092	6
4093	6
4094	7
4095	12
4096	4
4097	4
4098	7
4099	7
4100	3
4101	5
4102	0
4103	6
4104	5
4105	7
4106	7
4107	8
4108	2
4109	4
4110	3
4111	3
4112	2
4113	5
4114	7
4115	4
4116	6
4117	4
4118	2
4119	4
4120	5
4121	6
4122	9
4123	8
4124	6
4125	6
4126	13
4127	4
4128	7
4129	5
4130	4
4131	6
4132	3
4133	6
4134	6
4135	7
4136	5
4137	3
4138	7
4139	6
4140	5
4141	8
4142	10
4143	3
4144	8
4145	4
4146	9
4147	7
4148	6
4149	9
4150	6
4151	6
4152	5
4153	4
4154	7
4155	5
4156	3
4157	5
4158	3
4159	9
4160	7
4161	6
4162	3
4163	5
4164	3
4165	5
4166	5
4167	8
4168	4
4169	9
4170	7
4171	5
4172	7
4173	10
4174	6
4175	8
4176	2
4177	7
4178	4
4179	9
4180	5
4181	5
4182	4
4183	15
4184	5
4185	5
4186	3
4187	3
4188	5
4189	5
4190	4
4191	7
4192	8
4193	7
4194	7
4195	8
4196	9
4197	10
4198	4
4199	7
4200	4
4201	5
4202	1
4203	9
4204	6
4205	6
4206	7
4207	8
4208	5
4209	4
4210	3
4211	5
4212	7
4213	7
4214	7
4215	4
4216	4
4217	7
4218	5
4219	7
4220	8
4221	5
4222	5
4223	6
4224	7
4225	4
4226	7
4227	7
4228	7
4229	9
4230	5
4231	7
4232	7
4233	8
4234	3
4235	3
4236	10
4237	10
4238	4
4239	3
4240	11
4241	1
4242	4
4243	10
4244	5
4245	7
4246	6
4247	5
4248	8
4249	5
4250	9
4251	4
4252	9
4253	4
4254	4
4255	6
4256	0
4257	2
4258	5
4259	7
4260	3
4261	5
4262	4
4263	7
4264	6
4265	3
4266	7
4267	9
4268	9
4269	7
4270	7
4271	5
4272	5
4273	6
4274	4
4275	7
4276	6
4277	5
4278	4
4279	2
4280	5
4281	6
4282	9
4283	6
4284	3
4285	5
4286	4
4287	10
4288	7
4289	4
4290	6
4291	5
4292	3
4293	7
4294	5
4295	3
4296	6
4297	13
4298	7
4299	3
4300	3
4301	10
4302	6
4303	7
4304	10
4305	3
4306	9
4307	1
4308	7
4309	9
4310	4
4311	8
4312	6
4313	6
4314	4
4315	4
4316	5
4317	3
4318	6
4319	9
4320	5
4321	6
4322	2
4323	4
4324	6
4325	1
4326	10
4327	2
4328	3
4329	8
4330	5
4331	5
4332	7
4333	11
4334	6
4335	4
4336	6
4337	7
4338	7
4339	3
4340	9
4341	3
4342	2
4343	4
4344	4
4345	4
4346	1
4347	6
4348	3
4349	10
4350	4
4351	3
4352	4
4353	3
4354	8
4355	3
4356	3
4357	5
4358	2
4359	11
4360	5
4361	6
4362	5
4363	2
4364	3
4365	7
4366	3
4367	6
4368	3
4369	7
4370	8
4371	3
4372	5
4373	6
4374	4
4375	4
4376	4
4377	8
4378	4
4379	4
4380	7
4381	3
4382	5
4383	5
4384	5
4385	4
4386	2
4387	5
4388	5
4389	9
4390	7
4391	4
4392	4
4393	6
4394	3
4395	5
4396	7
4397	10
4398	3
4399	1
4400	4
4401	4
4402	7
4403	5
4404	6
4405	4
4406	6
4407	3
4408	3
4409	3
4410	7
4411	2
4412	4
4413	3
4414	4
4415	10
4416	3
4417	5
4418	6
4419	10
4420	3
4421	3
4422	3
4423	3
4424	6
4425	3
4426	3
4427	3
4428	5
4429	6
4430	9
4431	2
4432	4
4433	3
4434	8
4435	5
4436	8
4437	3
4438	9
4439	11
4440	5
4441	5
4442	2
4443	6
4444	7
4445	1
4446	6
4447	4
4448	4
4449	1
4450	3
4451	4
4452	11
4453	5
4454	4
4455	7
4456	7
4457	7
4458	1
4459	4
4460	3
4461	8
4462	8
4463	2
4464	7
4465	1
4466	2
4467	6
4468	5
4469	5
4470	4
4471	0
4472	8
4473	6
4474	2
4475	1
4476	3
4477	5
4478	2
4479	4
4480	9
4481	2
4482	5
4483	6
4484	8
4485	4
4486	4
4487	6
4488	4
4489	6
4490	3
4491	5
4492	1
4493	8
4494	3
4495	4
4496	5
4497	4
4498	4
4499	5
4500	5
4501	7
4502	7
4503	7
4504	9
4505	6
4506	5
4507	2
4508	3
4509	4
4510	3
4511	3
4512	4
4513	2
4514	9
4515	4
4516	5
4517	3
4518	5
4519	5
4520	7
4521	4
4522	6
4523	12
4524	3
4525	1
4526	4
4527	3
4528	5
4529	2
4530	4
4531	5
4532	1
4533	5
4534	3
4535	3
4536	4
4537	2
4538	7
4539	3
4540	3
4541	5
4542	8
4543	2
4544	1
4545	2
4546	5
4547	5
4548	6
4549	4
4550	3
4551	7
4552	2
4553	1
4554	4
4555	9
4556	3
4557	5
4558	5
4559	4
4560	4
4561	2
4562	2
4563	6
4564	5
4565	1
4566	7
4567	7
4568	2
4569	4
4570	7
4571	3
4572	4
4573	5
4574	7
4575	8
4576	2
4577	5
4578	5
4579	4
4580	4
4581	2
4582	7
4583	5
4584	3
4585	6
4586	1
4587	3
4588	3
4589	1
4590	3
4591	1
4592	4
4593	3
4594	5
4595	3
4596	2
4597	4
4598	4
4599	3
4600	4
4601	2
4602	4
4603	6
4604	4
4605	4
4606	1
4607	4
4608	2
4609	5
4610	5
4611	4
4612	2
4613	6
4614	5
4615	2
4616	1
4617	9
4618	5
4619	5
4620	4
4621	10
4622	4
4623	4
4624	4
4625	7
4626	7
4627	2
4628	7
4629	7
4630	7
4631	4
4632	5
4633	6
4634	4
4635	2
4636	1
4637	9
4638	4
4639	3
4640	3
4641	4
4642	0
4643	1
4644	2
4645	2
4646	4
4647	5
4648	6
4649	3
4650	3
4651	4
4652	2
4653	8
4654	3
4655	3
4656	0
4657	3
4658	7
4659	2
4660	3
4661	6
4662	4
4663	4
4664	3
4665	2
4666	4
4667	7
4668	4
4669	4
4670	1
4671	5
4672	2
4673	3
4674	4
4675	5
4676	4
4677	1
4678	7
4679	3
4680	7
4681	3
4682	4
4683	2
4684	1
4685	3
4686	2
4687	5
4688	3
4689	3
4690	4
4691	5
4692	3
4693	2
4694	4
4695	2
4696	6
4697	5
4698	4
4699	5
4700	5
4701	9
4702	3
4703	1
4704	2
4705	3
4706	3
4707	3
4708	3
4709	5
4710	1
4711	2
4712	0
4713	5
4714	4
4715	5
4716	3
4717	4
4718	5
4719	8
4720	2
4721	1
4722	1
4723	4
4724	3
4725	2
4726	2
4727	2
4728	5
4729	6
4730	2
4731	1
4732	1
4733	8
4734	3
4735	3
4736	4
4737	1
4738	4
4739	3
4740	5
4741	4
4742	4
4743	3
4744	5
4745	6
4746	1
4747	2
4748	5
4749	4
4750	6
4751	3
4752	0
4753	0
4754	1
4755	2
4756	6
4757	6
4758	3
4759	2
4760	6
4761	4
4762	1
4763	4
4764	4
4765	1
4766	3
4767	3
4768	6
4769	4
4770	0
4771	3
4772	3
4773	4
4774	3
4775	7
4776	2
4777	1
4778	2
4779	5
4780	4
4781	5
4782	4
4783	5
4784	2
4785	4
4786	4
4787	0
4788	2
4789	3
4790	6
4791	2
4792	6
4793	6
4794	4
4795	5
4796	3
4797	1
4798	5
4799	1
4800	4
4801	6
4802	6
4803	6
4804	0
4805	2
4806	5
4807	1
4808	2
4809	5
4810	7
4811	2
4812	4
4813	1
4814	4
4815	4
4816	5
4817	1
4818	1
4819	2
4820	2
4821	1
4822	1
4823	4
4824	1
4825	2
4826	5
4827	4
4828	3
4829	6
4830	3
4831	3
4832	4
4833	4
4834	3
4835	2
4836	4
4837	2
4838	3
4839	6
4840	5
4841	2
4842	2
4843	2
4844	4
4845	3
4846	3
4847	4
4848	4
4849	0
4850	7
4851	2
4852	3
4853	2
4854	3
4855	4
4856	3
4857	6
4858	4
4859	3
4860	5
4861	3
4862	2
4863	4
4864	4
4865	5
4866	2
4867	1
4868	3
4869	3
4870	1
4871	5
4872	7
4873	0
4874	1
4875	4
4876	3
4877	2
4878	6
4879	4
4880	2
4881	3
4882	1
4883	2
4884	3
4885	5
4886	3
4887	6
4888	3
4889	4
4890	3
4891	3
4892	2
4893	0
4894	3
4895	1
4896	5
4897	6
4898	5
4899	1
4900	4
4901	0
4902	1
4903	3
4904	4
4905	5
4906	4
4907	3
4908	4
4909	4
4910	5
4911	0
4912	2
4913	1
4914	3
4915	4
4916	5
4917	1
4918	5
4919	4
4920	3
4921	6
4922	7
4923	1
4924	9
4925	2
4926	9
4927	8
4928	11
4929	5
4930	14
4931	7
4932	11
4933	8
4934	5
4935	5
4936	12
4937	6
4938	4
4939	6
4940	7
4941	2
4942	9
4943	7
4944	12
4945	5
4946	1
4947	9
4948	14
4949	6
4950	10
4951	8
4952	9
4953	11
4954	9
4955	9
4956	7
4957	10
4958	6
4959	12
4960	6
4961	14
4962	8
4963	7
4964	9
4965	10
4966	12
4967	6
4968	6
4969	7
4970	8
4971	9
4972	9
4973	9
4974	8
4975	8
4976	6
4977	8
4978	9
4979	13
4980	2
4981	6
4982	4
4983	9
4984	11
4985	7
4986	5
4987	10
4988	8
4989	7
4990	7
4991	5
4992	6
4993	10
4994	5
4995	9
4996	14
4997	6
4998	11
4999	4
5000	13
5001	7
5002	5
5003	10
5004	10
5005	6
5006	11
5007	11
5008	11
5009	3
5010	9
5011	8
5012	6
5013	14
5014	9
5015	10
5016	6
5017	6
5018	10
5019	9
5020	9
5021	7
5022	7
5023	7
5024	8
5025	6
5026	2
5027	5
5028	10
5029	9
5030	4
5031	6
5032	5
5033	10
5034	10
5035	7
5036	7
5037	8
5038	11
5039	7
5040	7
5041	8
5042	6
5043	10
5044	4
5045	6
5046	5
5047	8
5048	9
5049	8
5050	3
5051	2
5052	7
5053	10
5054	4
5055	6
5056	5
5057	5
5058	5
5059	15
5060	7
5061	9
5062	7
5063	7
5064	8
5065	12
5066	7
5067	8
5068	5
5069	4
5070	9
5071	8
5072	6
5073	5
5074	6
5075	5
5076	5
5077	9
5078	7
5079	9
5080	5
5081	4
5082	7
5083	6
5084	9
5085	8
5086	5
5087	7
5088	5
5089	8
5090	6
5091	10
5092	5
5093	9
5094	5
5095	5
5096	11
5097	8
5098	6
5099	8
5100	9
5101	5
5102	3
5103	5
5104	7
5105	5
5106	2
5107	9
5108	6
5109	7
5110	5
5111	8
5112	10
5113	7
5114	7
5115	5
5116	7
5117	10
5118	5
5119	4
5120	9
5121	5
5122	3
5123	1
5124	11
5125	10
5126	10
5127	15
5128	7
5129	9
5130	8
5131	5
5132	7
5133	3
5134	4
5135	5
5136	4
5137	9
5138	7
5139	4
5140	8
5141	15
5142	7
5143	5
5144	8
5145	9
5146	6
5147	11
5148	4
5149	7
5150	10
5151	8
5152	6
5153	11
5154	9
5155	9
5156	13
5157	10
5158	3
5159	11
5160	4
5161	9
5162	7
5163	11
5164	6
5165	3
5166	5
5167	14
5168	3
5169	6
5170	6
5171	3
5172	4
5173	5
5174	8
5175	6
5176	6
5177	5
5178	9
5179	7
5180	10
5181	9
5182	6
5183	5
5184	11
5185	7
5186	5
5187	4
5188	8
5189	13
5190	8
5191	8
5192	2
5193	6
5194	6
5195	8
5196	8
5197	6
5198	6
5199	9
5200	4
5201	4
5202	3
5203	6
5204	6
5205	8
5206	7
5207	9
5208	2
5209	5
5210	1
5211	10
5212	5
5213	6
5214	5
5215	13
5216	2
5217	6
5218	8
5219	11
5220	5
5221	8
5222	4
5223	8
5224	6
5225	9
5226	10
5227	5
5228	9
5229	7
5230	12
5231	5
5232	9
5233	5
5234	7
5235	5
5236	4
5237	16
5238	2
5239	7
5240	4
5241	6
5242	14
5243	7
5244	6
5245	8
5246	4
5247	11
5248	7
5249	6
5250	9
5251	5
5252	10
5253	6
5254	3
5255	9
5256	8
5257	4
5258	7
5259	8
5260	4
5261	9
5262	10
5263	10
5264	2
5265	7
5266	5
5267	7
5268	10
5269	11
5270	4
5271	7
5272	5
5273	8
5274	2
5275	3
5276	5
5277	6
5278	7
5279	7
5280	7
5281	7
5282	9
5283	9
5284	10
5285	3
5286	13
5287	10
5288	10
5289	6
5290	7
5291	5
5292	3
5293	9
5294	4
5295	5
5296	7
5297	10
5298	5
5299	7
5300	6
5301	1
5302	11
5303	12
5304	9
5305	5
5306	7
5307	5
5308	4
5309	5
5310	8
5311	6
5312	5
5313	2
5314	5
5315	8
5316	4
5317	7
5318	4
5319	7
5320	8
5321	9
5322	2
5323	9
5324	2
5325	2
5326	8
5327	6
5328	7
5329	4
5330	8
5331	7
5332	2
5333	6
5334	10
5335	8
5336	6
5337	5
5338	5
5339	3
5340	10
5341	9
5342	1
5343	6
5344	8
5345	9
5346	4
5347	3
5348	5
5349	10
5350	8
5351	5
5352	6
5353	6
5354	10
5355	5
5356	2
5357	3
5358	5
5359	4
5360	11
5361	7
5362	6
5363	6
5364	5
5365	4
5366	6
5367	5
5368	8
5369	4
5370	0
5371	6
5372	8
5373	9
5374	9
5375	11
5376	4
5377	10
5378	4
5379	6
5380	9
5381	1
5382	1
5383	6
5384	6
5385	4
5386	4
5387	7
5388	10
5389	6
5390	2
5391	4
5392	10
5393	3
5394	7
5395	9
5396	7
5397	6
5398	6
5399	3
5400	4
5401	8
5402	8
5403	6
5404	7
5405	7
5406	7
5407	6
5408	3
5409	5
5410	8
5411	5
5412	7
5413	9
5414	7
5415	9
5416	4
5417	7
5418	9
5419	11
5420	2
5421	5
5422	6
5423	6
5424	6
5425	8
5426	9
5427	5
5428	7
5429	4
5430	6
5431	5
5432	7
5433	7
5434	12
5435	6
5436	5
5437	13
5438	9
5439	6
5440	9
5441	9
5442	8
5443	6
5444	5
5445	5
5446	7
5447	10
5448	7
5449	5
5450	7
5451	9
5452	3
5453	4
5454	10
5455	8
5456	10
5457	2
5458	14
5459	3
5460	3
5461	8
5462	10
5463	4
5464	6
5465	9
5466	6
5467	8
5468	3
5469	8
5470	7
5471	9
5472	5
5473	4
5474	9
5475	6
5476	6
5477	12
5478	6
5479	7
5480	11
5481	7
5482	9
5483	5
5484	10
5485	5
5486	12
5487	7
5488	4
5489	2
5490	6
5491	3
5492	4
5493	10
5494	10
5495	8
5496	7
5497	8
5498	7
5499	8
5500	5
5501	9
5502	9
5503	4
5504	11
5505	6
5506	5
5507	8
5508	3
5509	6
5510	13
5511	3
5512	0
5513	9
5514	6
5515	7
5516	5
5517	7
5518	9
5519	1
5520	8
5521	5
5522	6
5523	5
5524	5
5525	7
5526	5
5527	10
5528	4
5529	8
5530	7
5531	7
5532	9
5533	6
5534	5
5535	9
5536	5
5537	4
5538	7
5539	5
5540	7
5541	9
5542	4
5543	8
5544	6
5545	5
5546	5
5547	4
5548	6
5549	8
5550	8
5551	7
5552	7
5553	6
5554	8
5555	8
5556	7
5557	7
5558	6
5559	6
5560	7
5561	14
5562	10
5563	9
5564	5
5565	7
5566	5
5567	6
5568	7
5569	8
5570	8
5571	3
5572	5
5573	3
5574	4
5575	12
5576	14
5577	10
5578	3
5579	3
5580	7
5581	5
5582	5
5583	4
5584	8
5585	6
5586	7
5587	6
5588	11
5589	8
5590	3
5591	3
5592	9
5593	5
5594	5
5595	7
5596	4
5597	8
5598	2
5599	8
5600	5
5601	6
5602	9
5603	3
5604	4
5605	8
5606	7
5607	10
5608	7
5609	9
5610	3
5611	3
5612	8
5613	10
5614	6
5615	5
5616	6
5617	6
5618	8
5619	9
5620	10
5621	10
5622	6
5623	7
5624	6
5625	1
5626	13
5627	5
5628	9
5629	10
5630	6
5631	7
5632	3
5633	2
5634	5
5635	9
5636	13
5637	2
5638	7
5639	1
5640	4
5641	11
5642	5
5643	5
5644	7
5645	6
5646	5
5647	8
5648	7
5649	7
5650	9
5651	4
5652	7
5653	4
5654	7
5655	5
5656	2
5657	8
5658	7
5659	10
5660	7
5661	4
5662	7
5663	3
5664	7
5665	7
5666	5
5667	5
5668	4
5669	2
5670	6
5671	10
5672	12
5673	6
5674	9
5675	11
5676	12
5677	9
5678	6
5679	7
5680	12
5681	9
5682	5
5683	5
5684	8
5685	6
5686	4
5687	7
5688	13
5689	7
5690	7
5691	8
5692	6
5693	3
5694	3
5695	17
5696	11
5697	6
5698	6
5699	7
5700	3
5701	11
5702	6
5703	8
5704	8
5705	9
5706	13
5707	7
5708	5
5709	9
5710	6
5711	7
5712	8
5713	9
5714	3
5715	6
5716	10
5717	13
5718	10
5719	16
5720	6
5721	9
5722	11
5723	11
5724	8
5725	12
5726	15
5727	3
5728	6
5729	10
5730	10
5731	8
5732	5
5733	8
5734	4
5735	7
5736	7
5737	12
5738	9
5739	6
5740	7
5741	3
5742	7
5743	6
5744	11
5745	11
5746	6
5747	6
5748	6
5749	11
5750	7
5751	8
5752	6
5753	11
5754	9
5755	5
5756	9
5757	11
5758	6
5759	6
5760	8
5761	9
5762	3
5763	8
5764	11
5765	6
5766	12
5767	6
5768	10
5769	7
5770	5
5771	3
5772	8
5773	8
5774	18
5775	10
5776	6
5777	3
5778	11
5779	12
5780	10
5781	12
5782	7
5783	17
5784	6
5785	5
5786	8
5787	19
5788	14
5789	7
5790	9
5791	3
5792	12
5793	8
5794	11
5795	9
5796	8
5797	7
5798	7
5799	9
5800	12
5801	9
5802	5
5803	10
5804	13
5805	10
5806	6
5807	11
5808	8
5809	13
5810	10
5811	8
5812	4
5813	7
5814	12
5815	9
5816	15
5817	11
5818	8
5819	11
5820	12
5821	7
5822	8
5823	12
5824	7
5825	7
5826	12
5827	15
5828	12
5829	6
5830	7
5831	11
5832	10
5833	11
5834	10
5835	10
5836	9
5837	13
5838	9
5839	12
5840	9
5841	9
5842	8
5843	12
5844	8
5845	3
5846	8
5847	9
5848	15
5849	11
5850	11
5851	6
5852	8
5853	10
5854	9
5855	5
5856	13
5857	11
5858	5
5859	9
5860	15
5861	11
5862	9
5863	12
5864	18
5865	8
5866	15
5867	20
5868	7
5869	15
5870	12
5871	6
5872	11
5873	18
5874	9
5875	12
5876	11
5877	15
5878	8
5879	18
5880	9
5881	15
5882	11
5883	13
5884	5
5885	9
5886	2
5887	15
5888	15
5889	7
5890	13
5891	17
5892	13
5893	13
5894	14
5895	13
5896	9
5897	11
5898	7
5899	8
5900	13
5901	12
5902	14
5903	10
5904	14
5905	14
5906	10
5907	14
5908	18
5909	15
5910	15
5911	14
5912	13
5913	8
5914	12
5915	16
5916	20
5917	14
5918	16
5919	14
5920	11
5921	11
5922	11
5923	10
5924	9
5925	9
5926	11
5927	13
5928	16
5929	12
5930	14
5931	13
5932	11
5933	17
5934	16
5935	11
5936	15
5937	12
5938	7
5939	12
5940	19
5941	18
5942	14
5943	14
5944	15
5945	13
5946	15
5947	28
5948	11
5949	7
5950	16
5951	15
5952	11
5953	22
5954	19
5955	23
5956	10
5957	8
5958	13
5959	11
5960	14
5961	15
5962	15
5963	21
5964	13
5965	19
5966	18
5967	24
5968	20
5969	17
5970	19
5971	16
5972	19
5973	20
5974	15
5975	12
5976	28
5977	16
5978	10
5979	13
5980	18
5981	18
5982	16
5983	14
5984	23
5985	19
5986	18
5987	25
5988	21
5989	12
5990	17
5991	16
5992	18
5993	24
5994	18
5995	17
5996	14
5997	11
5998	23
5999	18
6000	27
6001	15
6002	24
6003	27
6004	13
6005	17
6006	18
6007	19
6008	26
6009	22
6010	23
6011	19
6012	28
6013	12
6014	23
6015	26
6016	17
6017	21
6018	22
6019	22
6020	21
6021	16
6022	27
6023	31
6024	32
6025	17
6026	28
6027	21
6028	18
6029	20
6030	28
6031	21
6032	31
6033	30
6034	29
6035	26
6036	23
6037	19
6038	26
6039	26
6040	33
6041	21
6042	14
6043	28
6044	25
6045	27
6046	34
6047	32
6048	18
6049	25
6050	21
6051	34
6052	27
6053	20
6054	24
6055	23
6056	26
6057	29
6058	25
6059	22
6060	29
6061	24
6062	22
6063	31
6064	24
6065	25
6066	28
6067	23
6068	33
6069	29
6070	20
6071	27
6072	26
6073	22
6074	42
6075	31
6076	23
6077	37
6078	27
6079	28
6080	31
6081	29
6082	33
6083	36
6084	25
6085	34
6086	21
6087	24
6088	30
6089	25
6090	25
6091	36
6092	29
6093	31
6094	27
6095	40
6096	32
6097	26
6098	32
6099	38
6100	27
6101	44
6102	35
6103	33
6104	31
6105	27
6106	30
6107	37
6108	29
6109	38
6110	43
6111	27
6112	27
6113	27
6114	33
6115	29
6116	45
6117	37
6118	42
6119	45
6120	24
6121	30
6122	43
6123	46
6124	32
6125	35
6126	43
6127	26
6128	43
6129	32
6130	38
6131	41
6132	28
6133	34
6134	42
6135	37
6136	36
6137	31
6138	54
6139	47
6140	43
6141	38
6142	53
6143	43
6144	37
6145	39
6146	45
6147	46
6148	46
6149	41
6150	46
6151	52
6152	33
6153	38
6154	48
6155	43
6156	41
6157	29
6158	40
6159	45
6160	51
6161	39
6162	44
6163	32
6164	46
6165	38
6166	47
6167	38
6168	49
6169	38
6170	51
6171	47
6172	44
6173	35
6174	49
6175	33
6176	48
6177	43
6178	45
6179	53
6180	39
6181	55
6182	51
6183	51
6184	53
6185	51
6186	52
6187	45
6188	53
6189	41
6190	49
6191	53
6192	53
6193	44
6194	45
6195	38
6196	48
6197	37
6198	49
6199	44
6200	43
6201	54
6202	47
6203	56
6204	49
6205	42
6206	38
6207	53
6208	49
6209	65
6210	59
6211	47
6212	58
6213	37
6214	47
6215	44
6216	39
6217	52
6218	58
6219	45
6220	51
6221	52
6222	42
6223	50
6224	45
6225	54
6226	45
6227	54
6228	63
6229	57
6230	56
6231	53
6232	57
6233	54
6234	34
6235	75
6236	41
6237	66
6238	53
6239	51
6240	58
6241	43
6242	51
6243	68
6244	44
6245	56
6246	61
6247	50
6248	55
6249	64
6250	65
6251	55
6252	52
6253	53
6254	58
6255	69
6256	62
6257	70
6258	63
6259	55
6260	70
6261	67
6262	57
6263	54
6264	65
6265	78
6266	50
6267	56
6268	58
6269	64
6270	61
6271	60
6272	58
6273	76
6274	52
6275	49
6276	71
6277	61
6278	61
6279	77
6280	54
6281	64
6282	64
6283	85
6284	79
6285	75
6286	54
6287	78
6288	74
6289	73
6290	68
6291	69
6292	64
6293	62
6294	64
6295	59
6296	74
6297	57
6298	52
6299	68
6300	77
6301	77
6302	83
6303	54
6304	60
6305	57
6306	74
6307	70
6308	68
6309	57
6310	73
6311	68
6312	68
6313	59
6314	68
6315	69
6316	51
6317	63
6318	75
6319	84
6320	58
6321	90
6322	73
6323	72
6324	78
6325	84
6326	74
6327	78
6328	79
6329	70
6330	68
6331	75
6332	65
6333	87
6334	81
6335	79
6336	54
6337	75
6338	79
6339	74
6340	77
6341	74
6342	86
6343	84
6344	67
6345	73
6346	81
6347	83
6348	74
6349	72
6350	71
6351	53
6352	73
6353	65
6354	73
6355	73
6356	79
6357	84
6358	64
6359	72
6360	78
6361	85
6362	84
6363	75
6364	76
6365	68
6366	75
6367	79
6368	70
6369	88
6370	73
6371	75
6372	79
6373	66
6374	94
6375	78
6376	72
6377	84
6378	76
6379	86
6380	73
6381	68
6382	67
6383	68
6384	84
6385	70
6386	77
6387	82
6388	84
6389	91
6390	90
6391	63
6392	80
6393	81
6394	83
6395	93
6396	67
6397	76
6398	88
6399	78
6400	81
6401	87
6402	75
6403	76
6404	76
6405	97
6406	71
6407	87
6408	71
6409	74
6410	85
6411	86
6412	93
6413	71
6414	96
6415	79
6416	65
6417	76
6418	88
6419	84
6420	73
6421	72
6422	90
6423	68
6424	89
6425	78
6426	75
6427	80
6428	73
6429	79
6430	69
6431	86
6432	81
6433	85
6434	73
6435	68
6436	76
6437	80
6438	77
6439	71
6440	96
6441	77
6442	104
6443	76
6444	107
6445	89
6446	79
6447	77
6448	90
6449	76
6450	87
6451	70
6452	88
6453	76
6454	95
6455	59
6456	90
6457	93
6458	81
6459	81
6460	89
6461	56
6462	78
6463	83
6464	78
6465	80
6466	98
6467	75
6468	81
6469	103
6470	67
6471	85
6472	96
6473	91
6474	79
6475	83
6476	98
6477	98
6478	76
6479	87
6480	80
6481	88
6482	68
6483	87
6484	85
6485	82
6486	77
6487	82
6488	65
6489	82
6490	77
6491	93
6492	92
6493	70
6494	78
6495	82
6496	82
6497	64
6498	79
6499	97
6500	72
6501	76
6502	62
6503	92
6504	78
6505	80
6506	92
6507	71
6508	77
6509	93
6510	72
6511	78
6512	79
6513	93
6514	100
6515	73
6516	84
6517	77
6518	86
6519	78
6520	92
6521	82
6522	63
6523	80
6524	69
6525	76
6526	87
6527	88
6528	62
6529	80
6530	75
6531	78
6532	76
6533	70
6534	87
6535	75
6536	51
6537	74
6538	69
6539	75
6540	79
6541	90
6542	79
6543	70
6544	78
6545	74
6546	87
6547	79
6548	66
6549	70
6550	64
6551	68
6552	71
6553	80
6554	80
6555	72
6556	78
6557	82
6558	79
6559	64
6560	88
6561	72
6562	71
6563	75
6564	69
6565	67
6566	72
6567	75
6568	94
6569	85
6570	85
6571	67
6572	78
6573	79
6574	74
6575	81
6576	68
6577	85
6578	79
6579	70
6580	83
6581	87
6582	81
6583	63
6584	73
6585	73
6586	67
6587	90
6588	92
6589	64
6590	92
6591	71
6592	76
6593	56
6594	68
6595	71
6596	69
6597	71
6598	69
6599	79
6600	85
6601	59
6602	72
6603	76
6604	76
6605	68
6606	68
6607	66
6608	66
6609	95
6610	79
6611	64
6612	59
6613	65
6614	77
6615	71
6616	79
6617	77
6618	66
6619	70
6620	81
6621	74
6622	81
6623	62
6624	87
6625	61
6626	57
6627	69
6628	57
6629	65
6630	65
6631	68
6632	68
6633	59
6634	64
6635	68
6636	74
6637	72
6638	77
6639	73
6640	66
6641	53
6642	57
6643	70
6644	92
6645	69
6646	68
6647	66
6648	64
6649	71
6650	53
6651	66
6652	73
6653	69
6654	67
6655	57
6656	64
6657	70
6658	58
6659	71
6660	71
6661	62
6662	70
6663	60
6664	74
6665	64
6666	77
6667	76
6668	60
6669	77
6670	68
6671	68
6672	60
6673	50
6674	69
6675	77
6676	48
6677	69
6678	55
6679	60
6680	55
6681	60
6682	62
6683	58
6684	52
6685	59
6686	53
6687	71
6688	68
6689	69
6690	70
6691	54
6692	54
6693	52
6694	67
6695	60
6696	60
6697	61
6698	52
6699	46
6700	59
6701	63
6702	50
6703	63
6704	56
6705	58
6706	46
6707	48
6708	54
6709	63
6710	40
6711	59
6712	50
6713	61
6714	50
6715	57
6716	44
6717	58
6718	60
6719	54
6720	47
6721	47
6722	49
6723	49
6724	69
6725	39
6726	53
6727	47
6728	53
6729	64
6730	67
6731	46
6732	48
6733	56
6734	60
6735	46
6736	54
6737	52
6738	43
6739	49
6740	52
6741	53
6742	43
6743	38
6744	61
6745	54
6746	64
6747	49
6748	51
6749	51
6750	64
6751	36
6752	45
6753	39
6754	40
6755	50
6756	46
6757	40
6758	45
6759	50
6760	49
6761	43
6762	50
6763	33
6764	37
6765	41
6766	40
6767	50
6768	43
6769	40
6770	46
6771	48
6772	29
6773	31
6774	43
6775	40
6776	31
6777	47
6778	33
6779	48
6780	50
6781	45
6782	35
6783	50
6784	40
6785	43
6786	42
6787	42
6788	41
6789	33
6790	49
6791	43
6792	38
6793	50
6794	37
6795	45
6796	45
6797	44
6798	41
6799	34
6800	54
6801	40
6802	37
6803	45
6804	29
6805	34
6806	42
6807	29
6808	43
6809	39
6810	24
6811	38
6812	28
6813	33
6814	40
6815	52
6816	30
6817	43
6818	37
6819	40
6820	40
6821	29
6822	34
6823	38
6824	35
6825	39
6826	40
6827	35
6828	30
6829	33
6830	19
6831	33
6832	33
6833	28
6834	36
6835	31
6836	37
6837	23
6838	33
6839	42
6840	26
6841	38
6842	35
6843	25
6844	34
6845	30
6846	26
6847	23
6848	37
6849	30
6850	26
6851	27
6852	29
6853	24
6854	28
6855	43
6856	25
6857	39
6858	25
6859	24
6860	18
6861	26
6862	28
6863	21
6864	35
6865	28
6866	22
6867	23
6868	21
6869	40
6870	33
6871	35
6872	31
6873	28
6874	21
6875	31
6876	33
6877	30
6878	23
6879	27
6880	21
6881	31
6882	33
6883	28
6884	23
6885	27
6886	20
6887	22
6888	27
6889	30
6890	25
6891	18
6892	36
6893	23
6894	21
6895	24
6896	23
6897	14
6898	30
6899	23
6900	23
6901	25
6902	30
6903	21
6904	33
6905	24
6906	25
6907	27
6908	29
6909	26
6910	14
6911	21
6912	25
6913	22
6914	29
6915	20
6916	20
6917	29
6918	19
6919	20
6920	25
6921	29
6922	15
6923	25
6924	18
6925	28
6926	25
6927	24
6928	29
6929	15
6930	18
6931	19
6932	18
6933	13
6934	23
6935	20
6936	13
6937	22
6938	24
6939	22
6940	19
6941	23
6942	18
6943	10
6944	15
6945	24
6946	20
6947	12
6948	25
6949	21
6950	16
6951	21
6952	15
6953	15
6954	24
6955	13
6956	17
6957	19
6958	19
6959	17
6960	19
6961	14
6962	15
6963	9
6964	22
6965	11
6966	21
6967	20
6968	14
6969	19
6970	12
6971	13
6972	14
6973	21
6974	13
6975	15
6976	9
6977	26
6978	21
6979	14
6980	15
6981	10
6982	17
6983	11
6984	13
6985	15
6986	16
6987	13
6988	10
6989	9
6990	10
6991	9
6992	18
6993	21
6994	14
6995	11
6996	14
6997	15
6998	11
6999	11
7000	16
7001	19
7002	14
7003	15
7004	10
7005	16
7006	15
7007	8
7008	10
7009	16
7010	14
7011	15
7012	13
7013	14
7014	10
7015	11
7016	11
7017	13
7018	6
7019	8
7020	6
7021	9
7022	12
7023	17
7024	15
7025	9
7026	8
7027	5
7028	13
7029	6
7030	17
7031	9
7032	6
7033	14
7034	14
7035	9
7036	11
7037	7
7038	7
7039	12
7040	4
7041	9
7042	12
7043	11
7044	6
7045	5
7046	10
7047	11
7048	8
7049	6
7050	11
7051	11
7052	6
7053	7
7054	7
7055	12
7056	11
7057	7
7058	13
7059	13
7060	6
7061	7
7062	3
7063	9
7064	10
7065	8
7066	5
7067	9
7068	6
7069	11
7070	13
7071	13
7072	9
7073	14
7074	3
7075	11
7076	7
7077	7
7078	9
7079	10
7080	13
7081	8
7082	5
7083	6
7084	9
7085	5
7086	8
7087	12
7088	6
7089	7
7090	8
7091	6
7092	7
7093	12
7094	12
7095	9
7096	9
7097	10
7098	6
7099	6
7100	10
7101	6
7102	10
7103	5
7104	6
7105	6
7106	10
7107	6
7108	12
7109	8
7110	8
7111	3
7112	5
7113	6
7114	2
7115	11
7116	9
7117	8
7118	8
7119	5
7120	6
7121	8
7122	11
7123	9
7124	5
7125	7
7126	8
7127	6
7128	9
7129	4
7130	9
7131	5
7132	6
7133	3
7134	7
7135	10
7136	5
7137	8
7138	5
7139	6
7140	9
7141	4
7142	6
7143	6
7144	9
7145	9
7146	8
7147	1
7148	3
7149	6
7150	6
7151	8
7152	6
7153	6
7154	6
7155	4
7156	2
7157	4
7158	7
7159	6
7160	8
7161	5
7162	8
7163	8
7164	8
7165	6
7166	4
7167	6
7168	3
7169	5
7170	4
7171	6
7172	6
7173	7
7174	7
7175	2
7176	3
7177	9
7178	4
7179	6
7180	11
7181	6
7182	5
7183	4
7184	6
7185	4
7186	5
7187	4
7188	8
7189	5
7190	4
7191	6
7192	2
7193	2
7194	8
7195	9
7196	0
7197	3
7198	6
7199	2
7200	4
7201	3
7202	5
7203	4
7204	4
7205	6
7206	5
7207	2
7208	2
7209	6
7210	5
7211	4
7212	7
7213	6
7214	6
7215	8
7216	1
7217	8
7218	3
7219	6
7220	6
7221	0
7222	4
7223	2
7224	5
7225	7
7226	7
7227	5
7228	4
7229	9
7230	3
7231	6
7232	9
7233	4
7234	9
7235	5
7236	6
7237	3
7238	5
7239	2
7240	8
7241	5
7242	7
7243	2
7244	2
7245	5
7246	4
7247	4
7248	3
7249	6
7250	4
7251	9
7252	2
7253	4
7254	5
7255	3
7256	2
7257	1
7258	6
7259	5
7260	6
7261	5
7262	7
7263	3
7264	6
7265	5
7266	4
7267	7
7268	2
7269	4
7270	5
7271	3
7272	4
7273	3
7274	5
7275	1
7276	6
7277	2
7278	4
7279	4
7280	4
7281	1
7282	5
7283	1
7284	4
7285	2
7286	6
7287	4
7288	3
7289	4
7290	0
7291	5
7292	9
7293	3
7294	4
7295	3
7296	5
7297	5
7298	5
7299	3
7300	4
7301	6
7302	5
7303	4
7304	3
7305	2
7306	5
7307	3
7308	4
7309	2
7310	4
7311	3
7312	9
7313	2
7314	4
7315	2
7316	3
7317	1
7318	1
7319	5
7320	5
7321	5
7322	6
7323	4
7324	6
7325	6
7326	6
7327	3
7328	4
7329	3
7330	2
7331	4
7332	3
7333	4
7334	2
7335	7
7336	3
7337	1
7338	2
7339	3
7340	5
7341	4
7342	2
7343	7
7344	8
7345	2
7346	3
7347	4
7348	5
7349	4
7350	5
7351	6
7352	2
7353	5
7354	5
7355	2
7356	1
7357	2
7358	2
7359	2
7360	8
7361	6
7362	2
7363	6
7364	2
7365	1
7366	6
7367	4
7368	5
7369	2
7370	5
7371	0
7372	2
7373	4
7374	4
7375	5
7376	3
7377	5
7378	4
7379	4
7380	0
7381	3
7382	2
7383	2
7384	6
7385	5
7386	4
7387	4
7388	4
7389	5
7390	3
7391	2
7392	1
7393	2
7394	5
7395	1
7396	4
7397	3
7398	8
7399	3
7400	4
7401	2
7402	3
7403	5
7404	3
7405	4
7406	4
7407	2
7408	3
7409	2
7410	4
7411	3
7412	1
7413	6
7414	6
7415	4
7416	6
7417	7
7418	1
7419	1
7420	3
7421	5
7422	2
7423	6
7424	4
7425	2
7426	4
7427	3
7428	5
7429	6
7430	9
7431	4
7432	2
7433	7
7434	4
7435	1
7436	6
7437	3
7438	4
7439	5
7440	7
7441	2
7442	4
7443	4
7444	6
7445	7
7446	4
7447	2
7448	2
7449	5
7450	2
7451	2
7452	3
7453	2
7454	5
7455	7
7456	4
7457	4
7458	6
7459	5
7460	1
7461	8
7462	4
7463	3
7464	3
7465	2
7466	3
7467	2
7468	3
7469	3
7470	6
7471	2
7472	3
7473	7
7474	6
7475	2
7476	5
7477	6
7478	3
7479	5
7480	2
7481	3
7482	3
7483	3
7484	6
7485	4
7486	2
7487	3
7488	7
7489	1
7490	5
7491	1
7492	5
7493	6
7494	1
7495	6
7496	5
7497	7
7498	5
7499	3
7500	3
7501	2
7502	7
7503	1
7504	2
7505	2
7506	4
7507	2
7508	2
7509	3
7510	6
7511	6
7512	1
7513	6
7514	1
7515	6
7516	5
7517	5
7518	6
7519	2
7520	6
7521	2
7522	3
7523	1
7524	2
7525	2
7526	5
7527	2
7528	7
7529	3
7530	7
7531	7
7532	4
7533	2
7534	4
7535	4
7536	3
7537	2
7538	6
7539	0
7540	4
7541	4
7542	3
7543	5
7544	5
7545	5
7546	6
7547	3
7548	5
7549	3
7550	4
7551	1
7552	3
7553	7
7554	5
7555	2
7556	2
7557	2
7558	1
7559	2
7560	3
7561	6
7562	0
7563	3
7564	7
7565	2
7566	2
7567	2
7568	2
7569	4
7570	5
7571	10
7572	3
7573	5
7574	2
7575	3
7576	3
7577	2
7578	8
7579	5
7580	3
7581	3
7582	1
7583	1
7584	3
7585	3
7586	4
7587	2
7588	2
7589	4
7590	2
7591	5
7592	4
7593	6
7594	2
7595	2
7596	3
7597	0
7598	3
7599	6
7600	5
7601	1
7602	5
7603	2
7604	4
7605	1
7606	2
7607	4
7608	2
7609	6
7610	4
7611	5
7612	3
7613	4
7614	4
7615	4
7616	2
7617	4
7618	1
7619	2
7620	2
7621	0
7622	4
7623	3
7624	1
7625	6
7626	4
7627	1
7628	1
7629	8
7630	5
7631	3
7632	5
7633	1
7634	3
7635	2
7636	4
7637	4
7638	2
7639	5
7640	1
7641	4
7642	6
7643	3
7644	2
7645	2
7646	1
7647	5
7648	4
7649	1
7650	3
7651	5
7652	3
7653	3
7654	5
7655	2
7656	3
7657	5
7658	5
7659	2
7660	5
7661	3
7662	5
7663	2
7664	4
7665	0
7666	6
7667	1
7668	2
7669	5
7670	4
7671	6
7672	1
7673	3
7674	3
7675	3
7676	2
7677	3
7678	4
7679	4
7680	2
7681	4
7682	4
7683	6
7684	2
7685	1
7686	2
7687	2
7688	2
7689	4
7690	2
7691	4
7692	5
7693	5
7694	2
7695	6
7696	2
7697	2
7698	9
7699	4
7700	3
7701	5
7702	5
7703	1
7704	6
7705	0
7706	2
7707	5
7708	1
7709	4
7710	2
7711	4
7712	5
7713	4
7714	4
7715	5
7716	2
7717	2
7718	3
7719	3
7720	2
7721	5
7722	6
7723	2
7724	3
7725	4
7726	3
7727	2
7728	5
7729	4
7730	5
7731	0
7732	3
7733	5
7734	0
7735	4
7736	3
7737	3
7738	6
7739	3
7740	2
7741	4
7742	4
7743	10
7744	6
7745	2
7746	6
7747	2
7748	6
7749	7
7750	2
7751	2
7752	2
7753	3
7754	5
7755	6
7756	5
7757	6
7758	4
7759	3
7760	2
7761	3
7762	4
7763	4
7764	1
7765	3
7766	6
7767	4
7768	3
7769	4
7770	4
7771	5
7772	5
7773	3
7774	2
7775	3
7776	4
7777	3
7778	3
7779	5
7780	5
7781	2
7782	3
7783	3
7784	0
7785	4
7786	3
7787	4
7788	3
7789	4
7790	1
7791	5
7792	8
7793	4
7794	1
7795	2
7796	5
7797	3
7798	4
7799	1
7800	9
7801	5
7802	3
7803	2
7804	2
7805	5
7806	3
7807	3
7808	3
7809	5
7810	2
7811	3
7812	0
7813	0
7814	0
7815	0
7816	0
7817	0
7818	0
7819	0
7820	0
7821	0
7822	0
7823	0
7824	0
7825	0
7826	0
7827	0
7828	0
7829	0
7830	0
7831	0
7832	0
7833	0
7834	0
7835	0
7836	0
7837	0
7838	0
7839	0
7840	0
7841	0
7842	0
7843	0
7844	0
7845	0
7846	0
7847	0
7848	0
7849	0
7850	0
7851	0
7852	0
7853	0
7854	0
7855	0
7856	0
7857	0
7858	0
7859	0
7860	0
7861	0
7862	0
7863	0
7864	0
7865	0
7866	0
7867	0
7868	0
7869	0
7870	0
7871	0
7872	0
7873	0
7874	0
7875	0
7876	0
7877	0
7878	0
7879	0
7880	0
7881	0
7882	0
7883	0
7884	0
7885	0
7886	0
7887	0
7888	0
7889	0
7890	0
7891	0
7892	0
7893	0
7894	0
7895	1
7896	0
7897	0
7898	0
7899	0
7900	0
7901	0
7902	0
7903	0
7904	0
7905	0
7906	0
7907	0
7908	0
7909	0
7910	0
7911	0
7912	0
7913	0
7914	0
7915	0
7916	0
7917	0
7918	0
7919	0
7920	0
7921	0
7922	0
7923	0
7924	0
7925	0
7926	0
7927	0
7928	0
7929	0
7930	0
7931	0
7932	0
7933	0
7934	0
7935	0
7936	0
7937	0
7938	0
7939	0
7940	0
7941	0
7942	0
7943	0
7944	0
7945	0
7946	0
7947	0
7948	0
7949	0
7950	0
7951	0
7952	0
7953	0
7954	0
7955	0
7956	0
7957	0
7958	0
7959	0
7960	0
7961	0
7962	0
7963	0
7964	0
7965	0
7966	0
7967	0
7968	0
7969	0
7970	0
7971	0
7972	0
7973	0
7974	0
7975	0
7976	0
7977	0
7978	0
7979	0
7980	0
7981	0
7982	0
7983	0
7984	0
7985	0
7986	0
7987	0
7988	0
7989	0
7990	0
7991	0
7992	0
7993	0
7994	0
7995	0
7996	0
7997	0
7998	0
7999	0
8000	0
8001	0
8002	0
8003	0
8004	0
8005	0
8006	0
8007	0
8008	0
8009	0
8010	0
8011	0
8012	0
8013	0
8014	0
8015	0
8016	0
8017	0
8018	0
8019	0
8020	0
8021	0
8022	0
8023	0
8024	0
8025	0
8026	0
8027	0
8028	0
8029	0
8030	0
8031	0
8032	0
8033	0
8034	0
8035	0
8036	0
8037	0
8038	0
8039	0
8040	0
8041	0
8042	0
8043	0
8044	0
8045	0
8046	0
8047	0
8048	0
8049	0
8050	0
8051	0
8052	0
8053	0
8054	0
8055	0
8056	0
8057	0
8058	0
8059	0
8060	0
8061	0
8062	0
8063	0
8064	0
8065	0
8066	0
8067	0
8068	0
8069	0
8070	0
8071	0
8072	0
8073	0
8074	0
8075	0
8076	0
8077	0
8078	0
8079	0
8080	0
8081	0
8082	0
8083	0
8084	0
8085	0
8086	0
8087	0
8088	0
8089	0
8090	0
8091	0
8092	0
8093	0
8094	0
8095	0
8096	0
8097	0
8098	0
8099	0
8100	0
8101	0
8102	0
8103	0
8104	0
8105	0
8106	0
8107	0
8108	0
8109	0
8110	0
8111	0
8112	0
8113	0
8114	0
8115	0
8116	0
8117	0
8118	0
8119	0
8120	0
8121	0
8122	0
8123	0
8124	0
8125	0
8126	0
8127	0
8128	0
8129	0
8130	0
8131	0
8132	0
8133	0
8134	0
8135	0
8136	0
8137	0
8138	0
8139	0
8140	0
8141	0
8142	0
8143	0
8144	0
8145	0
8146	0
8147	0
8148	0
8149	0
8150	0
8151	0
8152	0
8153	0
8154	0
8155	0
8156	0
8157	0
8158	0
8159	0
8160	0
8161	0
8162	0
8163	0
8164	0
8165	0
8166	0
8167	0
8168	0
8169	0
8170	0
8171	0
8172	0
8173	0
8174	0
8175	0
8176	0
8177	0
8178	0
8179	0
8180	0
8181	0
8182	0
8183	0
8184	0
8185	0
8186	0
8187	0
8188	0
8189	0
8190	0
8191	0
