0	0
1	0
2	0
3	0
4	0
5	0
6	0
7	0
8	0
9	0
10	0
11	0
12	0
13	0
14	0
15	0
16	0
17	0
18	0
19	0
20	0
21	0
22	0
23	0
24	0
25	0
26	0
27	0
28	0
29	0
30	0
31	0
32	0
33	3
34	13
35	25
36	26
37	23
38	18
39	24
40	25
41	22
42	25
43	16
44	19
45	23
46	30
47	33
48	26
49	21
50	19
51	17
52	24
53	26
54	31
55	31
56	21
57	29
58	24
59	23
60	17
61	20
62	23
63	27
64	18
65	20
66	20
67	13
68	40
69	29
70	17
71	33
72	20
73	24
74	27
75	27
76	20
77	19
78	22
79	27
80	18
81	20
82	24
83	17
84	33
85	35
86	30
87	31
88	24
89	23
90	21
91	21
92	33
93	27
94	22
95	26
96	21
97	24
98	18
99	22
100	19
101	31
102	22
103	25
104	32
105	27
106	26
107	26
108	28
109	18
110	30
111	24
112	27
113	23
114	15
115	25
116	26
117	34
118	32
119	12
120	25
121	34
122	12
123	22
124	28
125	23
126	26
127	24
128	21
129	16
130	18
131	27
132	15
133	29
134	22
135	22
136	25
137	30
138	25
139	22
140	32
141	24
142	22
143	28
144	24
145	22
146	18
147	19
148	29
149	22
150	30
151	25
152	20
153	22
154	24
155	24
156	32
157	30
158	28
159	22
160	25
161	25
162	20
163	22
164	25
165	26
166	27
167	35
168	21
169	17
170	26
171	20
172	31
173	21
174	34
175	15
176	31
177	24
178	30
179	27
180	23
181	35
182	18
183	31
184	23
185	26
186	26
187	24
188	25
189	32
190	19
191	19
192	25
193	30
194	26
195	18
196	21
197	27
198	21
199	26
200	34
201	26
202	24
203	28
204	31
205	21
206	34
207	25
208	28
209	23
210	37
211	29
212	20
213	25
214	29
215	30
216	29
217	26
218	36
219	21
220	28
221	23
222	26
223	24
224	27
225	25
226	18
227	26
228	30
229	23
230	41
231	25
232	22
233	23
234	41
235	27
236	16
237	25
238	27
239	29
240	18
241	33
242	20
243	25
244	23
245	32
246	21
247	28
248	22
249	33
250	17
251	26
252	23
253	24
254	27
255	32
256	16
257	21
258	24
259	27
260	33
261	22
262	24
263	26
264	19
265	30
266	36
267	24
268	25
269	32
270	21
271	28
272	16
273	20
274	22
275	27
276	25
277	19
278	18
279	18
280	33
281	24
282	30
283	27
284	21
285	31
286	27
287	28
288	31
289	37
290	27
291	34
292	33
293	27
294	32
295	25
296	30
297	22
298	28
299	32
300	23
301	30
302	34
303	26
304	30
305	32
306	17
307	26
308	34
309	30
310	39
311	27
312	20
313	28
314	26
315	33
316	30
317	33
318	30
319	30
320	35
321	24
322	25
323	26
324	23
325	30
326	27
327	31
328	21
329	28
330	19
331	33
332	25
333	34
334	26
335	25
336	18
337	30
338	25
339	30
340	35
341	23
342	24
343	22
344	30
345	30
346	19
347	27
348	30
349	21
350	25
351	36
352	35
353	28
354	35
355	35
356	23
357	32
358	20
359	26
360	19
361	24
362	40
363	27
364	39
365	30
366	33
367	27
368	34
369	18
370	32
371	30
372	23
373	35
374	26
375	27
376	31
377	30
378	22
379	28
380	18
381	25
382	30
383	36
384	21
385	30
386	31
387	31
388	25
389	38
390	25
391	31
392	29
393	39
394	39
395	16
396	36
397	30
398	30
399	32
400	30
401	24
402	32
403	40
404	23
405	24
406	34
407	20
408	27
409	21
410	27
411	33
412	29
413	29
414	24
415	37
416	36
417	29
418	25
419	21
420	32
421	31
422	28
423	35
424	27
425	36
426	22
427	35
428	35
429	28
430	27
431	37
432	24
433	18
434	33
435	28
436	25
437	34
438	32
439	16
440	25
441	34
442	39
443	29
444	30
445	25
446	26
447	37
448	21
449	30
450	23
451	37
452	34
453	35
454	30
455	22
456	34
457	31
458	34
459	33
460	27
461	28
462	30
463	25
464	26
465	31
466	31
467	32
468	36
469	34
470	33
471	30
472	27
473	27
474	25
475	22
476	27
477	28
478	29
479	33
480	35
481	25
482	32
483	33
484	23
485	25
486	30
487	33
488	26
489	31
490	29
491	35
492	26
493	33
494	22
495	28
496	26
497	24
498	37
499	30
500	29
501	28
502	37
503	27
504	25
505	28
506	29
507	34
508	28
509	28
510	25
511	33
512	26
513	35
514	24
515	24
516	31
517	28
518	37
519	35
520	30
521	33
522	31
523	36
524	39
525	33
526	26
527	43
528	27
529	32
530	29
531	23
532	38
533	27
534	20
535	36
536	31
537	27
538	31
539	30
540	22
541	25
542	44
543	32
544	28
545	28
546	20
547	36
548	31
549	24
550	36
551	23
552	30
553	33
554	24
555	41
556	36
557	35
558	40
559	25
560	27
561	29
562	30
563	30
564	25
565	27
566	27
567	29
568	31
569	38
570	28
571	25
572	26
573	40
574	35
575	27
576	30
577	29
578	38
579	44
580	29
581	33
582	31
583	22
584	25
585	32
586	22
587	27
588	37
589	32
590	43
591	26
592	29
593	35
594	29
595	26
596	34
597	52
598	30
599	32
600	31
601	30
602	30
603	34
604	41
605	26
606	38
607	37
608	33
609	42
610	26
611	36
612	26
613	35
614	33
615	22
616	28
617	35
618	39
619	25
620	35
621	30
622	27
623	38
624	36
625	30
626	20
627	22
628	29
629	27
630	33
631	40
632	22
633	30
634	32
635	31
636	37
637	22
638	42
639	42
640	33
641	31
642	39
643	27
644	32
645	36
646	38
647	35
648	33
649	33
650	42
651	41
652	35
653	49
654	28
655	31
656	28
657	36
658	34
659	32
660	26
661	43
662	37
663	31
664	39
665	27
666	32
667	37
668	37
669	33
670	40
671	40
672	33
673	34
674	35
675	34
676	32
677	35
678	34
679	38
680	41
681	42
682	44
683	31
684	42
685	33
686	34
687	30
688	30
689	32
690	39
691	28
692	28
693	41
694	30
695	30
696	30
697	39
698	21
699	36
700	45
701	29
702	50
703	28
704	36
705	46
706	29
707	39
708	31
709	38
710	43
711	48
712	45
713	35
714	36
715	29
716	37
717	46
718	36
719	37
720	49
721	30
722	30
723	46
724	36
725	30
726	29
727	45
728	41
729	30
730	42
731	40
732	35
733	33
734	31
735	37
736	50
737	33
738	37
739	43
740	37
741	41
742	28
743	35
744	49
745	39
746	34
747	34
748	41
749	38
750	45
751	45
752	38
753	31
754	53
755	35
756	42
757	36
758	26
759	25
760	28
761	42
762	31
763	27
764	40
765	28
766	34
767	43
768	45
769	38
770	37
771	41
772	40
773	46
774	38
775	41
776	45
777	45
778	42
779	46
780	39
781	43
782	35
783	40
784	41
785	44
786	42
787	32
788	46
789	55
790	40
791	50
792	37
793	37
794	35
795	46
796	41
797	39
798	41
799	46
800	45
801	42
802	51
803	38
804	45
805	41
806	48
807	33
808	36
809	33
810	31
811	46
812	42
813	50
814	53
815	33
816	35
817	36
818	32
819	43
820	57
821	53
822	53
823	45
824	40
825	43
826	53
827	43
828	44
829	42
830	44
831	32
832	42
833	39
834	36
835	45
836	51
837	40
838	38
839	54
840	44
841	38
842	48
843	38
844	40
845	41
846	50
847	57
848	45
849	34
850	36
851	61
852	36
853	41
854	39
855	42
856	60
857	44
858	44
859	45
860	47
861	51
862	39
863	41
864	53
865	36
866	45
867	45
868	57
869	43
870	45
871	49
872	45
873	36
874	46
875	58
876	45
877	42
878	44
879	46
880	45
881	49
882	44
883	51
884	40
885	51
886	58
887	48
888	48
889	58
890	40
891	47
892	44
893	42
894	55
895	46
896	40
897	46
898	49
899	46
900	57
901	41
902	43
903	49
904	53
905	41
906	39
907	50
908	59
909	56
910	48
911	54
912	66
913	54
914	46
915	53
916	49
917	48
918	47
919	55
920	59
921	47
922	55
923	61
924	45
925	45
926	51
927	49
928	58
929	56
930	50
931	66
932	42
933	51
934	54
935	66
936	40
937	58
938	57
939	49
940	60
941	56
942	41
943	55
944	43
945	56
946	58
947	55
948	42
949	52
950	50
951	61
952	51
953	44
954	54
955	53
956	51
957	52
958	40
959	56
960	40
961	53
962	47
963	48
964	54
965	53
966	46
967	53
968	54
969	53
970	56
971	62
972	57
973	63
974	52
975	51
976	44
977	56
978	62
979	47
980	62
981	56
982	50
983	63
984	55
985	73
986	55
987	53
988	50
989	56
990	65
991	49
992	67
993	50
994	55
995	43
996	58
997	54
998	45
999	57
1000	72
1001	45
1002	76
1003	46
1004	60
1005	51
1006	50
1007	74
1008	39
1009	42
1010	49
1011	37
1012	48
1013	51
1014	64
1015	52
1016	56
1017	39
1018	43
1019	45
1020	52
1021	50
1022	64
1023	57
1024	49
1025	42
1026	59
1027	50
1028	63
1029	41
1030	47
1031	42
1032	53
1033	60
1034	61
1035	63
1036	51
1037	59
1038	48
1039	65
1040	50
1041	59
1042	50
1043	51
1044	61
1045	40
1046	60
1047	36
1048	61
1049	49
1050	64
1051	43
1052	46
1053	43
1054	50
1055	56
1056	45
1057	50
1058	53
1059	41
1060	51
1061	46
1062	46
1063	48
1064	58
1065	61
1066	52
1067	46
1068	47
1069	53
1070	42
1071	52
1072	48
1073	57
1074	55
1075	58
1076	48
1077	56
1078	50
1079	51
1080	62
1081	57
1082	55
1083	46
1084	38
1085	46
1086	47
1087	54
1088	57
1089	58
1090	56
1091	45
1092	43
1093	68
1094	64
1095	45
1096	63
1097	54
1098	43
1099	45
1100	54
1101	49
1102	41
1103	57
1104	48
1105	45
1106	44
1107	49
1108	55
1109	70
1110	49
1111	54
1112	41
1113	62
1114	41
1115	61
1116	42
1117	49
1118	54
1119	50
1120	57
1121	44
1122	48
1123	45
1124	42
1125	50
1126	36
1127	53
1128	50
1129	46
1130	43
1131	56
1132	58
1133	53
1134	45
1135	51
1136	56
1137	55
1138	41
1139	57
1140	53
1141	55
1142	57
1143	43
1144	32
1145	48
1146	53
1147	54
1148	52
1149	59
1150	72
1151	51
1152	32
1153	52
1154	52
1155	55
1156	59
1157	49
1158	40
1159	59
1160	47
1161	29
1162	60
1163	42
1164	59
1165	46
1166	46
1167	64
1168	43
1169	50
1170	54
1171	46
1172	50
1173	39
1174	60
1175	63
1176	36
1177	54
1178	38
1179	53
1180	58
1181	48
1182	53
1183	42
1184	39
1185	60
1186	38
1187	60
1188	38
1189	56
1190	36
1191	40
1192	53
1193	44
1194	53
1195	42
1196	42
1197	46
1198	59
1199	63
1200	57
1201	42
1202	49
1203	63
1204	49
1205	38
1206	37
1207	34
1208	51
1209	48
1210	40
1211	56
1212	45
1213	56
1214	40
1215	45
1216	36
1217	43
1218	47
1219	52
1220	46
1221	53
1222	51
1223	65
1224	28
1225	44
1226	50
1227	44
1228	49
1229	46
1230	54
1231	50
1232	37
1233	55
1234	36
1235	39
1236	43
1237	36
1238	53
1239	49
1240	45
1241	49
1242	62
1243	48
1244	51
1245	51
1246	51
1247	45
1248	50
1249	48
1250	53
1251	58
1252	49
1253	48
1254	45
1255	42
1256	55
1257	52
1258	55
1259	54
1260	41
1261	49
1262	50
1263	35
1264	53
1265	56
1266	43
1267	50
1268	42
1269	47
1270	48
1271	43
1272	53
1273	57
1274	53
1275	45
1276	45
1277	32
1278	47
1279	40
1280	46
1281	52
1282	64
1283	45
1284	51
1285	45
1286	58
1287	44
1288	36
1289	47
1290	52
1291	63
1292	49
1293	62
1294	36
1295	42
1296	37
1297	40
1298	52
1299	44
1300	52
1301	43
1302	53
1303	54
1304	46
1305	62
1306	55
1307	44
1308	42
1309	43
1310	35
1311	46
1312	51
1313	42
1314	44
1315	44
1316	51
1317	55
1318	44
1319	47
1320	48
1321	43
1322	60
1323	54
1324	55
1325	54
1326	51
1327	48
1328	65
1329	50
1330	62
1331	61
1332	44
1333	41
1334	45
1335	44
1336	41
1337	42
1338	49
1339	46
1340	51
1341	54
1342	56
1343	48
1344	56
1345	53
1346	66
1347	53
1348	43
1349	39
1350	56
1351	52
1352	54
1353	52
1354	50
1355	46
1356	40
1357	38
1358	49
1359	51
1360	48
1361	54
1362	51
1363	43
1364	37
1365	34
1366	49
1367	51
1368	44
1369	45
1370	40
1371	34
1372	44
1373	54
1374	55
1375	37
1376	43
1377	57
1378	49
1379	38
1380	58
1381	47
1382	54
1383	35
1384	47
1385	41
1386	46
1387	58
1388	43
1389	49
1390	56
1391	49
1392	43
1393	41
1394	52
1395	43
1396	55
1397	44
1398	48
1399	35
1400	52
1401	57
1402	52
1403	63
1404	42
1405	58
1406	47
1407	46
1408	44
1409	48
1410	34
1411	39
1412	49
1413	47
1414	48
1415	60
1416	48
1417	53
1418	50
1419	61
1420	49
1421	46
1422	49
1423	44
1424	52
1425	47
1426	53
1427	39
1428	42
1429	48
1430	62
1431	44
1432	39
1433	50
1434	51
1435	46
1436	58
1437	57
1438	43
1439	44
1440	45
1441	51
1442	59
1443	47
1444	38
1445	41
1446	37
1447	49
1448	45
1449	53
1450	43
1451	43
1452	57
1453	57
1454	45
1455	48
1456	42
1457	32
1458	52
1459	48
1460	48
1461	48
1462	46
1463	60
1464	50
1465	46
1466	52
1467	46
1468	43
1469	46
1470	45
1471	41
1472	51
1473	47
1474	46
1475	43
1476	37
1477	43
1478	35
1479	53
1480	60
1481	48
1482	49
1483	49
1484	50
1485	50
1486	35
1487	46
1488	65
1489	43
1490	42
1491	42
1492	49
1493	43
1494	57
1495	54
1496	48
1497	43
1498	49
1499	43
1500	43
1501	47
1502	42
1503	49
1504	46
1505	46
1506	51
1507	42
1508	45
1509	51
1510	43
1511	41
1512	41
1513	39
1514	61
1515	62
1516	47
1517	63
1518	52
1519	52
1520	53
1521	38
1522	50
1523	40
1524	37
1525	53
1526	47
1527	48
1528	45
1529	47
1530	33
1531	44
1532	38
1533	62
1534	36
1535	56
1536	43
1537	38
1538	52
1539	55
1540	55
1541	43
1542	49
1543	33
1544	38
1545	43
1546	44
1547	43
1548	49
1549	48
1550	53
1551	46
1552	51
1553	59
1554	44
1555	45
1556	57
1557	41
1558	37
1559	36
1560	49
1561	45
1562	43
1563	40
1564	40
1565	49
1566	61
1567	42
1568	61
1569	50
1570	46
1571	61
1572	50
1573	42
1574	56
1575	44
1576	52
1577	50
1578	48
1579	51
1580	42
1581	49
1582	52
1583	52
1584	52
1585	47
1586	49
1587	37
1588	44
1589	62
1590	45
1591	46
1592	38
1593	50
1594	45
1595	53
1596	49
1597	46
1598	47
1599	45
1600	41
1601	46
1602	49
1603	49
1604	52
1605	61
1606	48
1607	39
1608	48
1609	48
1610	52
1611	48
1612	51
1613	44
1614	45
1615	46
1616	48
1617	41
1618	50
1619	51
1620	50
1621	47
1622	43
1623	42
1624	43
1625	45
1626	56
1627	49
1628	40
1629	48
1630	59
1631	43
1632	45
1633	42
1634	56
1635	53
1636	36
1637	51
1638	44
1639	44
1640	47
1641	50
1642	49
1643	50
1644	51
1645	48
1646	44
1647	40
1648	53
1649	46
1650	50
1651	49
1652	60
1653	53
1654	54
1655	40
1656	41
1657	48
1658	54
1659	41
1660	48
1661	51
1662	43
1663	44
1664	55
1665	47
1666	47
1667	50
1668	35
1669	49
1670	50
1671	55
1672	47
1673	43
1674	44
1675	41
1676	37
1677	48
1678	55
1679	52
1680	39
1681	52
1682	46
1683	53
1684	36
1685	52
1686	57
1687	51
1688	52
1689	56
1690	51
1691	49
1692	43
1693	41
1694	46
1695	39
1696	46
1697	53
1698	44
1699	48
1700	41
1701	34
1702	37
1703	50
1704	47
1705	41
1706	41
1707	50
1708	46
1709	45
1710	39
1711	41
1712	47
1713	50
1714	33
1715	46
1716	50
1717	45
1718	36
1719	46
1720	52
1721	35
1722	44
1723	47
1724	55
1725	42
1726	42
1727	47
1728	37
1729	55
1730	46
1731	52
1732	40
1733	44
1734	42
1735	49
1736	40
1737	42
1738	48
1739	48
1740	45
1741	51
1742	44
1743	50
1744	46
1745	52
1746	37
1747	42
1748	52
1749	58
1750	46
1751	52
1752	49
1753	37
1754	44
1755	54
1756	55
1757	43
1758	49
1759	36
1760	48
1761	47
1762	49
1763	41
1764	45
1765	51
1766	45
1767	44
1768	48
1769	48
1770	42
1771	44
1772	39
1773	38
1774	42
1775	41
1776	47
1777	35
1778	45
1779	43
1780	37
1781	45
1782	44
1783	44
1784	45
1785	43
1786	40
1787	38
1788	44
1789	47
1790	39
1791	46
1792	36
1793	55
1794	40
1795	53
1796	40
1797	57
1798	54
1799	42
1800	46
1801	51
1802	38
1803	44
1804	43
1805	55
1806	48
1807	48
1808	54
1809	47
1810	45
1811	48
1812	35
1813	44
1814	44
1815	42
1816	58
1817	42
1818	42
1819	40
1820	52
1821	38
1822	47
1823	29
1824	42
1825	51
1826	53
1827	39
1828	47
1829	42
1830	39
1831	48
1832	58
1833	50
1834	52
1835	38
1836	49
1837	40
1838	48
1839	44
1840	51
1841	43
1842	40
1843	44
1844	53
1845	32
1846	39
1847	35
1848	42
1849	42
1850	37
1851	43
1852	50
1853	49
1854	34
1855	43
1856	54
1857	60
1858	44
1859	43
1860	46
1861	42
1862	45
1863	49
1864	28
1865	48
1866	50
1867	48
1868	34
1869	42
1870	44
1871	49
1872	39
1873	42
1874	49
1875	41
1876	42
1877	36
1878	49
1879	43
1880	43
1881	45
1882	53
1883	49
1884	42
1885	51
1886	52
1887	50
1888	38
1889	46
1890	40
1891	53
1892	37
1893	45
1894	56
1895	37
1896	36
1897	45
1898	42
1899	38
1900	49
1901	53
1902	42
1903	41
1904	43
1905	49
1906	66
1907	41
1908	39
1909	32
1910	39
1911	50
1912	55
1913	31
1914	43
1915	44
1916	43
1917	41
1918	42
1919	43
1920	31
1921	40
1922	50
1923	52
1924	41
1925	42
1926	55
1927	46
1928	47
1929	48
1930	44
1931	44
1932	42
1933	37
1934	46
1935	45
1936	39
1937	44
1938	47
1939	53
1940	41
1941	39
1942	58
1943	36
1944	36
1945	45
1946	52
1947	44
1948	30
1949	40
1950	40
1951	39
1952	37
1953	43
1954	43
1955	43
1956	40
1957	28
1958	37
1959	46
1960	34
1961	46
1962	45
1963	45
1964	47
1965	41
1966	41
1967	56
1968	37
1969	41
1970	46
1971	45
1972	33
1973	23
1974	59
1975	41
1976	44
1977	47
1978	42
1979	52
1980	46
1981	41
1982	50
1983	43
1984	42
1985	46
1986	43
1987	53
1988	36
1989	50
1990	42
1991	29
1992	65
1993	39
1994	30
1995	46
1996	34
1997	56
1998	38
1999	48
2000	47
2001	44
2002	43
2003	40
2004	40
2005	41
2006	39
2007	50
2008	41
2009	42
2010	41
2011	46
2012	50
2013	41
2014	44
2015	50
2016	38
2017	40
2018	42
2019	36
2020	41
2021	55
2022	52
2023	49
2024	56
2025	43
2026	45
2027	49
2028	49
2029	46
2030	50
2031	37
2032	41
2033	53
2034	49
2035	45
2036	34
2037	38
2038	43
2039	39
2040	37
2041	36
2042	50
2043	41
2044	51
2045	56
2046	46
2047	51
2048	37
2049	47
2050	60
2051	40
2052	44
2053	48
2054	49
2055	44
2056	29
2057	41
2058	52
2059	36
2060	50
2061	54
2062	52
2063	36
2064	53
2065	46
2066	40
2067	52
2068	40
2069	57
2070	49
2071	44
2072	47
2073	48
2074	42
2075	42
2076	45
2077	64
2078	44
2079	37
2080	62
2081	29
2082	30
2083	41
2084	43
2085	48
2086	33
2087	43
2088	44
2089	51
2090	50
2091	41
2092	46
2093	38
2094	42
2095	42
2096	46
2097	58
2098	46
2099	37
2100	46
2101	50
2102	41
2103	45
2104	47
2105	43
2106	54
2107	41
2108	43
2109	39
2110	36
2111	42
2112	38
2113	39
2114	42
2115	49
2116	45
2117	39
2118	45
2119	40
2120	51
2121	54
2122	37
2123	58
2124	59
2125	54
2126	48
2127	41
2128	46
2129	53
2130	47
2131	46
2132	48
2133	58
2134	50
2135	51
2136	44
2137	61
2138	38
2139	49
2140	45
2141	43
2142	51
2143	49
2144	50
2145	44
2146	49
2147	49
2148	44
2149	51
2150	37
2151	59
2152	38
2153	53
2154	46
2155	61
2156	37
2157	58
2158	48
2159	46
2160	52
2161	49
2162	49
2163	35
2164	54
2165	47
2166	54
2167	42
2168	51
2169	45
2170	47
2171	46
2172	39
2173	54
2174	58
2175	67
2176	56
2177	45
2178	41
2179	65
2180	53
2181	45
2182	44
2183	53
2184	52
2185	52
2186	58
2187	53
2188	66
2189	48
2190	48
2191	63
2192	50
2193	49
2194	52
2195	56
2196	41
2197	59
2198	47
2199	46
2200	53
2201	51
2202	48
2203	49
2204	49
2205	39
2206	58
2207	48
2208	41
2209	46
2210	42
2211	50
2212	51
2213	42
2214	52
2215	53
2216	46
2217	41
2218	65
2219	49
2220	51
2221	52
2222	60
2223	55
2224	60
2225	51
2226	59
2227	44
2228	46
2229	66
2230	57
2231	50
2232	59
2233	62
2234	45
2235	51
2236	43
2237	43
2238	46
2239	51
2240	55
2241	46
2242	55
2243	62
2244	29
2245	41
2246	62
2247	59
2248	54
2249	56
2250	58
2251	50
2252	45
2253	57
2254	40
2255	53
2256	48
2257	45
2258	55
2259	61
2260	50
2261	34
2262	45
2263	45
2264	55
2265	38
2266	45
2267	57
2268	53
2269	61
2270	66
2271	49
2272	54
2273	58
2274	59
2275	34
2276	48
2277	50
2278	66
2279	41
2280	51
2281	70
2282	41
2283	56
2284	64
2285	52
2286	49
2287	56
2288	49
2289	54
2290	52
2291	47
2292	39
2293	55
2294	63
2295	46
2296	55
2297	45
2298	45
2299	49
2300	55
2301	51
2302	57
2303	63
2304	49
2305	50
2306	48
2307	52
2308	55
2309	48
2310	42
2311	60
2312	46
2313	46
2314	40
2315	55
2316	48
2317	51
2318	41
2319	44
2320	60
2321	52
2322	49
2323	47
2324	60
2325	50
2326	54
2327	57
2328	61
2329	72
2330	54
2331	54
2332	56
2333	43
2334	51
2335	55
2336	44
2337	52
2338	60
2339	48
2340	43
2341	57
2342	57
2343	58
2344	48
2345	41
2346	53
2347	60
2348	51
2349	41
2350	42
2351	60
2352	56
2353	51
2354	50
2355	56
2356	41
2357	41
2358	49
2359	55
2360	53
2361	50
2362	55
2363	54
2364	56
2365	84
2366	50
2367	51
2368	58
2369	65
2370	52
2371	50
2372	52
2373	59
2374	53
2375	48
2376	52
2377	60
2378	67
2379	77
2380	51
2381	40
2382	59
2383	57
2384	53
2385	49
2386	54
2387	46
2388	57
2389	51
2390	69
2391	46
2392	54
2393	56
2394	50
2395	69
2396	64
2397	52
2398	51
2399	58
2400	48
2401	44
2402	57
2403	44
2404	41
2405	46
2406	48
2407	44
2408	56
2409	46
2410	65
2411	59
2412	45
2413	49
2414	48
2415	45
2416	60
2417	54
2418	55
2419	47
2420	61
2421	50
2422	41
2423	44
2424	42
2425	47
2426	48
2427	47
2428	49
2429	47
2430	50
2431	54
2432	42
2433	53
2434	55
2435	50
2436	47
2437	36
2438	47
2439	56
2440	43
2441	45
2442	49
2443	48
2444	57
2445	48
2446	58
2447	51
2448	64
2449	50
2450	53
2451	39
2452	51
2453	52
2454	56
2455	40
2456	38
2457	62
2458	56
2459	56
2460	31
2461	58
2462	45
2463	54
2464	58
2465	44
2466	49
2467	43
2468	46
2469	50
2470	47
2471	55
2472	51
2473	44
2474	60
2475	49
2476	42
2477	40
2478	46
2479	44
2480	43
2481	41
2482	60
2483	38
2484	41
2485	52
2486	55
2487	45
2488	38
2489	50
2490	43
2491	53
2492	57
2493	43
2494	53
2495	53
2496	47
2497	48
2498	50
2499	50
2500	42
2501	46
2502	49
2503	36
2504	57
2505	54
2506	57
2507	37
2508	36
2509	44
2510	57
2511	58
2512	47
2513	58
2514	47
2515	49
2516	47
2517	49
2518	46
2519	47
2520	49
2521	38
2522	44
2523	41
2524	47
2525	47
2526	48
2527	47
2528	64
2529	57
2530	49
2531	48
2532	46
2533	55
2534	57
2535	51
2536	37
2537	39
2538	44
2539	63
2540	36
2541	56
2542	38
2543	60
2544	52
2545	47
2546	46
2547	46
2548	44
2549	47
2550	37
2551	44
2552	46
2553	53
2554	47
2555	43
2556	55
2557	52
2558	41
2559	42
2560	41
2561	44
2562	47
2563	55
2564	42
2565	48
2566	35
2567	43
2568	40
2569	47
2570	47
2571	38
2572	46
2573	46
2574	43
2575	50
2576	50
2577	30
2578	63
2579	48
2580	53
2581	37
2582	48
2583	54
2584	33
2585	34
2586	52
2587	51
2588	48
2589	45
2590	40
2591	57
2592	55
2593	42
2594	28
2595	45
2596	53
2597	43
2598	42
2599	45
2600	53
2601	35
2602	56
2603	43
2604	38
2605	42
2606	53
2607	42
2608	34
2609	44
2610	44
2611	36
2612	39
2613	47
2614	45
2615	36
2616	37
2617	37
2618	44
2619	43
2620	35
2621	47
2622	44
2623	54
2624	44
2625	38
2626	35
2627	38
2628	41
2629	32
2630	52
2631	36
2632	49
2633	33
2634	48
2635	49
2636	37
2637	41
2638	41
2639	42
2640	45
2641	43
2642	38
2643	48
2644	47
2645	42
2646	45
2647	43
2648	45
2649	38
2650	40
2651	44
2652	48
2653	47
2654	38
2655	44
2656	43
2657	40
2658	28
2659	41
2660	59
2661	36
2662	36
2663	48
2664	48
2665	53
2666	35
2667	45
2668	38
2669	41
2670	37
2671	44
2672	43
2673	45
2674	61
2675	35
2676	46
2677	42
2678	30
2679	40
2680	38
2681	39
2682	43
2683	38
2684	36
2685	51
2686	51
2687	37
2688	46
2689	37
2690	44
2691	41
2692	39
2693	47
2694	37
2695	35
2696	46
2697	47
2698	43
2699	48
2700	41
2701	42
2702	41
2703	46
2704	42
2705	42
2706	49
2707	44
2708	34
2709	38
2710	29
2711	41
2712	48
2713	44
2714	41
2715	43
2716	55
2717	41
2718	50
2719	55
2720	36
2721	33
2722	41
2723	42
2724	47
2725	51
2726	36
2727	46
2728	46
2729	45
2730	43
2731	46
2732	42
2733	44
2734	44
2735	45
2736	36
2737	35
2738	50
2739	43
2740	50
2741	37
2742	49
2743	40
2744	25
2745	34
2746	33
2747	40
2748	41
2749	42
2750	49
2751	45
2752	49
2753	46
2754	45
2755	39
2756	43
2757	42
2758	31
2759	31
2760	42
2761	37
2762	41
2763	36
2764	22
2765	41
2766	41
2767	41
2768	30
2769	37
2770	32
2771	35
2772	39
2773	46
2774	43
2775	33
2776	35
2777	40
2778	33
2779	42
2780	35
2781	45
2782	48
2783	35
2784	38
2785	38
2786	41
2787	39
2788	39
2789	32
2790	55
2791	43
2792	37
2793	36
2794	44
2795	44
2796	34
2797	50
2798	45
2799	45
2800	37
2801	40
2802	44
2803	47
2804	39
2805	45
2806	44
2807	41
2808	34
2809	37
2810	41
2811	49
2812	39
2813	40
2814	44
2815	39
2816	41
2817	41
2818	42
2819	28
2820	41
2821	36
2822	35
2823	36
2824	29
2825	30
2826	40
2827	37
2828	38
2829	37
2830	39
2831	45
2832	42
2833	50
2834	51
2835	43
2836	31
2837	24
2838	42
2839	44
2840	34
2841	35
2842	34
2843	42
2844	34
2845	37
2846	49
2847	48
2848	45
2849	39
2850	26
2851	43
2852	40
2853	46
2854	39
2855	46
2856	34
2857	37
2858	48
2859	42
2860	37
2861	25
2862	38
2863	41
2864	42
2865	45
2866	35
2867	34
2868	33
2869	36
2870	43
2871	39
2872	35
2873	45
2874	35
2875	51
2876	49
2877	45
2878	46
2879	55
2880	35
2881	39
2882	49
2883	30
2884	35
2885	40
2886	32
2887	36
2888	27
2889	42
2890	38
2891	41
2892	38
2893	29
2894	47
2895	37
2896	40
2897	39
2898	24
2899	42
2900	25
2901	51
2902	35
2903	43
2904	38
2905	36
2906	37
2907	37
2908	37
2909	30
2910	33
2911	38
2912	39
2913	28
2914	46
2915	35
2916	46
2917	48
2918	52
2919	49
2920	31
2921	42
2922	36
2923	44
2924	36
2925	46
2926	48
2927	33
2928	31
2929	43
2930	35
2931	42
2932	31
2933	49
2934	43
2935	32
2936	39
2937	39
2938	27
2939	42
2940	39
2941	40
2942	31
2943	43
2944	34
2945	27
2946	37
2947	40
2948	35
2949	52
2950	32
2951	36
2952	39
2953	40
2954	31
2955	39
2956	33
2957	40
2958	32
2959	28
2960	40
2961	41
2962	42
2963	44
2964	46
2965	26
2966	45
2967	38
2968	31
2969	41
2970	31
2971	38
2972	33
2973	36
2974	42
2975	32
2976	42
2977	27
2978	33
2979	31
2980	38
2981	30
2982	44
2983	45
2984	39
2985	35
2986	36
2987	38
2988	32
2989	34
2990	42
2991	47
2992	39
2993	35
2994	39
2995	35
2996	39
2997	37
2998	27
2999	35
3000	39
3001	38
3002	41
3003	25
3004	34
3005	41
3006	35
3007	36
3008	37
3009	45
3010	29
3011	36
3012	50
3013	49
3014	35
3015	27
3016	38
3017	32
3018	27
3019	38
3020	42
3021	39
3022	42
3023	40
3024	29
3025	47
3026	25
3027	39
3028	23
3029	25
3030	23
3031	28
3032	41
3033	29
3034	32
3035	30
3036	32
3037	39
3038	30
3039	23
3040	37
3041	38
3042	43
3043	31
3044	40
3045	35
3046	35
3047	36
3048	36
3049	29
3050	43
3051	34
3052	41
3053	29
3054	23
3055	27
3056	39
3057	30
3058	24
3059	33
3060	40
3061	36
3062	35
3063	41
3064	42
3065	27
3066	42
3067	38
3068	30
3069	34
3070	36
3071	40
3072	28
3073	27
3074	41
3075	42
3076	29
3077	35
3078	38
3079	40
3080	40
3081	28
3082	42
3083	32
3084	27
3085	40
3086	34
3087	29
3088	34
3089	44
3090	26
3091	37
3092	42
3093	31
3094	32
3095	41
3096	37
3097	39
3098	28
3099	31
3100	35
3101	40
3102	37
3103	29
3104	34
3105	41
3106	50
3107	47
3108	38
3109	34
3110	38
3111	25
3112	33
3113	29
3114	49
3115	33
3116	35
3117	40
3118	36
3119	31
3120	30
3121	40
3122	27
3123	36
3124	30
3125	36
3126	27
3127	39
3128	35
3129	35
3130	32
3131	15
3132	26
3133	34
3134	28
3135	35
3136	35
3137	26
3138	32
3139	41
3140	35
3141	32
3142	22
3143	27
3144	35
3145	33
3146	36
3147	35
3148	30
3149	39
3150	34
3151	18
3152	43
3153	32
3154	35
3155	37
3156	47
3157	30
3158	44
3159	33
3160	36
3161	27
3162	32
3163	40
3164	41
3165	34
3166	38
3167	24
3168	26
3169	35
3170	36
3171	28
3172	38
3173	27
3174	38
3175	31
3176	46
3177	38
3178	23
3179	25
3180	38
3181	36
3182	36
3183	35
3184	36
3185	37
3186	32
3187	26
3188	32
3189	26
3190	35
3191	25
3192	37
3193	38
3194	37
3195	26
3196	33
3197	40
3198	33
3199	30
3200	33
3201	24
3202	26
3203	25
3204	36
3205	42
3206	31
3207	35
3208	30
3209	42
3210	35
3211	39
3212	31
3213	34
3214	40
3215	42
3216	30
3217	22
3218	34
3219	26
3220	41
3221	29
3222	30
3223	30
3224	29
3225	23
3226	29
3227	31
3228	38
3229	40
3230	21
3231	26
3232	34
3233	36
3234	26
3235	26
3236	30
3237	41
3238	27
3239	27
3240	26
3241	30
3242	30
3243	28
3244	33
3245	30
3246	30
3247	28
3248	35
3249	34
3250	30
3251	31
3252	28
3253	28
3254	30
3255	31
3256	36
3257	24
3258	29
3259	29
3260	27
3261	28
3262	31
3263	31
3264	36
3265	35
3266	28
3267	29
3268	30
3269	36
3270	30
3271	29
3272	38
3273	31
3274	27
3275	31
3276	27
3277	24
3278	28
3279	33
3280	22
3281	25
3282	38
3283	33
3284	30
3285	14
3286	30
3287	27
3288	30
3289	23
3290	27
3291	36
3292	28
3293	26
3294	33
3295	29
3296	29
3297	31
3298	25
3299	34
3300	24
3301	32
3302	29
3303	30
3304	25
3305	24
3306	34
3307	33
3308	20
3309	28
3310	38
3311	22
3312	28
3313	33
3314	39
3315	20
3316	29
3317	35
3318	29
3319	23
3320	35
3321	26
3322	33
3323	26
3324	28
3325	34
3326	39
3327	38
3328	33
3329	33
3330	20
3331	40
3332	33
3333	32
3334	28
3335	31
3336	27
3337	25
3338	23
3339	30
3340	38
3341	25
3342	36
3343	27
3344	30
3345	25
3346	17
3347	35
3348	33
3349	31
3350	21
3351	24
3352	19
3353	29
3354	30
3355	31
3356	29
3357	28
3358	27
3359	34
3360	22
3361	26
3362	31
3363	29
3364	23
3365	39
3366	29
3367	26
3368	30
3369	53
3370	41
3371	22
3372	33
3373	28
3374	28
3375	18
3376	34
3377	30
3378	27
3379	16
3380	27
3381	32
3382	23
3383	32
3384	25
3385	30
3386	22
3387	37
3388	27
3389	33
3390	33
3391	27
3392	22
3393	25
3394	35
3395	29
3396	26
3397	22
3398	25
3399	35
3400	26
3401	22
3402	37
3403	22
3404	23
3405	23
3406	21
3407	31
3408	21
3409	24
3410	32
3411	31
3412	20
3413	24
3414	28
3415	24
3416	23
3417	33
3418	16
3419	31
3420	26
3421	35
3422	30
3423	25
3424	31
3425	31
3426	26
3427	31
3428	23
3429	25
3430	21
3431	25
3432	29
3433	30
3434	23
3435	25
3436	37
3437	30
3438	26
3439	31
3440	29
3441	36
3442	36
3443	39
3444	19
3445	27
3446	28
3447	31
3448	33
3449	16
3450	23
3451	18
3452	29
3453	27
3454	40
3455	32
3456	27
3457	26
3458	22
3459	35
3460	29
3461	25
3462	15
3463	18
3464	30
3465	27
3466	24
3467	29
3468	24
3469	31
3470	26
3471	30
3472	31
3473	34
3474	35
3475	29
3476	34
3477	23
3478	35
3479	23
3480	37
3481	16
3482	22
3483	32
3484	26
3485	29
3486	31
3487	26
3488	23
3489	37
3490	29
3491	38
3492	30
3493	34
3494	24
3495	23
3496	24
3497	24
3498	29
3499	29
3500	28
3501	31
3502	21
3503	36
3504	25
3505	30
3506	28
3507	29
3508	21
3509	24
3510	24
3511	17
3512	30
3513	32
3514	26
3515	28
3516	25
3517	27
3518	24
3519	23
3520	22
3521	27
3522	29
3523	30
3524	30
3525	26
3526	24
3527	22
3528	32
3529	27
3530	33
3531	18
3532	26
3533	29
3534	25
3535	28
3536	36
3537	25
3538	29
3539	34
3540	27
3541	34
3542	29
3543	30
3544	33
3545	27
3546	41
3547	29
3548	28
3549	22
3550	28
3551	14
3552	22
3553	25
3554	37
3555	26
3556	23
3557	39
3558	14
3559	33
3560	24
3561	30
3562	27
3563	36
3564	43
3565	35
3566	21
3567	26
3568	35
3569	30
3570	29
3571	36
3572	19
3573	19
3574	22
3575	27
3576	21
3577	18
3578	29
3579	22
3580	32
3581	17
3582	35
3583	27
3584	25
3585	31
3586	24
3587	30
3588	19
3589	23
3590	30
3591	23
3592	24
3593	30
3594	25
3595	21
3596	23
3597	38
3598	31
3599	31
3600	28
3601	26
3602	19
3603	24
3604	20
3605	34
3606	33
3607	34
3608	29
3609	22
3610	20
3611	32
3612	28
3613	30
3614	27
3615	17
3616	31
3617	30
3618	21
3619	24
3620	28
3621	26
3622	29
3623	23
3624	25
3625	33
3626	25
3627	32
3628	24
3629	33
3630	30
3631	28
3632	22
3633	27
3634	24
3635	28
3636	33
3637	26
3638	26
3639	34
3640	25
3641	27
3642	31
3643	27
3644	31
3645	24
3646	30
3647	20
3648	26
3649	24
3650	32
3651	26
3652	23
3653	30
3654	25
3655	29
3656	18
3657	30
3658	21
3659	32
3660	26
3661	19
3662	28
3663	29
3664	36
3665	20
3666	20
3667	31
3668	23
3669	12
3670	29
3671	24
3672	40
3673	24
3674	28
3675	28
3676	16
3677	24
3678	20
3679	16
3680	27
3681	28
3682	23
3683	17
3684	25
3685	29
3686	25
3687	31
3688	29
3689	21
3690	33
3691	35
3692	28
3693	26
3694	29
3695	26
3696	14
3697	29
3698	26
3699	27
3700	31
3701	29
3702	30
3703	21
3704	28
3705	36
3706	29
3707	30
3708	32
3709	22
3710	19
3711	23
3712	21
3713	24
3714	25
3715	33
3716	30
3717	34
3718	28
3719	38
3720	22
3721	19
3722	28
3723	20
3724	22
3725	25
3726	29
3727	30
3728	20
3729	20
3730	28
3731	22
3732	35
3733	24
3734	18
3735	25
3736	23
3737	19
3738	32
3739	17
3740	26
3741	29
3742	19
3743	27
3744	24
3745	24
3746	28
3747	35
3748	23
3749	23
3750	24
3751	26
3752	33
3753	34
3754	34
3755	27
3756	16
3757	26
3758	19
3759	37
3760	19
3761	24
3762	29
3763	28
3764	24
3765	27
3766	20
3767	20
3768	28
3769	21
3770	26
3771	32
3772	35
3773	25
3774	17
3775	26
3776	24
3777	15
3778	24
3779	19
3780	19
3781	24
3782	25
3783	30
3784	29
3785	30
3786	33
3787	30
3788	30
3789	24
3790	29
3791	27
3792	26
3793	30
3794	28
3795	28
3796	24
3797	19
3798	35
3799	28
3800	25
3801	21
3802	22
3803	33
3804	27
3805	15
3806	26
3807	28
3808	24
3809	26
3810	18
3811	21
3812	30
3813	18
3814	26
3815	20
3816	24
3817	22
3818	27
3819	20
3820	33
3821	35
3822	17
3823	16
3824	27
3825	27
3826	27
3827	26
3828	33
3829	21
3830	30
3831	21
3832	20
3833	30
3834	23
3835	18
3836	24
3837	32
3838	20
3839	26
3840	30
3841	24
3842	30
3843	25
3844	19
3845	26
3846	25
3847	39
3848	22
3849	29
3850	19
3851	18
3852	24
3853	21
3854	33
3855	21
3856	26
3857	25
3858	42
3859	44
3860	29
3861	26
3862	21
3863	21
3864	26
3865	28
3866	20
3867	25
3868	20
3869	24
3870	24
3871	18
3872	26
3873	25
3874	24
3875	29
3876	22
3877	19
3878	27
3879	25
3880	30
3881	28
3882	31
3883	21
3884	28
3885	27
3886	20
3887	29
3888	20
3889	19
3890	24
3891	31
3892	24
3893	22
3894	26
3895	22
3896	20
3897	26
3898	18
3899	28
3900	29
3901	19
3902	36
3903	32
3904	22
3905	33
3906	29
3907	21
3908	16
3909	25
3910	28
3911	20
3912	24
3913	31
3914	18
3915	24
3916	24
3917	30
3918	29
3919	29
3920	37
3921	26
3922	28
3923	24
3924	29
3925	24
3926	23
3927	28
3928	29
3929	30
3930	29
3931	23
3932	25
3933	26
3934	27
3935	26
3936	25
3937	23
3938	29
3939	25
3940	21
3941	34
3942	20
3943	31
3944	21
3945	24
3946	27
3947	27
3948	26
3949	18
3950	30
3951	31
3952	27
3953	34
3954	32
3955	18
3956	26
3957	24
3958	22
3959	23
3960	32
3961	30
3962	27
3963	21
3964	30
3965	27
3966	30
3967	22
3968	24
3969	29
3970	28
3971	16
3972	15
3973	29
3974	32
3975	21
3976	32
3977	28
3978	15
3979	28
3980	27
3981	24
3982	20
3983	15
3984	27
3985	24
3986	27
3987	19
3988	22
3989	26
3990	28
3991	29
3992	32
3993	20
3994	22
3995	22
3996	20
3997	11
3998	18
3999	29
4000	27
4001	22
4002	21
4003	28
4004	31
4005	22
4006	25
4007	25
4008	18
4009	29
4010	23
4011	25
4012	23
4013	26
4014	29
4015	22
4016	21
4017	16
4018	30
4019	26
4020	23
4021	30
4022	24
4023	21
4024	26
4025	25
4026	27
4027	13
4028	21
4029	21
4030	18
4031	21
4032	18
4033	25
4034	27
4035	25
4036	30
4037	21
4038	22
4039	21
4040	20
4041	33
4042	18
4043	27
4044	23
4045	27
4046	23
4047	17
4048	18
4049	20
4050	22
4051	18
4052	21
4053	20
4054	15
4055	27
4056	26
4057	25
4058	27
4059	22
4060	21
4061	22
4062	22
4063	23
4064	37
4065	21
4066	32
4067	29
4068	27
4069	29
4070	16
4071	28
4072	31
4073	27
4074	15
4075	21
4076	25
4077	31
4078	23
4079	19
4080	24
4081	15
4082	24
4083	19
4084	24
4085	24
4086	23
4087	19
4088	22
4089	22
4090	20
4091	27
4092	29
4093	30
4094	20
4095	17
4096	13
4097	24
4098	21
4099	20
4100	31
4101	32
4102	22
4103	25
4104	20
4105	21
4106	21
4107	21
4108	27
4109	25
4110	21
4111	20
4112	23
4113	24
4114	17
4115	27
4116	20
4117	31
4118	21
4119	22
4120	16
4121	23
4122	22
4123	22
4124	18
4125	25
4126	18
4127	26
4128	18
4129	12
4130	27
4131	20
4132	26
4133	15
4134	20
4135	19
4136	17
4137	25
4138	16
4139	18
4140	10
4141	26
4142	14
4143	34
4144	30
4145	16
4146	29
4147	29
4148	23
4149	25
4150	23
4151	23
4152	25
4153	22
4154	18
4155	15
4156	23
4157	22
4158	20
4159	23
4160	25
4161	20
4162	20
4163	22
4164	24
4165	22
4166	17
4167	28
4168	24
4169	15
4170	20
4171	16
4172	21
4173	17
4174	18
4175	23
4176	17
4177	24
4178	29
4179	21
4180	14
4181	24
4182	23
4183	21
4184	22
4185	26
4186	19
4187	24
4188	24
4189	26
4190	28
4191	22
4192	27
4193	24
4194	20
4195	28
4196	27
4197	23
4198	24
4199	28
4200	21
4201	22
4202	22
4203	24
4204	18
4205	13
4206	19
4207	17
4208	19
4209	27
4210	22
4211	19
4212	25
4213	20
4214	26
4215	18
4216	17
4217	12
4218	15
4219	17
4220	15
4221	18
4222	18
4223	23
4224	26
4225	21
4226	19
4227	20
4228	10
4229	25
4230	20
4231	27
4232	18
4233	27
4234	22
4235	29
4236	21
4237	24
4238	19
4239	15
4240	15
4241	23
4242	14
4243	23
4244	27
4245	21
4246	23
4247	20
4248	26
4249	16
4250	20
4251	20
4252	12
4253	24
4254	26
4255	13
4256	28
4257	23
4258	12
4259	22
4260	13
4261	16
4262	14
4263	12
4264	24
4265	23
4266	16
4267	22
4268	20
4269	15
4270	17
4271	13
4272	22
4273	23
4274	16
4275	15
4276	19
4277	23
4278	25
4279	13
4280	16
4281	22
4282	15
4283	18
4284	24
4285	17
4286	21
4287	24
4288	18
4289	28
4290	22
4291	25
4292	22
4293	16
4294	19
4295	16
4296	27
4297	17
4298	23
4299	18
4300	17
4301	21
4302	26
4303	18
4304	20
4305	19
4306	14
4307	22
4308	20
4309	24
4310	20
4311	17
4312	19
4313	21
4314	17
4315	21
4316	26
4317	17
4318	15
4319	20
4320	21
4321	14
4322	18
4323	14
4324	14
4325	14
4326	20
4327	17
4328	35
4329	21
4330	19
4331	18
4332	25
4333	21
4334	14
4335	6
4336	23
4337	25
4338	16
4339	21
4340	17
4341	22
4342	20
4343	16
4344	16
4345	18
4346	16
4347	18
4348	29
4349	28
4350	11
4351	12
4352	26
4353	15
4354	24
4355	14
4356	7
4357	21
4358	20
4359	12
4360	25
4361	13
4362	17
4363	12
4364	19
4365	15
4366	17
4367	25
4368	22
4369	17
4370	12
4371	24
4372	14
4373	16
4374	21
4375	23
4376	12
4377	21
4378	19
4379	15
4380	28
4381	13
4382	16
4383	17
4384	23
4385	18
4386	15
4387	16
4388	21
4389	15
4390	17
4391	18
4392	12
4393	10
4394	17
4395	27
4396	18
4397	16
4398	13
4399	18
4400	14
4401	15
4402	18
4403	17
4404	24
4405	23
4406	16
4407	13
4408	9
4409	17
4410	15
4411	13
4412	15
4413	17
4414	16
4415	10
4416	18
4417	12
4418	17
4419	16
4420	17
4421	17
4422	13
4423	20
4424	17
4425	15
4426	19
4427	17
4428	13
4429	8
4430	11
4431	13
4432	12
4433	17
4434	14
4435	16
4436	12
4437	11
4438	15
4439	17
4440	18
4441	20
4442	16
4443	15
4444	20
4445	18
4446	20
4447	7
4448	16
4449	9
4450	15
4451	15
4452	25
4453	16
4454	17
4455	13
4456	13
4457	15
4458	15
4459	18
4460	26
4461	15
4462	16
4463	16
4464	16
4465	9
4466	14
4467	16
4468	18
4469	15
4470	19
4471	13
4472	13
4473	21
4474	11
4475	16
4476	14
4477	10
4478	20
4479	14
4480	13
4481	11
4482	11
4483	19
4484	12
4485	11
4486	17
4487	13
4488	10
4489	12
4490	24
4491	11
4492	15
4493	20
4494	14
4495	15
4496	16
4497	16
4498	18
4499	12
4500	11
4501	21
4502	9
4503	13
4504	16
4505	14
4506	19
4507	20
4508	17
4509	15
4510	13
4511	13
4512	15
4513	10
4514	10
4515	11
4516	16
4517	16
4518	18
4519	14
4520	10
4521	16
4522	16
4523	13
4524	16
4525	13
4526	14
4527	15
4528	10
4529	13
4530	10
4531	15
4532	12
4533	10
4534	12
4535	11
4536	9
4537	13
4538	13
4539	12
4540	16
4541	16
4542	8
4543	9
4544	14
4545	16
4546	17
4547	15
4548	13
4549	18
4550	8
4551	14
4552	14
4553	6
4554	7
4555	19
4556	16
4557	10
4558	7
4559	11
4560	8
4561	19
4562	15
4563	14
4564	18
4565	15
4566	17
4567	10
4568	16
4569	15
4570	11
4571	12
4572	12
4573	14
4574	19
4575	17
4576	15
4577	18
4578	12
4579	13
4580	19
4581	11
4582	14
4583	16
4584	12
4585	10
4586	18
4587	14
4588	12
4589	17
4590	8
4591	10
4592	10
4593	9
4594	10
4595	13
4596	7
4597	19
4598	11
4599	16
4600	12
4601	15
4602	12
4603	19
4604	12
4605	8
4606	18
4607	16
4608	9
4609	12
4610	17
4611	11
4612	8
4613	14
4614	11
4615	7
4616	18
4617	7
4618	10
4619	12
4620	11
4621	9
4622	6
4623	16
4624	14
4625	12
4626	11
4627	15
4628	7
4629	14
4630	11
4631	21
4632	7
4633	12
4634	11
4635	13
4636	14
4637	13
4638	9
4639	7
4640	8
4641	13
4642	10
4643	12
4644	10
4645	13
4646	11
4647	11
4648	13
4649	10
4650	13
4651	16
4652	10
4653	8
4654	10
4655	5
4656	15
4657	10
4658	12
4659	11
4660	10
4661	13
4662	11
4663	10
4664	13
4665	19
4666	9
4667	10
4668	7
4669	10
4670	15
4671	12
4672	8
4673	13
4674	16
4675	11
4676	12
4677	12
4678	6
4679	11
4680	16
4681	13
4682	14
4683	8
4684	10
4685	5
4686	8
4687	15
4688	8
4689	17
4690	8
4691	6
4692	6
4693	18
4694	17
4695	11
4696	11
4697	10
4698	10
4699	10
4700	12
4701	14
4702	12
4703	15
4704	11
4705	6
4706	7
4707	8
4708	7
4709	15
4710	11
4711	7
4712	8
4713	12
4714	9
4715	13
4716	11
4717	13
4718	12
4719	14
4720	15
4721	5
4722	15
4723	10
4724	14
4725	13
4726	11
4727	12
4728	10
4729	14
4730	16
4731	17
4732	15
4733	8
4734	9
4735	15
4736	9
4737	15
4738	17
4739	10
4740	8
4741	16
4742	5
4743	13
4744	8
4745	9
4746	12
4747	10
4748	12
4749	10
4750	9
4751	12
4752	12
4753	14
4754	7
4755	10
4756	9
4757	13
4758	7
4759	9
4760	10
4761	15
4762	15
4763	7
4764	11
4765	12
4766	11
4767	11
4768	16
4769	9
4770	12
4771	15
4772	7
4773	8
4774	6
4775	9
4776	10
4777	10
4778	11
4779	8
4780	12
4781	19
4782	7
4783	10
4784	15
4785	11
4786	10
4787	5
4788	4
4789	12
4790	10
4791	8
4792	14
4793	8
4794	16
4795	10
4796	9
4797	8
4798	8
4799	13
4800	18
4801	9
4802	9
4803	15
4804	7
4805	12
4806	8
4807	11
4808	16
4809	11
4810	10
4811	9
4812	11
4813	9
4814	10
4815	15
4816	7
4817	6
4818	12
4819	9
4820	18
4821	12
4822	11
4823	9
4824	7
4825	17
4826	9
4827	13
4828	10
4829	14
4830	14
4831	19
4832	9
4833	10
4834	7
4835	9
4836	11
4837	13
4838	10
4839	6
4840	10
4841	11
4842	14
4843	8
4844	12
4845	7
4846	13
4847	10
4848	12
4849	14
4850	11
4851	5
4852	14
4853	12
4854	14
4855	9
4856	21
4857	14
4858	9
4859	13
4860	11
4861	11
4862	9
4863	9
4864	12
4865	9
4866	9
4867	6
4868	12
4869	11
4870	6
4871	12
4872	16
4873	13
4874	13
4875	10
4876	4
4877	11
4878	14
4879	8
4880	5
4881	10
4882	6
4883	8
4884	16
4885	10
4886	9
4887	14
4888	10
4889	10
4890	10
4891	8
4892	15
4893	5
4894	9
4895	14
4896	9
4897	7
4898	11
4899	10
4900	11
4901	9
4902	8
4903	11
4904	10
4905	12
4906	9
4907	7
4908	10
4909	11
4910	13
4911	19
4912	10
4913	6
4914	4
4915	9
4916	9
4917	17
4918	10
4919	14
4920	10
4921	9
4922	8
4923	10
4924	17
4925	9
4926	11
4927	9
4928	11
4929	9
4930	8
4931	11
4932	11
4933	9
4934	11
4935	9
4936	8
4937	9
4938	10
4939	9
4940	10
4941	11
4942	6
4943	14
4944	7
4945	6
4946	7
4947	8
4948	10
4949	13
4950	16
4951	4
4952	15
4953	7
4954	11
4955	6
4956	6
4957	4
4958	10
4959	8
4960	7
4961	8
4962	8
4963	11
4964	4
4965	13
4966	12
4967	9
4968	11
4969	5
4970	8
4971	6
4972	14
4973	4
4974	15
4975	8
4976	9
4977	7
4978	11
4979	5
4980	4
4981	14
4982	9
4983	12
4984	11
4985	10
4986	6
4987	7
4988	7
4989	6
4990	11
4991	8
4992	13
4993	7
4994	13
4995	11
4996	14
4997	5
4998	4
4999	10
5000	9
5001	8
5002	15
5003	8
5004	6
5005	3
5006	6
5007	9
5008	10
5009	9
5010	8
5011	14
5012	9
5013	8
5014	10
5015	6
5016	10
5017	6
5018	9
5019	7
5020	4
5021	11
5022	4
5023	8
5024	8
5025	11
5026	9
5027	7
5028	10
5029	11
5030	8
5031	11
5032	10
5033	11
5034	6
5035	8
5036	12
5037	10
5038	6
5039	9
5040	4
5041	6
5042	8
5043	4
5044	8
5045	12
5046	13
5047	6
5048	10
5049	15
5050	12
5051	11
5052	11
5053	7
5054	13
5055	7
5056	17
5057	8
5058	10
5059	4
5060	8
5061	9
5062	7
5063	7
5064	10
5065	10
5066	9
5067	7
5068	4
5069	10
5070	7
5071	9
5072	6
5073	11
5074	8
5075	7
5076	8
5077	7
5078	8
5079	12
5080	5
5081	11
5082	9
5083	6
5084	5
5085	4
5086	9
5087	15
5088	6
5089	6
5090	7
5091	9
5092	8
5093	9
5094	8
5095	12
5096	16
5097	11
5098	6
5099	8
5100	5
5101	9
5102	7
5103	9
5104	9
5105	7
5106	12
5107	9
5108	3
5109	9
5110	6
5111	8
5112	10
5113	7
5114	12
5115	7
5116	7
5117	9
5118	5
5119	7
5120	6
5121	7
5122	8
5123	5
5124	6
5125	4
5126	10
5127	14
5128	7
5129	7
5130	12
5131	9
5132	10
5133	4
5134	7
5135	7
5136	5
5137	7
5138	5
5139	7
5140	9
5141	9
5142	8
5143	9
5144	9
5145	7
5146	6
5147	12
5148	10
5149	9
5150	12
5151	10
5152	6
5153	8
5154	5
5155	13
5156	12
5157	9
5158	10
5159	7
5160	6
5161	7
5162	5
5163	7
5164	9
5165	4
5166	5
5167	16
5168	4
5169	7
5170	8
5171	5
5172	8
5173	8
5174	8
5175	4
5176	7
5177	5
5178	8
5179	6
5180	6
5181	11
5182	14
5183	9
5184	7
5185	10
5186	10
5187	5
5188	10
5189	5
5190	8
5191	3
5192	8
5193	14
5194	9
5195	11
5196	12
5197	9
5198	9
5199	10
5200	8
5201	11
5202	10
5203	8
5204	6
5205	17
5206	5
5207	15
5208	12
5209	10
5210	6
5211	8
5212	6
5213	15
5214	8
5215	8
5216	10
5217	11
5218	6
5219	9
5220	10
5221	9
5222	5
5223	8
5224	12
5225	3
5226	3
5227	10
5228	7
5229	6
5230	10
5231	12
5232	4
5233	9
5234	9
5235	11
5236	3
5237	5
5238	11
5239	8
5240	8
5241	9
5242	4
5243	10
5244	9
5245	9
5246	9
5247	13
5248	11
5249	12
5250	6
5251	15
5252	13
5253	7
5254	9
5255	6
5256	9
5257	8
5258	7
5259	8
5260	10
5261	9
5262	10
5263	15
5264	6
5265	4
5266	3
5267	9
5268	5
5269	11
5270	14
5271	6
5272	12
5273	7
5274	6
5275	11
5276	11
5277	9
5278	9
5279	12
5280	10
5281	9
5282	16
5283	4
5284	5
5285	7
5286	8
5287	10
5288	6
5289	8
5290	10
5291	8
5292	12
5293	7
5294	13
5295	14
5296	7
5297	5
5298	5
5299	10
5300	10
5301	7
5302	7
5303	6
5304	3
5305	7
5306	5
5307	6
5308	13
5309	9
5310	7
5311	6
5312	11
5313	11
5314	7
5315	11
5316	12
5317	7
5318	10
5319	8
5320	8
5321	7
5322	8
5323	13
5324	4
5325	8
5326	8
5327	5
5328	4
5329	4
5330	13
5331	6
5332	5
5333	9
5334	7
5335	10
5336	8
5337	7
5338	7
5339	11
5340	11
5341	8
5342	5
5343	10
5344	9
5345	13
5346	7
5347	10
5348	7
5349	6
5350	9
5351	7
5352	7
5353	8
5354	13
5355	7
5356	9
5357	14
5358	9
5359	11
5360	9
5361	5
5362	8
5363	10
5364	8
5365	8
5366	7
5367	9
5368	10
5369	4
5370	5
5371	10
5372	9
5373	13
5374	8
5375	10
5376	3
5377	8
5378	9
5379	10
5380	8
5381	13
5382	14
5383	14
5384	8
5385	9
5386	12
5387	6
5388	10
5389	12
5390	6
5391	9
5392	9
5393	11
5394	11
5395	9
5396	10
5397	9
5398	10
5399	7
5400	8
5401	11
5402	9
5403	9
5404	6
5405	6
5406	5
5407	7
5408	4
5409	9
5410	8
5411	10
5412	8
5413	11
5414	11
5415	3
5416	6
5417	7
5418	10
5419	3
5420	7
5421	16
5422	8
5423	6
5424	8
5425	6
5426	7
5427	7
5428	9
5429	7
5430	9
5431	6
5432	5
5433	7
5434	8
5435	13
5436	11
5437	8
5438	5
5439	13
5440	4
5441	8
5442	8
5443	8
5444	7
5445	7
5446	10
5447	8
5448	6
5449	12
5450	6
5451	6
5452	13
5453	8
5454	8
5455	5
5456	3
5457	8
5458	11
5459	11
5460	4
5461	6
5462	11
5463	4
5464	8
5465	1
5466	11
5467	6
5468	7
5469	9
5470	7
5471	9
5472	8
5473	9
5474	10
5475	11
5476	7
5477	12
5478	9
5479	3
5480	4
5481	5
5482	12
5483	15
5484	9
5485	6
5486	14
5487	5
5488	9
5489	7
5490	8
5491	7
5492	10
5493	12
5494	11
5495	9
5496	6
5497	12
5498	13
5499	6
5500	8
5501	5
5502	7
5503	15
5504	8
5505	10
5506	12
5507	10
5508	7
5509	8
5510	5
5511	5
5512	9
5513	17
5514	8
5515	4
5516	8
5517	10
5518	7
5519	6
5520	13
5521	8
5522	7
5523	9
5524	8
5525	7
5526	4
5527	7
5528	7
5529	15
5530	10
5531	6
5532	7
5533	13
5534	8
5535	11
5536	11
5537	7
5538	5
5539	7
5540	4
5541	6
5542	5
5543	10
5544	8
5545	11
5546	6
5547	9
5548	11
5549	8
5550	9
5551	8
5552	9
5553	11
5554	4
5555	9
5556	8
5557	6
5558	8
5559	8
5560	12
5561	11
5562	6
5563	8
5564	4
5565	4
5566	5
5567	10
5568	14
5569	6
5570	10
5571	3
5572	15
5573	4
5574	8
5575	12
5576	9
5577	5
5578	6
5579	6
5580	8
5581	7
5582	9
5583	7
5584	9
5585	8
5586	8
5587	5
5588	8
5589	3
5590	9
5591	9
5592	7
5593	7
5594	8
5595	5
5596	5
5597	11
5598	5
5599	9
5600	7
5601	7
5602	12
5603	15
5604	9
5605	7
5606	6
5607	7
5608	9
5609	9
5610	9
5611	12
5612	8
5613	5
5614	13
5615	13
5616	6
5617	11
5618	7
5619	10
5620	7
5621	7
5622	6
5623	8
5624	7
5625	7
5626	6
5627	8
5628	9
5629	8
5630	7
5631	12
5632	6
5633	10
5634	10
5635	3
5636	7
5637	10
5638	7
5639	8
5640	12
5641	6
5642	4
5643	11
5644	8
5645	7
5646	6
5647	6
5648	8
5649	6
5650	5
5651	9
5652	8
5653	8
5654	5
5655	11
5656	8
5657	6
5658	14
5659	4
5660	9
5661	7
5662	5
5663	10
5664	8
5665	7
5666	12
5667	7
5668	9
5669	9
5670	11
5671	8
5672	11
5673	9
5674	8
5675	12
5676	9
5677	5
5678	6
5679	9
5680	5
5681	14
5682	11
5683	8
5684	9
5685	4
5686	9
5687	12
5688	9
5689	7
5690	13
5691	5
5692	16
5693	12
5694	8
5695	10
5696	11
5697	14
5698	9
5699	8
5700	7
5701	7
5702	5
5703	11
5704	7
5705	8
5706	6
5707	7
5708	8
5709	6
5710	8
5711	8
5712	5
5713	5
5714	9
5715	10
5716	9
5717	8
5718	7
5719	10
5720	8
5721	9
5722	4
5723	15
5724	8
5725	14
5726	9
5727	8
5728	13
5729	12
5730	10
5731	8
5732	7
5733	6
5734	15
5735	11
5736	7
5737	5
5738	10
5739	11
5740	4
5741	10
5742	19
5743	8
5744	10
5745	8
5746	8
5747	12
5748	9
5749	10
5750	6
5751	10
5752	10
5753	11
5754	12
5755	7
5756	9
5757	11
5758	9
5759	12
5760	11
5761	12
5762	13
5763	8
5764	13
5765	8
5766	12
5767	6
5768	5
5769	10
5770	2
5771	15
5772	11
5773	13
5774	15
5775	7
5776	11
5777	9
5778	16
5779	5
5780	9
5781	8
5782	10
5783	7
5784	12
5785	11
5786	7
5787	12
5788	12
5789	10
5790	12
5791	8
5792	13
5793	12
5794	4
5795	9
5796	10
5797	13
5798	11
5799	11
5800	14
5801	13
5802	11
5803	14
5804	15
5805	12
5806	9
5807	14
5808	9
5809	14
5810	10
5811	10
5812	9
5813	6
5814	11
5815	7
5816	11
5817	8
5818	11
5819	14
5820	11
5821	5
5822	12
5823	9
5824	12
5825	17
5826	10
5827	8
5828	15
5829	3
5830	12
5831	10
5832	15
5833	20
5834	12
5835	10
5836	13
5837	15
5838	8
5839	6
5840	10
5841	11
5842	15
5843	11
5844	11
5845	11
5846	6
5847	10
5848	10
5849	10
5850	15
5851	12
5852	13
5853	3
5854	12
5855	11
5856	12
5857	11
5858	21
5859	12
5860	11
5861	8
5862	11
5863	6
5864	13
5865	3
5866	14
5867	6
5868	20
5869	5
5870	10
5871	11
5872	9
5873	8
5874	17
5875	13
5876	17
5877	10
5878	8
5879	8
5880	14
5881	16
5882	12
5883	12
5884	16
5885	7
5886	13
5887	12
5888	12
5889	14
5890	10
5891	15
5892	18
5893	17
5894	20
5895	23
5896	12
5897	14
5898	13
5899	8
5900	9
5901	13
5902	12
5903	12
5904	13
5905	8
5906	12
5907	15
5908	10
5909	10
5910	18
5911	11
5912	14
5913	8
5914	14
5915	18
5916	17
5917	9
5918	15
5919	15
5920	21
5921	8
5922	9
5923	10
5924	18
5925	8
5926	20
5927	16
5928	15
5929	10
5930	16
5931	15
5932	15
5933	15
5934	14
5935	16
5936	16
5937	16
5938	14
5939	13
5940	16
5941	13
5942	15
5943	16
5944	10
5945	18
5946	13
5947	13
5948	19
5949	23
5950	15
5951	13
5952	19
5953	10
5954	21
5955	13
5956	13
5957	14
5958	15
5959	16
5960	15
5961	9
5962	26
5963	17
5964	15
5965	13
5966	17
5967	20
5968	18
5969	12
5970	10
5971	15
5972	15
5973	22
5974	12
5975	22
5976	16
5977	23
5978	24
5979	15
5980	20
5981	20
5982	30
5983	15
5984	17
5985	14
5986	22
5987	21
5988	13
5989	15
5990	16
5991	16
5992	19
5993	13
5994	11
5995	26
5996	25
5997	20
5998	16
5999	18
6000	21
6001	18
6002	14
6003	26
6004	18
6005	26
6006	29
6007	16
6008	22
6009	25
6010	26
6011	30
6012	32
6013	18
6014	19
6015	21
6016	19
6017	30
6018	26
6019	14
6020	28
6021	21
6022	20
6023	23
6024	12
6025	24
6026	21
6027	21
6028	30
6029	22
6030	21
6031	20
6032	18
6033	33
6034	19
6035	25
6036	21
6037	26
6038	17
6039	29
6040	29
6041	29
6042	22
6043	21
6044	31
6045	24
6046	31
6047	20
6048	19
6049	20
6050	29
6051	29
6052	24
6053	23
6054	25
6055	28
6056	25
6057	29
6058	20
6059	26
6060	27
6061	34
6062	30
6063	18
6064	33
6065	43
6066	29
6067	35
6068	25
6069	27
6070	25
6071	27
6072	28
6073	30
6074	20
6075	22
6076	25
6077	27
6078	29
6079	25
6080	39
6081	33
6082	27
6083	35
6084	42
6085	34
6086	25
6087	29
6088	26
6089	25
6090	40
6091	32
6092	34
6093	29
6094	31
6095	16
6096	29
6097	24
6098	34
6099	35
6100	35
6101	38
6102	36
6103	34
6104	29
6105	37
6106	25
6107	22
6108	33
6109	37
6110	25
6111	49
6112	41
6113	27
6114	43
6115	33
6116	42
6117	35
6118	32
6119	35
6120	30
6121	39
6122	38
6123	34
6124	35
6125	31
6126	28
6127	36
6128	39
6129	49
6130	34
6131	39
6132	43
6133	51
6134	25
6135	44
6136	35
6137	42
6138	36
6139	41
6140	50
6141	41
6142	36
6143	45
6144	35
6145	41
6146	49
6147	39
6148	43
6149	45
6150	42
6151	45
6152	45
6153	50
6154	36
6155	46
6156	37
6157	48
6158	34
6159	43
6160	39
6161	56
6162	34
6163	43
6164	38
6165	38
6166	53
6167	43
6168	37
6169	48
6170	50
6171	52
6172	48
6173	37
6174	48
6175	49
6176	49
6177	52
6178	62
6179	59
6180	52
6181	42
6182	55
6183	46
6184	43
6185	44
6186	45
6187	50
6188	38
6189	59
6190	54
6191	48
6192	45
6193	46
6194	59
6195	48
6196	59
6197	49
6198	46
6199	55
6200	48
6201	58
6202	64
6203	59
6204	60
6205	51
6206	61
6207	56
6208	51
6209	73
6210	46
6211	55
6212	52
6213	61
6214	62
6215	57
6216	61
6217	56
6218	55
6219	54
6220	62
6221	52
6222	48
6223	57
6224	53
6225	59
6226	60
6227	48
6228	63
6229	54
6230	60
6231	60
6232	60
6233	58
6234	58
6235	62
6236	53
6237	46
6238	70
6239	73
6240	51
6241	66
6242	49
6243	58
6244	73
6245	57
6246	54
6247	56
6248	61
6249	68
6250	66
6251	63
6252	67
6253	60
6254	58
6255	74
6256	59
6257	75
6258	48
6259	71
6260	55
6261	61
6262	55
6263	57
6264	75
6265	74
6266	71
6267	66
6268	74
6269	64
6270	70
6271	58
6272	63
6273	59
6274	51
6275	68
6276	53
6277	63
6278	69
6279	71
6280	65
6281	73
6282	61
6283	78
6284	65
6285	68
6286	65
6287	72
6288	66
6289	67
6290	60
6291	59
6292	73
6293	69
6294	63
6295	92
6296	73
6297	71
6298	64
6299	66
6300	66
6301	71
6302	72
6303	70
6304	88
6305	84
6306	76
6307	77
6308	73
6309	69
6310	84
6311	67
6312	77
6313	54
6314	75
6315	75
6316	84
6317	65
6318	75
6319	61
6320	77
6321	78
6322	74
6323	80
6324	92
6325	81
6326	87
6327	88
6328	92
6329	79
6330	74
6331	93
6332	75
6333	87
6334	70
6335	83
6336	76
6337	69
6338	77
6339	94
6340	82
6341	75
6342	81
6343	88
6344	74
6345	86
6346	87
6347	95
6348	83
6349	116
6350	79
6351	69
6352	78
6353	83
6354	113
6355	89
6356	73
6357	83
6358	92
6359	77
6360	85
6361	89
6362	86
6363	90
6364	85
6365	70
6366	78
6367	92
6368	82
6369	85
6370	96
6371	84
6372	91
6373	85
6374	98
6375	93
6376	88
6377	95
6378	90
6379	106
6380	104
6381	85
6382	84
6383	95
6384	83
6385	84
6386	99
6387	86
6388	101
6389	96
6390	88
6391	76
6392	90
6393	102
6394	90
6395	78
6396	101
6397	82
6398	88
6399	87
6400	80
6401	111
6402	87
6403	102
6404	95
6405	101
6406	97
6407	94
6408	90
6409	93
6410	104
6411	84
6412	91
6413	85
6414	109
6415	105
6416	97
6417	86
6418	95
6419	77
6420	98
6421	94
6422	98
6423	94
6424	99
6425	95
6426	98
6427	106
6428	93
6429	90
6430	89
6431	110
6432	95
6433	99
6434	107
6435	96
6436	102
6437	101
6438	87
6439	95
6440	110
6441	95
6442	99
6443	92
6444	100
6445	95
6446	123
6447	104
6448	74
6449	117
6450	91
6451	106
6452	92
6453	93
6454	112
6455	100
6456	100
6457	106
6458	114
6459	109
6460	95
6461	90
6462	103
6463	89
6464	109
6465	103
6466	79
6467	87
6468	91
6469	115
6470	110
6471	106
6472	111
6473	103
6474	84
6475	112
6476	109
6477	112
6478	96
6479	101
6480	113
6481	99
6482	99
6483	112
6484	95
6485	96
6486	98
6487	108
6488	93
6489	94
6490	111
6491	116
6492	105
6493	97
6494	84
6495	105
6496	98
6497	98
6498	96
6499	104
6500	96
6501	94
6502	117
6503	107
6504	113
6505	111
6506	101
6507	115
6508	108
6509	116
6510	117
6511	90
6512	102
6513	103
6514	96
6515	105
6516	112
6517	80
6518	119
6519	79
6520	102
6521	108
6522	113
6523	89
6524	90
6525	110
6526	98
6527	123
6528	94
6529	93
6530	116
6531	110
6532	91
6533	104
6534	84
6535	80
6536	95
6537	95
6538	83
6539	105
6540	102
6541	82
6542	107
6543	106
6544	95
6545	104
6546	92
6547	82
6548	104
6549	88
6550	88
6551	90
6552	119
6553	90
6554	98
6555	104
6556	92
6557	104
6558	86
6559	122
6560	100
6561	112
6562	96
6563	82
6564	112
6565	108
6566	103
6567	105
6568	103
6569	102
6570	108
6571	104
6572	98
6573	92
6574	106
6575	99
6576	86
6577	95
6578	107
6579	81
6580	101
6581	114
6582	97
6583	105
6584	96
6585	102
6586	100
6587	86
6588	88
6589	88
6590	105
6591	97
6592	97
6593	98
6594	108
6595	116
6596	91
6597	102
6598	110
6599	85
6600	96
6601	94
6602	91
6603	105
6604	87
6605	85
6606	93
6607	88
6608	94
6609	97
6610	100
6611	104
6612	98
6613	98
6614	92
6615	78
6616	102
6617	104
6618	95
6619	93
6620	104
6621	81
6622	101
6623	104
6624	87
6625	115
6626	105
6627	88
6628	99
6629	96
6630	82
6631	86
6632	87
6633	105
6634	87
6635	115
6636	87
6637	98
6638	91
6639	104
6640	81
6641	87
6642	106
6643	74
6644	88
6645	84
6646	106
6647	74
6648	104
6649	97
6650	71
6651	81
6652	82
6653	83
6654	87
6655	99
6656	75
6657	86
6658	82
6659	86
6660	74
6661	94
6662	86
6663	99
6664	93
6665	100
6666	81
6667	72
6668	102
6669	106
6670	92
6671	98
6672	84
6673	84
6674	95
6675	76
6676	93
6677	93
6678	81
6679	79
6680	84
6681	100
6682	76
6683	82
6684	91
6685	97
6686	75
6687	87
6688	94
6689	97
6690	81
6691	78
6692	81
6693	79
6694	71
6695	81
6696	79
6697	78
6698	71
6699	87
6700	95
6701	93
6702	95
6703	55
6704	76
6705	73
6706	82
6707	76
6708	78
6709	63
6710	78
6711	73
6712	80
6713	90
6714	74
6715	72
6716	82
6717	65
6718	79
6719	78
6720	87
6721	75
6722	64
6723	80
6724	71
6725	75
6726	64
6727	58
6728	71
6729	74
6730	58
6731	69
6732	59
6733	78
6734	66
6735	81
6736	83
6737	61
6738	72
6739	73
6740	67
6741	76
6742	77
6743	50
6744	67
6745	55
6746	52
6747	90
6748	73
6749	67
6750	58
6751	65
6752	77
6753	81
6754	74
6755	56
6756	61
6757	68
6758	62
6759	70
6760	77
6761	71
6762	77
6763	66
6764	66
6765	57
6766	66
6767	54
6768	66
6769	82
6770	53
6771	88
6772	75
6773	69
6774	73
6775	58
6776	67
6777	53
6778	64
6779	62
6780	67
6781	62
6782	62
6783	59
6784	59
6785	68
6786	61
6787	54
6788	52
6789	54
6790	66
6791	62
6792	43
6793	42
6794	55
6795	64
6796	67
6797	60
6798	60
6799	49
6800	50
6801	52
6802	63
6803	66
6804	55
6805	63
6806	63
6807	61
6808	64
6809	50
6810	50
6811	58
6812	56
6813	60
6814	62
6815	50
6816	53
6817	39
6818	50
6819	59
6820	59
6821	56
6822	63
6823	57
6824	48
6825	47
6826	62
6827	54
6828	54
6829	60
6830	27
6831	55
6832	52
6833	52
6834	56
6835	52
6836	41
6837	47
6838	37
6839	43
6840	58
6841	44
6842	40
6843	44
6844	53
6845	66
6846	50
6847	55
6848	25
6849	52
6850	32
6851	52
6852	46
6853	41
6854	36
6855	58
6856	45
6857	49
6858	37
6859	41
6860	42
6861	40
6862	38
6863	40
6864	39
6865	46
6866	43
6867	38
6868	42
6869	45
6870	49
6871	34
6872	38
6873	41
6874	50
6875	41
6876	50
6877	46
6878	48
6879	34
6880	47
6881	42
6882	47
6883	43
6884	36
6885	45
6886	29
6887	45
6888	44
6889	36
6890	34
6891	47
6892	41
6893	38
6894	38
6895	37
6896	35
6897	31
6898	24
6899	29
6900	32
6901	32
6902	27
6903	30
6904	36
6905	34
6906	23
6907	39
6908	40
6909	32
6910	38
6911	38
6912	31
6913	31
6914	40
6915	27
6916	34
6917	29
6918	37
6919	32
6920	40
6921	26
6922	24
6923	40
6924	34
6925	29
6926	29
6927	23
6928	29
6929	28
6930	33
6931	36
6932	24
6933	30
6934	36
6935	34
6936	31
6937	29
6938	25
6939	19
6940	35
6941	37
6942	20
6943	37
6944	36
6945	32
6946	25
6947	35
6948	17
6949	33
6950	28
6951	23
6952	32
6953	27
6954	25
6955	23
6956	26
6957	27
6958	15
6959	24
6960	39
6961	21
6962	22
6963	20
6964	24
6965	24
6966	25
6967	21
6968	22
6969	25
6970	22
6971	30
6972	21
6973	25
6974	18
6975	26
6976	16
6977	15
6978	25
6979	19
6980	24
6981	18
6982	29
6983	31
6984	19
6985	32
6986	21
6987	16
6988	29
6989	19
6990	24
6991	27
6992	17
6993	19
6994	22
6995	23
6996	18
6997	23
6998	27
6999	24
7000	19
7001	18
7002	14
7003	22
7004	26
7005	20
7006	22
7007	25
7008	18
7009	16
7010	19
7011	17
7012	23
7013	14
7014	16
7015	22
7016	23
7017	13
7018	17
7019	18
7020	22
7021	20
7022	18
7023	17
7024	26
7025	21
7026	18
7027	16
7028	22
7029	22
7030	18
7031	19
7032	12
7033	28
7034	18
7035	20
7036	15
7037	17
7038	15
7039	14
7040	17
7041	17
7042	13
7043	19
7044	14
7045	18
7046	27
7047	16
7048	13
7049	20
7050	16
7051	21
7052	13
7053	8
7054	12
7055	15
7056	14
7057	22
7058	16
7059	13
7060	9
7061	7
7062	15
7063	14
7064	13
7065	8
7066	13
7067	4
7068	14
7069	13
7070	13
7071	11
7072	14
7073	10
7074	11
7075	6
7076	10
7077	5
7078	10
7079	13
7080	14
7081	9
7082	10
7083	15
7084	10
7085	15
7086	10
7087	5
7088	10
7089	11
7090	13
7091	20
7092	12
7093	9
7094	14
7095	10
7096	11
7097	12
7098	7
7099	11
7100	6
7101	6
7102	10
7103	13
7104	9
7105	9
7106	13
7107	10
7108	11
7109	11
7110	11
7111	12
7112	14
7113	8
7114	8
7115	12
7116	7
7117	9
7118	8
7119	14
7120	6
7121	9
7122	8
7123	8
7124	15
7125	11
7126	8
7127	3
7128	18
7129	7
7130	9
7131	9
7132	10
7133	8
7134	14
7135	10
7136	9
7137	9
7138	7
7139	11
7140	13
7141	7
7142	8
7143	4
7144	7
7145	8
7146	9
7147	12
7148	6
7149	14
7150	13
7151	12
7152	12
7153	5
7154	3
7155	14
7156	8
7157	6
7158	10
7159	4
7160	7
7161	8
7162	9
7163	6
7164	8
7165	15
7166	9
7167	9
7168	6
7169	8
7170	6
7171	9
7172	14
7173	9
7174	13
7175	6
7176	7
7177	9
7178	1
7179	8
7180	5
7181	6
7182	12
7183	7
7184	9
7185	13
7186	12
7187	3
7188	2
7189	9
7190	3
7191	8
7192	6
7193	6
7194	8
7195	8
7196	8
7197	6
7198	2
7199	6
7200	4
7201	7
7202	9
7203	10
7204	10
7205	8
7206	11
7207	5
7208	7
7209	8
7210	11
7211	8
7212	10
7213	10
7214	4
7215	5
7216	6
7217	5
7218	6
7219	12
7220	12
7221	6
7222	11
7223	3
7224	10
7225	1
7226	4
7227	10
7228	5
7229	2
7230	14
7231	11
7232	9
7233	5
7234	3
7235	6
7236	4
7237	2
7238	6
7239	6
7240	4
7241	7
7242	4
7243	11
7244	4
7245	7
7246	6
7247	8
7248	7
7249	6
7250	4
7251	5
7252	9
7253	5
7254	9
7255	7
7256	8
7257	4
7258	6
7259	1
7260	5
7261	7
7262	11
7263	5
7264	8
7265	7
7266	5
7267	4
7268	1
7269	3
7270	1
7271	8
7272	6
7273	3
7274	6
7275	10
7276	2
7277	9
7278	8
7279	3
7280	5
7281	4
7282	5
7283	6
7284	6
7285	9
7286	5
7287	3
7288	2
7289	6
7290	12
7291	7
7292	3
7293	4
7294	9
7295	5
7296	5
7297	5
7298	7
7299	8
7300	6
7301	8
7302	6
7303	4
7304	8
7305	4
7306	7
7307	6
7308	6
7309	6
7310	6
7311	3
7312	12
7313	5
7314	7
7315	4
7316	6
7317	6
7318	6
7319	6
7320	6
7321	4
7322	7
7323	4
7324	6
7325	2
7326	7
7327	7
7328	9
7329	1
7330	6
7331	3
7332	5
7333	2
7334	5
7335	7
7336	6
7337	4
7338	3
7339	8
7340	4
7341	4
7342	6
7343	4
7344	4
7345	4
7346	2
7347	7
7348	7
7349	3
7350	6
7351	5
7352	3
7353	3
7354	4
7355	5
7356	2
7357	5
7358	6
7359	4
7360	4
7361	6
7362	7
7363	9
7364	1
7365	4
7366	2
7367	4
7368	5
7369	10
7370	4
7371	3
7372	7
7373	7
7374	3
7375	3
7376	10
7377	4
7378	3
7379	7
7380	3
7381	5
7382	4
7383	4
7384	6
7385	2
7386	2
7387	6
7388	7
7389	5
7390	5
7391	4
7392	4
7393	9
7394	6
7395	1
7396	5
7397	5
7398	5
7399	4
7400	5
7401	3
7402	4
7403	3
7404	9
7405	6
7406	4
7407	3
7408	2
7409	5
7410	9
7411	6
7412	6
7413	6
7414	10
7415	9
7416	5
7417	5
7418	3
7419	8
7420	6
7421	7
7422	11
7423	1
7424	8
7425	3
7426	5
7427	3
7428	5
7429	6
7430	9
7431	7
7432	4
7433	4
7434	5
7435	6
7436	4
7437	0
7438	5
7439	4
7440	6
7441	4
7442	1
7443	5
7444	5
7445	4
7446	7
7447	3
7448	5
7449	6
7450	5
7451	2
7452	8
7453	7
7454	4
7455	8
7456	10
7457	2
7458	3
7459	4
7460	7
7461	7
7462	5
7463	7
7464	5
7465	7
7466	3
7467	4
7468	3
7469	4
7470	6
7471	0
7472	5
7473	5
7474	5
7475	6
7476	5
7477	3
7478	4
7479	8
7480	5
7481	8
7482	3
7483	2
7484	4
7485	4
7486	5
7487	3
7488	3
7489	3
7490	7
7491	8
7492	7
7493	7
7494	4
7495	6
7496	5
7497	8
7498	5
7499	4
7500	6
7501	5
7502	3
7503	4
7504	3
7505	4
7506	2
7507	8
7508	10
7509	7
7510	8
7511	3
7512	3
7513	5
7514	4
7515	5
7516	3
7517	3
7518	5
7519	6
7520	5
7521	5
7522	5
7523	6
7524	2
7525	6
7526	4
7527	8
7528	5
7529	6
7530	8
7531	10
7532	10
7533	5
7534	2
7535	3
7536	3
7537	2
7538	6
7539	3
7540	5
7541	3
7542	7
7543	4
7544	5
7545	4
7546	5
7547	2
7548	8
7549	3
7550	5
7551	4
7552	6
7553	4
7554	2
7555	7
7556	1
7557	3
7558	6
7559	3
7560	5
7561	7
7562	3
7563	5
7564	6
7565	5
7566	8
7567	3
7568	5
7569	3
7570	5
7571	7
7572	3
7573	3
7574	5
7575	4
7576	5
7577	5
7578	4
7579	3
7580	5
7581	1
7582	4
7583	1
7584	5
7585	4
7586	0
7587	7
7588	4
7589	5
7590	3
7591	1
7592	5
7593	4
7594	4
7595	8
7596	5
7597	2
7598	5
7599	5
7600	8
7601	4
7602	6
7603	7
7604	2
7605	2
7606	6
7607	5
7608	5
7609	3
7610	5
7611	2
7612	3
7613	8
7614	3
7615	5
7616	6
7617	6
7618	3
7619	7
7620	4
7621	7
7622	1
7623	7
7624	12
7625	3
7626	5
7627	7
7628	4
7629	6
7630	6
7631	5
7632	1
7633	3
7634	4
7635	12
7636	1
7637	8
7638	9
7639	5
7640	4
7641	3
7642	3
7643	8
7644	9
7645	6
7646	2
7647	6
7648	3
7649	4
7650	1
7651	6
7652	3
7653	4
7654	4
7655	8
7656	3
7657	4
7658	3
7659	2
7660	4
7661	2
7662	2
7663	4
7664	7
7665	5
7666	5
7667	6
7668	8
7669	1
7670	2
7671	6
7672	4
7673	5
7674	2
7675	6
7676	3
7677	6
7678	4
7679	5
7680	3
7681	4
7682	5
7683	1
7684	6
7685	4
7686	8
7687	5
7688	5
7689	4
7690	3
7691	7
7692	7
7693	3
7694	1
7695	6
7696	1
7697	2
7698	10
7699	2
7700	3
7701	4
7702	5
7703	4
7704	3
7705	3
7706	5
7707	3
7708	6
7709	6
7710	7
7711	2
7712	2
7713	3
7714	1
7715	3
7716	4
7717	2
7718	3
7719	2
7720	2
7721	4
7722	3
7723	5
7724	7
7725	4
7726	4
7727	3
7728	5
7729	3
7730	3
7731	4
7732	5
7733	5
7734	3
7735	6
7736	1
7737	4
7738	5
7739	6
7740	6
7741	3
7742	2
7743	3
7744	5
7745	3
7746	5
7747	6
7748	5
7749	5
7750	8
7751	5
7752	7
7753	6
7754	4
7755	2
7756	7
7757	4
7758	7
7759	2
7760	3
7761	4
7762	7
7763	5
7764	4
7765	3
7766	8
7767	5
7768	4
7769	4
7770	4
7771	4
7772	6
7773	4
7774	2
7775	4
7776	4
7777	4
7778	3
7779	3
7780	7
7781	7
7782	5
7783	8
7784	4
7785	5
7786	5
7787	2
7788	4
7789	5
7790	1
7791	2
7792	6
7793	3
7794	2
7795	3
7796	3
7797	5
7798	4
7799	3
7800	4
7801	4
7802	3
7803	3
7804	4
7805	4
7806	3
7807	8
7808	3
7809	4
7810	5
7811	3
7812	1
7813	2
7814	1
7815	0
7816	1
7817	0
7818	0
7819	0
7820	0
7821	0
7822	0
7823	0
7824	0
7825	0
7826	0
7827	0
7828	0
7829	0
7830	0
7831	0
7832	0
7833	0
7834	0
7835	0
7836	0
7837	0
7838	0
7839	0
7840	0
7841	0
7842	0
7843	0
7844	0
7845	0
7846	0
7847	0
7848	0
7849	0
7850	0
7851	0
7852	0
7853	0
7854	0
7855	0
7856	0
7857	0
7858	0
7859	0
7860	0
7861	0
7862	0
7863	0
7864	0
7865	0
7866	0
7867	0
7868	0
7869	0
7870	0
7871	0
7872	0
7873	0
7874	0
7875	0
7876	0
7877	0
7878	0
7879	0
7880	0
7881	0
7882	0
7883	0
7884	0
7885	0
7886	0
7887	0
7888	1
7889	0
7890	0
7891	0
7892	0
7893	0
7894	0
7895	0
7896	0
7897	0
7898	0
7899	0
7900	0
7901	0
7902	0
7903	0
7904	0
7905	0
7906	0
7907	0
7908	0
7909	0
7910	0
7911	0
7912	0
7913	0
7914	0
7915	0
7916	0
7917	0
7918	0
7919	0
7920	0
7921	0
7922	0
7923	0
7924	0
7925	0
7926	0
7927	0
7928	0
7929	0
7930	0
7931	0
7932	0
7933	0
7934	0
7935	0
7936	0
7937	0
7938	0
7939	0
7940	0
7941	0
7942	0
7943	0
7944	0
7945	0
7946	0
7947	0
7948	0
7949	0
7950	0
7951	0
7952	0
7953	0
7954	0
7955	0
7956	0
7957	0
7958	0
7959	0
7960	0
7961	0
7962	0
7963	0
7964	0
7965	0
7966	0
7967	0
7968	0
7969	0
7970	0
7971	0
7972	0
7973	0
7974	0
7975	0
7976	0
7977	0
7978	0
7979	0
7980	0
7981	0
7982	0
7983	0
7984	0
7985	0
7986	0
7987	0
7988	0
7989	0
7990	0
7991	0
7992	0
7993	0
7994	0
7995	0
7996	0
7997	0
7998	0
7999	0
8000	0
8001	0
8002	0
8003	0
8004	0
8005	0
8006	0
8007	0
8008	0
8009	0
8010	0
8011	0
8012	0
8013	0
8014	0
8015	0
8016	0
8017	0
8018	0
8019	0
8020	0
8021	0
8022	0
8023	0
8024	0
8025	0
8026	0
8027	0
8028	0
8029	0
8030	0
8031	0
8032	0
8033	0
8034	0
8035	0
8036	0
8037	0
8038	0
8039	0
8040	0
8041	0
8042	0
8043	0
8044	0
8045	0
8046	0
8047	0
8048	0
8049	0
8050	0
8051	0
8052	0
8053	0
8054	0
8055	0
8056	0
8057	0
8058	0
8059	0
8060	0
8061	0
8062	0
8063	0
8064	0
8065	0
8066	0
8067	0
8068	0
8069	0
8070	0
8071	0
8072	0
8073	0
8074	0
8075	0
8076	0
8077	0
8078	0
8079	0
8080	0
8081	0
8082	0
8083	0
8084	0
8085	1
8086	0
8087	0
8088	0
8089	0
8090	0
8091	0
8092	0
8093	0
8094	0
8095	0
8096	0
8097	0
8098	0
8099	0
8100	0
8101	0
8102	0
8103	0
8104	0
8105	0
8106	0
8107	0
8108	0
8109	0
8110	0
8111	0
8112	0
8113	0
8114	0
8115	0
8116	0
8117	0
8118	0
8119	0
8120	0
8121	0
8122	0
8123	0
8124	0
8125	0
8126	0
8127	0
8128	0
8129	0
8130	0
8131	0
8132	0
8133	0
8134	0
8135	0
8136	0
8137	0
8138	0
8139	0
8140	0
8141	0
8142	0
8143	0
8144	0
8145	0
8146	0
8147	0
8148	0
8149	0
8150	0
8151	0
8152	0
8153	0
8154	0
8155	0
8156	0
8157	0
8158	0
8159	0
8160	0
8161	0
8162	0
8163	0
8164	0
8165	0
8166	0
8167	0
8168	0
8169	0
8170	0
8171	0
8172	0
8173	0
8174	0
8175	0
8176	0
8177	0
8178	0
8179	0
8180	0
8181	0
8182	0
8183	0
8184	0
8185	0
8186	0
8187	0
8188	0
8189	0
8190	0
8191	0
