0	0
1	0
2	0
3	0
4	0
5	0
6	0
7	0
8	0
9	0
10	0
11	0
12	0
13	0
14	0
15	0
16	0
17	0
18	0
19	0
20	0
21	0
22	0
23	0
24	0
25	0
26	0
27	0
28	0
29	0
30	1
31	0
32	0
33	1
34	2
35	1
36	1
37	5
38	3
39	4
40	10
41	5
42	5
43	2
44	3
45	4
46	2
47	8
48	5
49	6
50	4
51	6
52	3
53	1
54	6
55	3
56	2
57	7
58	3
59	4
60	3
61	2
62	0
63	2
64	6
65	2
66	5
67	3
68	9
69	7
70	3
71	6
72	5
73	5
74	0
75	3
76	2
77	2
78	7
79	2
80	2
81	3
82	3
83	3
84	4
85	1
86	3
87	5
88	2
89	1
90	5
91	4
92	4
93	2
94	4
95	4
96	6
97	4
98	6
99	6
100	6
101	4
102	4
103	3
104	4
105	2
106	7
107	5
108	3
109	1
110	5
111	6
112	3
113	2
114	3
115	9
116	3
117	2
118	3
119	6
120	3
121	6
122	4
123	2
124	2
125	7
126	2
127	2
128	4
129	5
130	0
131	6
132	4
133	1
134	3
135	4
136	2
137	7
138	0
139	4
140	2
141	2
142	6
143	1
144	1
145	6
146	3
147	4
148	3
149	6
150	3
151	5
152	0
153	1
154	1
155	4
156	2
157	7
158	4
159	5
160	4
161	5
162	3
163	10
164	4
165	4
166	3
167	4
168	3
169	5
170	5
171	4
172	4
173	3
174	3
175	4
176	8
177	9
178	2
179	0
180	3
181	5
182	3
183	3
184	7
185	6
186	4
187	5
188	2
189	3
190	6
191	5
192	4
193	4
194	6
195	1
196	3
197	1
198	6
199	2
200	2
201	1
202	3
203	5
204	3
205	3
206	7
207	2
208	2
209	4
210	10
211	2
212	6
213	5
214	5
215	2
216	2
217	2
218	5
219	3
220	3
221	3
222	4
223	3
224	3
225	4
226	2
227	3
228	7
229	4
230	4
231	2
232	6
233	5
234	10
235	4
236	3
237	5
238	7
239	3
240	4
241	5
242	2
243	6
244	2
245	2
246	2
247	5
248	2
249	6
250	3
251	8
252	2
253	6
254	4
255	8
256	3
257	2
258	8
259	5
260	8
261	4
262	6
263	7
264	3
265	5
266	1
267	2
268	4
269	5
270	2
271	4
272	9
273	3
274	5
275	4
276	6
277	6
278	4
279	5
280	3
281	3
282	1
283	7
284	5
285	5
286	4
287	2
288	4
289	3
290	7
291	2
292	7
293	3
294	3
295	3
296	1
297	4
298	5
299	2
300	5
301	5
302	8
303	4
304	1
305	6
306	3
307	3
308	5
309	3
310	4
311	9
312	6
313	4
314	6
315	5
316	2
317	5
318	3
319	7
320	5
321	4
322	4
323	7
324	5
325	5
326	7
327	6
328	2
329	7
330	3
331	7
332	1
333	7
334	6
335	3
336	5
337	5
338	4
339	5
340	6
341	3
342	4
343	4
344	3
345	3
346	3
347	6
348	4
349	4
350	5
351	1
352	4
353	4
354	4
355	2
356	6
357	5
358	7
359	1
360	4
361	3
362	6
363	3
364	2
365	1
366	2
367	4
368	2
369	3
370	6
371	6
372	3
373	4
374	6
375	5
376	6
377	4
378	2
379	4
380	2
381	2
382	6
383	5
384	9
385	4
386	6
387	4
388	10
389	4
390	1
391	1
392	2
393	2
394	3
395	7
396	3
397	4
398	6
399	2
400	7
401	8
402	3
403	8
404	4
405	2
406	6
407	9
408	5
409	4
410	4
411	3
412	4
413	2
414	5
415	7
416	4
417	7
418	5
419	7
420	5
421	1
422	1
423	1
424	4
425	3
426	8
427	5
428	2
429	4
430	4
431	4
432	4
433	6
434	10
435	1
436	1
437	1
438	3
439	4
440	4
441	2
442	11
443	3
444	4
445	5
446	6
447	1
448	5
449	5
450	3
451	2
452	3
453	2
454	3
455	4
456	1
457	2
458	7
459	4
460	3
461	1
462	4
463	5
464	5
465	2
466	5
467	4
468	3
469	1
470	4
471	1
472	6
473	8
474	3
475	0
476	2
477	5
478	4
479	2
480	3
481	5
482	4
483	3
484	7
485	4
486	3
487	8
488	3
489	4
490	8
491	3
492	2
493	5
494	3
495	6
496	6
497	6
498	1
499	4
500	2
501	3
502	4
503	2
504	2
505	4
506	4
507	3
508	3
509	7
510	10
511	2
512	7
513	3
514	6
515	3
516	3
517	4
518	0
519	4
520	3
521	4
522	1
523	4
524	8
525	4
526	2
527	7
528	2
529	4
530	8
531	2
532	5
533	5
534	2
535	6
536	2
537	3
538	8
539	6
540	4
541	4
542	6
543	3
544	5
545	11
546	1
547	12
548	2
549	6
550	3
551	7
552	1
553	4
554	6
555	1
556	2
557	7
558	3
559	3
560	1
561	2
562	5
563	2
564	5
565	1
566	8
567	5
568	4
569	6
570	6
571	1
572	6
573	8
574	4
575	5
576	3
577	6
578	5
579	4
580	2
581	4
582	8
583	2
584	3
585	5
586	1
587	3
588	4
589	4
590	3
591	6
592	3
593	4
594	6
595	5
596	5
597	2
598	4
599	3
600	5
601	4
602	7
603	5
604	3
605	6
606	5
607	5
608	3
609	5
610	5
611	8
612	5
613	4
614	4
615	6
616	3
617	1
618	0
619	4
620	2
621	2
622	4
623	5
624	6
625	8
626	4
627	2
628	7
629	2
630	3
631	5
632	3
633	5
634	7
635	11
636	6
637	5
638	6
639	5
640	6
641	6
642	4
643	3
644	4
645	5
646	3
647	2
648	1
649	1
650	3
651	7
652	2
653	7
654	3
655	3
656	1
657	2
658	2
659	4
660	2
661	4
662	4
663	6
664	3
665	12
666	3
667	5
668	1
669	6
670	7
671	5
672	3
673	4
674	9
675	4
676	6
677	4
678	9
679	3
680	3
681	4
682	5
683	4
684	2
685	4
686	5
687	4
688	4
689	8
690	6
691	2
692	3
693	4
694	6
695	5
696	5
697	3
698	4
699	1
700	1
701	6
702	5
703	4
704	2
705	0
706	4
707	5
708	2
709	5
710	4
711	5
712	2
713	4
714	4
715	7
716	3
717	4
718	10
719	7
720	5
721	4
722	3
723	1
724	5
725	3
726	1
727	6
728	0
729	2
730	6
731	7
732	4
733	3
734	1
735	3
736	7
737	4
738	9
739	4
740	3
741	0
742	2
743	5
744	4
745	1
746	5
747	2
748	6
749	7
750	5
751	3
752	8
753	3
754	7
755	7
756	5
757	1
758	3
759	4
760	1
761	8
762	4
763	4
764	7
765	5
766	6
767	6
768	3
769	4
770	2
771	5
772	7
773	5
774	4
775	7
776	2
777	6
778	4
779	3
780	4
781	2
782	3
783	5
784	3
785	5
786	7
787	7
788	3
789	4
790	7
791	6
792	2
793	8
794	5
795	5
796	3
797	6
798	4
799	8
800	2
801	5
802	4
803	3
804	6
805	4
806	4
807	8
808	3
809	7
810	5
811	3
812	6
813	3
814	1
815	2
816	4
817	2
818	4
819	3
820	8
821	1
822	1
823	6
824	3
825	3
826	4
827	5
828	1
829	6
830	5
831	4
832	4
833	5
834	4
835	6
836	5
837	6
838	3
839	1
840	13
841	6
842	2
843	6
844	2
845	5
846	1
847	3
848	7
849	7
850	5
851	6
852	5
853	3
854	6
855	4
856	5
857	4
858	3
859	6
860	6
861	4
862	4
863	3
864	3
865	5
866	3
867	3
868	1
869	2
870	6
871	6
872	5
873	3
874	4
875	8
876	5
877	6
878	4
879	3
880	4
881	4
882	1
883	8
884	4
885	3
886	5
887	6
888	4
889	5
890	6
891	6
892	2
893	8
894	3
895	4
896	1
897	5
898	9
899	4
900	7
901	4
902	2
903	4
904	3
905	13
906	0
907	7
908	10
909	4
910	4
911	6
912	5
913	2
914	3
915	8
916	2
917	6
918	6
919	7
920	2
921	2
922	2
923	6
924	6
925	6
926	3
927	5
928	6
929	2
930	5
931	3
932	10
933	5
934	7
935	7
936	6
937	5
938	5
939	4
940	3
941	3
942	5
943	4
944	4
945	5
946	5
947	10
948	6
949	8
950	6
951	4
952	5
953	10
954	6
955	6
956	8
957	5
958	2
959	7
960	7
961	3
962	7
963	5
964	7
965	5
966	5
967	3
968	3
969	3
970	5
971	6
972	3
973	6
974	3
975	6
976	6
977	6
978	7
979	6
980	4
981	1
982	2
983	7
984	4
985	2
986	3
987	6
988	8
989	5
990	0
991	5
992	6
993	1
994	4
995	5
996	6
997	3
998	8
999	8
1000	7
1001	6
1002	2
1003	2
1004	7
1005	2
1006	3
1007	5
1008	2
1009	2
1010	3
1011	7
1012	4
1013	7
1014	1
1015	2
1016	0
1017	2
1018	2
1019	5
1020	1
1021	7
1022	2
1023	3
1024	2
1025	5
1026	1
1027	4
1028	1
1029	3
1030	3
1031	4
1032	1
1033	4
1034	4
1035	3
1036	5
1037	5
1038	3
1039	2
1040	3
1041	5
1042	5
1043	2
1044	7
1045	4
1046	4
1047	1
1048	3
1049	2
1050	8
1051	4
1052	4
1053	9
1054	1
1055	6
1056	4
1057	6
1058	5
1059	3
1060	8
1061	9
1062	7
1063	5
1064	6
1065	3
1066	5
1067	1
1068	3
1069	5
1070	6
1071	2
1072	10
1073	4
1074	1
1075	3
1076	3
1077	2
1078	0
1079	8
1080	5
1081	3
1082	3
1083	6
1084	3
1085	5
1086	8
1087	5
1088	4
1089	7
1090	4
1091	4
1092	8
1093	4
1094	2
1095	3
1096	6
1097	6
1098	5
1099	6
1100	4
1101	4
1102	2
1103	6
1104	2
1105	0
1106	3
1107	8
1108	2
1109	1
1110	3
1111	3
1112	7
1113	3
1114	6
1115	6
1116	6
1117	5
1118	7
1119	5
1120	3
1121	4
1122	2
1123	3
1124	5
1125	3
1126	3
1127	6
1128	4
1129	5
1130	2
1131	4
1132	6
1133	8
1134	1
1135	0
1136	1
1137	4
1138	1
1139	9
1140	5
1141	2
1142	2
1143	7
1144	3
1145	8
1146	6
1147	6
1148	5
1149	5
1150	5
1151	6
1152	6
1153	2
1154	5
1155	6
1156	6
1157	4
1158	4
1159	4
1160	5
1161	8
1162	7
1163	2
1164	7
1165	4
1166	2
1167	5
1168	4
1169	6
1170	2
1171	10
1172	4
1173	3
1174	4
1175	8
1176	6
1177	2
1178	7
1179	4
1180	1
1181	4
1182	3
1183	1
1184	2
1185	7
1186	3
1187	4
1188	4
1189	4
1190	7
1191	4
1192	3
1193	2
1194	1
1195	7
1196	3
1197	3
1198	7
1199	2
1200	3
1201	5
1202	2
1203	6
1204	4
1205	5
1206	6
1207	2
1208	5
1209	6
1210	8
1211	2
1212	6
1213	5
1214	8
1215	7
1216	5
1217	12
1218	4
1219	11
1220	4
1221	4
1222	7
1223	2
1224	3
1225	2
1226	3
1227	5
1228	7
1229	3
1230	6
1231	3
1232	2
1233	5
1234	3
1235	3
1236	2
1237	3
1238	1
1239	2
1240	4
1241	4
1242	8
1243	3
1244	3
1245	2
1246	0
1247	4
1248	7
1249	12
1250	5
1251	2
1252	4
1253	6
1254	3
1255	5
1256	4
1257	3
1258	4
1259	7
1260	4
1261	1
1262	2
1263	3
1264	11
1265	4
1266	5
1267	7
1268	5
1269	2
1270	5
1271	5
1272	7
1273	4
1274	5
1275	3
1276	7
1277	8
1278	5
1279	5
1280	7
1281	3
1282	3
1283	5
1284	4
1285	3
1286	4
1287	5
1288	4
1289	6
1290	8
1291	4
1292	2
1293	3
1294	8
1295	3
1296	6
1297	3
1298	5
1299	4
1300	3
1301	1
1302	8
1303	4
1304	1
1305	6
1306	2
1307	2
1308	10
1309	4
1310	2
1311	6
1312	4
1313	8
1314	7
1315	1
1316	2
1317	5
1318	2
1319	6
1320	7
1321	3
1322	3
1323	4
1324	2
1325	4
1326	5
1327	5
1328	1
1329	2
1330	5
1331	6
1332	4
1333	7
1334	3
1335	5
1336	1
1337	4
1338	3
1339	3
1340	6
1341	3
1342	12
1343	4
1344	6
1345	5
1346	7
1347	6
1348	6
1349	6
1350	2
1351	5
1352	4
1353	6
1354	2
1355	5
1356	4
1357	2
1358	5
1359	3
1360	5
1361	3
1362	1
1363	8
1364	7
1365	3
1366	8
1367	4
1368	4
1369	3
1370	4
1371	5
1372	3
1373	4
1374	2
1375	3
1376	4
1377	1
1378	6
1379	6
1380	1
1381	4
1382	4
1383	5
1384	5
1385	3
1386	5
1387	3
1388	6
1389	3
1390	3
1391	2
1392	6
1393	4
1394	5
1395	7
1396	4
1397	7
1398	5
1399	10
1400	2
1401	1
1402	7
1403	7
1404	2
1405	7
1406	12
1407	5
1408	5
1409	4
1410	2
1411	6
1412	6
1413	9
1414	6
1415	4
1416	1
1417	6
1418	5
1419	7
1420	6
1421	3
1422	5
1423	8
1424	1
1425	3
1426	4
1427	6
1428	6
1429	2
1430	8
1431	1
1432	4
1433	2
1434	5
1435	5
1436	6
1437	5
1438	2
1439	7
1440	3
1441	5
1442	4
1443	8
1444	5
1445	3
1446	3
1447	4
1448	5
1449	6
1450	8
1451	4
1452	6
1453	7
1454	3
1455	8
1456	2
1457	6
1458	2
1459	6
1460	5
1461	3
1462	3
1463	5
1464	4
1465	8
1466	4
1467	2
1468	6
1469	6
1470	2
1471	6
1472	4
1473	4
1474	3
1475	6
1476	4
1477	8
1478	4
1479	6
1480	4
1481	3
1482	9
1483	7
1484	8
1485	5
1486	5
1487	2
1488	2
1489	6
1490	3
1491	4
1492	8
1493	5
1494	5
1495	4
1496	1
1497	2
1498	4
1499	1
1500	4
1501	3
1502	3
1503	1
1504	8
1505	4
1506	4
1507	2
1508	3
1509	4
1510	2
1511	4
1512	7
1513	2
1514	2
1515	5
1516	3
1517	4
1518	4
1519	4
1520	4
1521	3
1522	1
1523	5
1524	1
1525	6
1526	10
1527	11
1528	4
1529	3
1530	4
1531	8
1532	2
1533	4
1534	4
1535	4
1536	10
1537	3
1538	8
1539	2
1540	3
1541	6
1542	1
1543	6
1544	2
1545	3
1546	6
1547	9
1548	2
1549	6
1550	1
1551	2
1552	4
1553	5
1554	5
1555	11
1556	3
1557	5
1558	3
1559	4
1560	4
1561	7
1562	7
1563	3
1564	4
1565	4
1566	3
1567	8
1568	6
1569	7
1570	5
1571	6
1572	5
1573	3
1574	8
1575	7
1576	5
1577	1
1578	7
1579	3
1580	5
1581	6
1582	2
1583	6
1584	5
1585	4
1586	6
1587	6
1588	7
1589	6
1590	1
1591	5
1592	6
1593	2
1594	4
1595	2
1596	7
1597	1
1598	5
1599	4
1600	5
1601	6
1602	4
1603	3
1604	4
1605	4
1606	3
1607	7
1608	5
1609	5
1610	9
1611	3
1612	5
1613	4
1614	6
1615	6
1616	8
1617	7
1618	10
1619	6
1620	6
1621	5
1622	2
1623	2
1624	5
1625	3
1626	3
1627	7
1628	4
1629	5
1630	3
1631	2
1632	4
1633	3
1634	3
1635	6
1636	5
1637	7
1638	5
1639	4
1640	5
1641	8
1642	3
1643	3
1644	5
1645	7
1646	6
1647	2
1648	7
1649	3
1650	6
1651	3
1652	5
1653	4
1654	5
1655	4
1656	3
1657	8
1658	8
1659	4
1660	9
1661	5
1662	2
1663	5
1664	2
1665	6
1666	2
1667	0
1668	5
1669	3
1670	3
1671	2
1672	4
1673	2
1674	6
1675	4
1676	5
1677	3
1678	4
1679	5
1680	5
1681	9
1682	6
1683	3
1684	4
1685	7
1686	6
1687	1
1688	1
1689	4
1690	6
1691	7
1692	5
1693	2
1694	5
1695	11
1696	5
1697	5
1698	3
1699	3
1700	4
1701	4
1702	3
1703	2
1704	7
1705	6
1706	9
1707	7
1708	4
1709	7
1710	5
1711	4
1712	4
1713	3
1714	4
1715	9
1716	3
1717	5
1718	5
1719	4
1720	2
1721	10
1722	4
1723	6
1724	9
1725	1
1726	3
1727	9
1728	6
1729	4
1730	8
1731	4
1732	4
1733	5
1734	7
1735	1
1736	2
1737	5
1738	4
1739	5
1740	2
1741	1
1742	2
1743	3
1744	5
1745	1
1746	4
1747	8
1748	2
1749	3
1750	1
1751	4
1752	4
1753	6
1754	5
1755	6
1756	6
1757	5
1758	3
1759	1
1760	6
1761	7
1762	2
1763	9
1764	1
1765	5
1766	5
1767	6
1768	6
1769	4
1770	6
1771	6
1772	4
1773	7
1774	2
1775	2
1776	4
1777	1
1778	7
1779	5
1780	1
1781	3
1782	3
1783	10
1784	4
1785	2
1786	1
1787	4
1788	6
1789	2
1790	5
1791	2
1792	9
1793	3
1794	2
1795	8
1796	5
1797	4
1798	3
1799	4
1800	0
1801	6
1802	4
1803	4
1804	3
1805	4
1806	3
1807	3
1808	3
1809	2
1810	3
1811	2
1812	5
1813	8
1814	9
1815	4
1816	8
1817	5
1818	8
1819	3
1820	3
1821	1
1822	4
1823	8
1824	4
1825	4
1826	4
1827	7
1828	5
1829	3
1830	3
1831	4
1832	13
1833	9
1834	5
1835	6
1836	5
1837	3
1838	6
1839	3
1840	4
1841	4
1842	3
1843	3
1844	3
1845	3
1846	6
1847	6
1848	3
1849	3
1850	5
1851	4
1852	5
1853	3
1854	5
1855	6
1856	2
1857	4
1858	6
1859	4
1860	4
1861	5
1862	4
1863	4
1864	3
1865	2
1866	6
1867	10
1868	4
1869	7
1870	8
1871	4
1872	5
1873	1
1874	7
1875	6
1876	5
1877	3
1878	4
1879	5
1880	1
1881	6
1882	4
1883	2
1884	4
1885	2
1886	5
1887	5
1888	7
1889	3
1890	4
1891	6
1892	7
1893	3
1894	5
1895	4
1896	9
1897	5
1898	4
1899	2
1900	6
1901	9
1902	7
1903	3
1904	7
1905	8
1906	4
1907	3
1908	5
1909	4
1910	5
1911	5
1912	7
1913	11
1914	3
1915	3
1916	3
1917	4
1918	6
1919	7
1920	8
1921	5
1922	5
1923	5
1924	5
1925	8
1926	3
1927	8
1928	5
1929	4
1930	3
1931	2
1932	6
1933	3
1934	1
1935	2
1936	3
1937	6
1938	3
1939	3
1940	4
1941	4
1942	7
1943	2
1944	5
1945	3
1946	7
1947	1
1948	3
1949	3
1950	6
1951	6
1952	5
1953	2
1954	5
1955	3
1956	4
1957	7
1958	2
1959	6
1960	4
1961	1
1962	5
1963	7
1964	4
1965	2
1966	7
1967	5
1968	4
1969	8
1970	2
1971	6
1972	1
1973	6
1974	3
1975	1
1976	8
1977	3
1978	6
1979	3
1980	2
1981	5
1982	8
1983	6
1984	6
1985	4
1986	3
1987	5
1988	6
1989	2
1990	6
1991	6
1992	4
1993	3
1994	4
1995	8
1996	1
1997	4
1998	3
1999	3
2000	2
2001	9
2002	2
2003	5
2004	6
2005	7
2006	2
2007	5
2008	5
2009	6
2010	4
2011	3
2012	4
2013	4
2014	2
2015	4
2016	12
2017	7
2018	5
2019	8
2020	7
2021	4
2022	6
2023	4
2024	8
2025	5
2026	4
2027	5
2028	7
2029	6
2030	3
2031	8
2032	2
2033	4
2034	8
2035	3
2036	7
2037	5
2038	7
2039	3
2040	3
2041	2
2042	2
2043	2
2044	4
2045	6
2046	4
2047	5
2048	5
2049	5
2050	8
2051	4
2052	9
2053	1
2054	7
2055	5
2056	6
2057	4
2058	5
2059	3
2060	1
2061	2
2062	4
2063	6
2064	6
2065	3
2066	5
2067	4
2068	3
2069	5
2070	7
2071	7
2072	5
2073	8
2074	8
2075	4
2076	4
2077	5
2078	3
2079	3
2080	2
2081	6
2082	6
2083	7
2084	4
2085	4
2086	8
2087	6
2088	6
2089	3
2090	8
2091	4
2092	5
2093	3
2094	3
2095	4
2096	8
2097	2
2098	3
2099	7
2100	6
2101	6
2102	5
2103	6
2104	2
2105	10
2106	2
2107	7
2108	5
2109	6
2110	4
2111	3
2112	4
2113	2
2114	6
2115	4
2116	5
2117	4
2118	6
2119	6
2120	4
2121	2
2122	5
2123	5
2124	3
2125	6
2126	7
2127	7
2128	4
2129	5
2130	4
2131	5
2132	2
2133	9
2134	4
2135	5
2136	5
2137	3
2138	5
2139	9
2140	4
2141	6
2142	5
2143	3
2144	7
2145	9
2146	6
2147	5
2148	6
2149	2
2150	8
2151	10
2152	5
2153	8
2154	9
2155	11
2156	5
2157	2
2158	0
2159	4
2160	3
2161	5
2162	2
2163	7
2164	7
2165	2
2166	5
2167	5
2168	3
2169	5
2170	6
2171	4
2172	3
2173	3
2174	5
2175	5
2176	4
2177	7
2178	4
2179	5
2180	4
2181	5
2182	4
2183	3
2184	5
2185	3
2186	5
2187	4
2188	3
2189	2
2190	7
2191	8
2192	4
2193	5
2194	3
2195	3
2196	6
2197	6
2198	6
2199	5
2200	3
2201	13
2202	5
2203	2
2204	5
2205	4
2206	5
2207	5
2208	6
2209	3
2210	2
2211	5
2212	5
2213	0
2214	2
2215	6
2216	3
2217	2
2218	6
2219	8
2220	6
2221	4
2222	3
2223	4
2224	6
2225	5
2226	6
2227	7
2228	6
2229	1
2230	3
2231	3
2232	7
2233	5
2234	5
2235	4
2236	5
2237	8
2238	4
2239	5
2240	5
2241	4
2242	7
2243	2
2244	1
2245	9
2246	9
2247	4
2248	6
2249	7
2250	8
2251	4
2252	4
2253	10
2254	4
2255	3
2256	5
2257	5
2258	5
2259	6
2260	8
2261	6
2262	5
2263	5
2264	5
2265	4
2266	8
2267	3
2268	5
2269	7
2270	4
2271	9
2272	5
2273	6
2274	5
2275	10
2276	9
2277	4
2278	4
2279	4
2280	8
2281	7
2282	8
2283	2
2284	4
2285	14
2286	5
2287	8
2288	9
2289	3
2290	7
2291	4
2292	4
2293	4
2294	5
2295	6
2296	8
2297	3
2298	1
2299	5
2300	9
2301	6
2302	3
2303	6
2304	5
2305	3
2306	6
2307	7
2308	3
2309	4
2310	10
2311	6
2312	7
2313	4
2314	6
2315	6
2316	6
2317	5
2318	9
2319	1
2320	3
2321	7
2322	2
2323	5
2324	6
2325	8
2326	2
2327	6
2328	3
2329	3
2330	3
2331	6
2332	10
2333	6
2334	5
2335	5
2336	4
2337	1
2338	3
2339	4
2340	3
2341	9
2342	5
2343	8
2344	3
2345	6
2346	6
2347	3
2348	5
2349	6
2350	7
2351	5
2352	3
2353	5
2354	5
2355	6
2356	5
2357	6
2358	4
2359	2
2360	5
2361	2
2362	10
2363	1
2364	2
2365	7
2366	6
2367	10
2368	4
2369	5
2370	0
2371	6
2372	2
2373	4
2374	6
2375	5
2376	3
2377	3
2378	4
2379	5
2380	6
2381	5
2382	6
2383	3
2384	3
2385	7
2386	2
2387	3
2388	6
2389	8
2390	5
2391	6
2392	7
2393	7
2394	8
2395	5
2396	5
2397	7
2398	8
2399	4
2400	4
2401	4
2402	5
2403	5
2404	9
2405	5
2406	6
2407	7
2408	8
2409	6
2410	6
2411	10
2412	13
2413	10
2414	5
2415	4
2416	6
2417	3
2418	6
2419	9
2420	6
2421	5
2422	2
2423	4
2424	5
2425	2
2426	3
2427	5
2428	11
2429	7
2430	4
2431	4
2432	4
2433	10
2434	5
2435	4
2436	3
2437	6
2438	7
2439	1
2440	7
2441	7
2442	8
2443	5
2444	4
2445	7
2446	7
2447	3
2448	5
2449	5
2450	0
2451	3
2452	3
2453	6
2454	3
2455	3
2456	3
2457	5
2458	6
2459	4
2460	8
2461	6
2462	5
2463	7
2464	3
2465	8
2466	4
2467	6
2468	4
2469	5
2470	2
2471	5
2472	9
2473	8
2474	6
2475	3
2476	5
2477	3
2478	3
2479	2
2480	1
2481	9
2482	3
2483	12
2484	5
2485	6
2486	4
2487	7
2488	5
2489	6
2490	6
2491	2
2492	4
2493	5
2494	3
2495	1
2496	1
2497	3
2498	5
2499	13
2500	6
2501	9
2502	9
2503	8
2504	8
2505	5
2506	3
2507	1
2508	10
2509	7
2510	2
2511	7
2512	7
2513	4
2514	3
2515	3
2516	5
2517	2
2518	7
2519	7
2520	1
2521	2
2522	4
2523	4
2524	5
2525	6
2526	9
2527	3
2528	3
2529	5
2530	2
2531	2
2532	5
2533	4
2534	8
2535	6
2536	7
2537	5
2538	4
2539	7
2540	5
2541	6
2542	8
2543	2
2544	8
2545	9
2546	7
2547	3
2548	3
2549	2
2550	10
2551	8
2552	5
2553	5
2554	4
2555	2
2556	4
2557	4
2558	3
2559	3
2560	6
2561	1
2562	1
2563	3
2564	9
2565	5
2566	3
2567	4
2568	2
2569	4
2570	1
2571	6
2572	3
2573	5
2574	7
2575	9
2576	6
2577	7
2578	5
2579	4
2580	8
2581	4
2582	5
2583	5
2584	3
2585	7
2586	3
2587	7
2588	5
2589	8
2590	1
2591	6
2592	5
2593	9
2594	7
2595	6
2596	7
2597	4
2598	6
2599	6
2600	3
2601	5
2602	6
2603	3
2604	4
2605	5
2606	2
2607	2
2608	4
2609	4
2610	6
2611	8
2612	5
2613	3
2614	1
2615	5
2616	5
2617	5
2618	6
2619	2
2620	4
2621	8
2622	7
2623	8
2624	4
2625	3
2626	4
2627	3
2628	8
2629	5
2630	7
2631	5
2632	2
2633	6
2634	2
2635	3
2636	0
2637	0
2638	7
2639	5
2640	3
2641	4
2642	6
2643	2
2644	3
2645	9
2646	1
2647	4
2648	4
2649	5
2650	5
2651	4
2652	4
2653	10
2654	3
2655	3
2656	6
2657	5
2658	3
2659	6
2660	6
2661	3
2662	4
2663	8
2664	6
2665	4
2666	4
2667	5
2668	6
2669	4
2670	2
2671	7
2672	2
2673	7
2674	4
2675	6
2676	9
2677	2
2678	6
2679	8
2680	4
2681	5
2682	0
2683	2
2684	8
2685	1
2686	4
2687	7
2688	3
2689	1
2690	5
2691	4
2692	4
2693	6
2694	10
2695	3
2696	10
2697	1
2698	5
2699	5
2700	5
2701	7
2702	10
2703	9
2704	5
2705	7
2706	5
2707	7
2708	4
2709	3
2710	3
2711	1
2712	4
2713	8
2714	2
2715	6
2716	4
2717	4
2718	4
2719	3
2720	3
2721	4
2722	4
2723	4
2724	4
2725	4
2726	3
2727	8
2728	9
2729	6
2730	3
2731	4
2732	5
2733	3
2734	3
2735	4
2736	6
2737	8
2738	3
2739	6
2740	9
2741	10
2742	10
2743	4
2744	6
2745	4
2746	4
2747	6
2748	7
2749	4
2750	3
2751	3
2752	3
2753	4
2754	7
2755	4
2756	2
2757	6
2758	10
2759	2
2760	4
2761	4
2762	6
2763	2
2764	3
2765	7
2766	1
2767	4
2768	2
2769	6
2770	3
2771	4
2772	6
2773	3
2774	7
2775	4
2776	8
2777	8
2778	3
2779	2
2780	6
2781	9
2782	2
2783	6
2784	2
2785	10
2786	3
2787	5
2788	2
2789	7
2790	7
2791	7
2792	2
2793	9
2794	7
2795	3
2796	2
2797	4
2798	5
2799	7
2800	8
2801	2
2802	7
2803	4
2804	8
2805	5
2806	7
2807	3
2808	4
2809	3
2810	5
2811	7
2812	3
2813	6
2814	3
2815	5
2816	5
2817	2
2818	1
2819	6
2820	5
2821	6
2822	4
2823	6
2824	5
2825	7
2826	5
2827	4
2828	3
2829	8
2830	4
2831	4
2832	8
2833	6
2834	4
2835	2
2836	2
2837	4
2838	2
2839	8
2840	6
2841	3
2842	1
2843	3
2844	4
2845	2
2846	5
2847	10
2848	5
2849	6
2850	4
2851	3
2852	3
2853	5
2854	9
2855	7
2856	7
2857	8
2858	6
2859	3
2860	5
2861	9
2862	7
2863	3
2864	2
2865	7
2866	3
2867	4
2868	8
2869	5
2870	1
2871	1
2872	8
2873	8
2874	5
2875	4
2876	3
2877	6
2878	4
2879	5
2880	10
2881	2
2882	4
2883	4
2884	2
2885	3
2886	5
2887	7
2888	4
2889	8
2890	4
2891	6
2892	1
2893	2
2894	2
2895	6
2896	8
2897	7
2898	7
2899	2
2900	6
2901	6
2902	7
2903	7
2904	4
2905	2
2906	7
2907	5
2908	8
2909	2
2910	7
2911	2
2912	5
2913	5
2914	6
2915	7
2916	5
2917	5
2918	6
2919	5
2920	2
2921	4
2922	2
2923	2
2924	7
2925	8
2926	7
2927	9
2928	4
2929	8
2930	6
2931	12
2932	1
2933	6
2934	5
2935	4
2936	7
2937	2
2938	1
2939	4
2940	6
2941	4
2942	5
2943	2
2944	5
2945	5
2946	4
2947	11
2948	4
2949	6
2950	2
2951	3
2952	3
2953	1
2954	6
2955	7
2956	6
2957	4
2958	8
2959	2
2960	5
2961	4
2962	3
2963	7
2964	6
2965	3
2966	0
2967	5
2968	6
2969	6
2970	6
2971	2
2972	4
2973	3
2974	7
2975	3
2976	7
2977	7
2978	5
2979	3
2980	2
2981	7
2982	5
2983	7
2984	4
2985	4
2986	3
2987	2
2988	4
2989	6
2990	12
2991	4
2992	10
2993	3
2994	4
2995	7
2996	5
2997	2
2998	3
2999	2
3000	4
3001	4
3002	0
3003	8
3004	4
3005	3
3006	7
3007	4
3008	4
3009	2
3010	2
3011	1
3012	2
3013	6
3014	4
3015	5
3016	1
3017	2
3018	6
3019	5
3020	8
3021	4
3022	5
3023	4
3024	4
3025	2
3026	8
3027	3
3028	5
3029	7
3030	2
3031	4
3032	4
3033	3
3034	7
3035	4
3036	6
3037	8
3038	1
3039	3
3040	3
3041	7
3042	7
3043	7
3044	2
3045	3
3046	2
3047	4
3048	3
3049	5
3050	5
3051	3
3052	6
3053	2
3054	5
3055	4
3056	5
3057	1
3058	5
3059	8
3060	4
3061	3
3062	3
3063	4
3064	3
3065	6
3066	5
3067	3
3068	6
3069	4
3070	1
3071	2
3072	2
3073	2
3074	1
3075	6
3076	5
3077	0
3078	5
3079	4
3080	3
3081	7
3082	7
3083	5
3084	3
3085	3
3086	4
3087	4
3088	3
3089	7
3090	5
3091	6
3092	7
3093	3
3094	3
3095	6
3096	3
3097	3
3098	1
3099	2
3100	2
3101	6
3102	5
3103	7
3104	3
3105	6
3106	4
3107	6
3108	6
3109	4
3110	4
3111	7
3112	3
3113	5
3114	3
3115	3
3116	2
3117	8
3118	3
3119	7
3120	2
3121	4
3122	3
3123	3
3124	8
3125	3
3126	3
3127	1
3128	4
3129	4
3130	4
3131	2
3132	2
3133	2
3134	7
3135	4
3136	5
3137	3
3138	6
3139	4
3140	9
3141	11
3142	4
3143	2
3144	6
3145	7
3146	5
3147	8
3148	7
3149	7
3150	2
3151	6
3152	5
3153	2
3154	8
3155	7
3156	5
3157	5
3158	4
3159	7
3160	4
3161	9
3162	5
3163	1
3164	9
3165	1
3166	9
3167	3
3168	5
3169	4
3170	5
3171	5
3172	6
3173	3
3174	4
3175	4
3176	3
3177	5
3178	7
3179	5
3180	9
3181	5
3182	5
3183	6
3184	5
3185	5
3186	4
3187	4
3188	5
3189	2
3190	3
3191	5
3192	4
3193	4
3194	3
3195	4
3196	3
3197	6
3198	7
3199	3
3200	4
3201	2
3202	8
3203	4
3204	4
3205	5
3206	4
3207	2
3208	4
3209	5
3210	6
3211	2
3212	5
3213	3
3214	5
3215	5
3216	3
3217	1
3218	6
3219	2
3220	7
3221	7
3222	3
3223	4
3224	4
3225	4
3226	5
3227	4
3228	5
3229	1
3230	7
3231	6
3232	4
3233	9
3234	3
3235	2
3236	4
3237	9
3238	6
3239	7
3240	7
3241	3
3242	7
3243	6
3244	6
3245	4
3246	9
3247	3
3248	8
3249	6
3250	9
3251	5
3252	4
3253	5
3254	3
3255	5
3256	2
3257	4
3258	2
3259	4
3260	7
3261	4
3262	5
3263	6
3264	7
3265	3
3266	4
3267	5
3268	5
3269	7
3270	5
3271	4
3272	9
3273	2
3274	8
3275	4
3276	0
3277	10
3278	3
3279	3
3280	6
3281	4
3282	8
3283	9
3284	5
3285	4
3286	5
3287	2
3288	5
3289	6
3290	9
3291	2
3292	2
3293	3
3294	8
3295	7
3296	7
3297	7
3298	5
3299	2
3300	8
3301	8
3302	4
3303	3
3304	3
3305	4
3306	3
3307	4
3308	6
3309	5
3310	4
3311	3
3312	3
3313	2
3314	6
3315	5
3316	5
3317	5
3318	1
3319	3
3320	8
3321	4
3322	4
3323	4
3324	4
3325	5
3326	7
3327	2
3328	7
3329	7
3330	4
3331	2
3332	7
3333	7
3334	6
3335	6
3336	4
3337	5
3338	3
3339	6
3340	8
3341	7
3342	4
3343	4
3344	3
3345	5
3346	3
3347	7
3348	10
3349	7
3350	5
3351	5
3352	2
3353	6
3354	4
3355	9
3356	2
3357	7
3358	6
3359	4
3360	5
3361	5
3362	3
3363	8
3364	3
3365	2
3366	4
3367	3
3368	4
3369	5
3370	5
3371	4
3372	4
3373	1
3374	2
3375	5
3376	3
3377	2
3378	4
3379	1
3380	5
3381	4
3382	3
3383	4
3384	2
3385	5
3386	2
3387	3
3388	6
3389	5
3390	0
3391	4
3392	7
3393	5
3394	6
3395	6
3396	0
3397	3
3398	3
3399	1
3400	3
3401	2
3402	2
3403	5
3404	1
3405	6
3406	6
3407	4
3408	3
3409	4
3410	4
3411	7
3412	9
3413	8
3414	4
3415	4
3416	4
3417	5
3418	8
3419	4
3420	2
3421	9
3422	3
3423	5
3424	2
3425	3
3426	2
3427	3
3428	2
3429	8
3430	2
3431	4
3432	4
3433	2
3434	8
3435	4
3436	4
3437	9
3438	8
3439	6
3440	6
3441	5
3442	5
3443	6
3444	6
3445	5
3446	5
3447	5
3448	5
3449	3
3450	3
3451	5
3452	7
3453	4
3454	2
3455	4
3456	6
3457	7
3458	5
3459	3
3460	2
3461	4
3462	4
3463	4
3464	5
3465	3
3466	7
3467	6
3468	5
3469	4
3470	4
3471	2
3472	4
3473	4
3474	2
3475	4
3476	6
3477	4
3478	5
3479	7
3480	4
3481	4
3482	3
3483	6
3484	9
3485	5
3486	2
3487	2
3488	5
3489	3
3490	4
3491	4
3492	6
3493	4
3494	4
3495	5
3496	7
3497	2
3498	2
3499	7
3500	5
3501	8
3502	1
3503	4
3504	6
3505	5
3506	5
3507	3
3508	3
3509	7
3510	3
3511	3
3512	5
3513	3
3514	6
3515	2
3516	5
3517	5
3518	5
3519	4
3520	9
3521	4
3522	7
3523	5
3524	8
3525	4
3526	3
3527	6
3528	6
3529	8
3530	3
3531	5
3532	6
3533	7
3534	5
3535	6
3536	8
3537	4
3538	2
3539	5
3540	5
3541	4
3542	3
3543	5
3544	6
3545	3
3546	6
3547	1
3548	2
3549	2
3550	2
3551	3
3552	3
3553	6
3554	3
3555	2
3556	4
3557	6
3558	6
3559	1
3560	5
3561	2
3562	0
3563	3
3564	3
3565	5
3566	5
3567	3
3568	3
3569	2
3570	3
3571	3
3572	3
3573	4
3574	5
3575	5
3576	5
3577	3
3578	4
3579	3
3580	6
3581	5
3582	5
3583	3
3584	7
3585	9
3586	7
3587	6
3588	5
3589	2
3590	4
3591	6
3592	5
3593	2
3594	2
3595	4
3596	8
3597	4
3598	7
3599	5
3600	2
3601	3
3602	10
3603	3
3604	3
3605	2
3606	7
3607	6
3608	4
3609	5
3610	4
3611	7
3612	4
3613	8
3614	5
3615	6
3616	3
3617	5
3618	3
3619	3
3620	5
3621	2
3622	4
3623	8
3624	2
3625	6
3626	3
3627	3
3628	3
3629	5
3630	4
3631	3
3632	3
3633	8
3634	6
3635	4
3636	4
3637	4
3638	6
3639	4
3640	4
3641	8
3642	1
3643	3
3644	7
3645	2
3646	9
3647	1
3648	4
3649	11
3650	4
3651	2
3652	9
3653	5
3654	3
3655	5
3656	8
3657	7
3658	4
3659	2
3660	4
3661	6
3662	4
3663	5
3664	2
3665	5
3666	9
3667	5
3668	5
3669	4
3670	2
3671	7
3672	2
3673	4
3674	2
3675	5
3676	2
3677	4
3678	3
3679	4
3680	4
3681	2
3682	4
3683	3
3684	7
3685	3
3686	3
3687	5
3688	7
3689	5
3690	3
3691	4
3692	3
3693	6
3694	3
3695	6
3696	0
3697	4
3698	5
3699	5
3700	3
3701	4
3702	5
3703	3
3704	5
3705	2
3706	5
3707	6
3708	3
3709	3
3710	0
3711	3
3712	4
3713	7
3714	9
3715	2
3716	6
3717	5
3718	3
3719	2
3720	7
3721	2
3722	8
3723	4
3724	5
3725	4
3726	10
3727	2
3728	6
3729	4
3730	4
3731	4
3732	3
3733	1
3734	11
3735	6
3736	4
3737	11
3738	3
3739	4
3740	3
3741	6
3742	6
3743	3
3744	1
3745	2
3746	8
3747	3
3748	2
3749	6
3750	4
3751	4
3752	4
3753	1
3754	6
3755	2
3756	7
3757	8
3758	3
3759	5
3760	4
3761	2
3762	8
3763	5
3764	4
3765	5
3766	3
3767	5
3768	7
3769	4
3770	5
3771	4
3772	6
3773	7
3774	2
3775	7
3776	5
3777	9
3778	9
3779	4
3780	4
3781	3
3782	3
3783	3
3784	7
3785	5
3786	9
3787	10
3788	5
3789	5
3790	9
3791	4
3792	5
3793	7
3794	3
3795	2
3796	8
3797	4
3798	1
3799	1
3800	6
3801	1
3802	9
3803	8
3804	2
3805	5
3806	11
3807	3
3808	8
3809	7
3810	9
3811	0
3812	5
3813	6
3814	8
3815	7
3816	5
3817	1
3818	6
3819	5
3820	6
3821	1
3822	7
3823	8
3824	4
3825	4
3826	6
3827	4
3828	5
3829	4
3830	7
3831	9
3832	6
3833	4
3834	4
3835	5
3836	0
3837	5
3838	3
3839	6
3840	5
3841	8
3842	4
3843	1
3844	1
3845	4
3846	7
3847	7
3848	3
3849	2
3850	3
3851	10
3852	5
3853	5
3854	7
3855	4
3856	5
3857	5
3858	5
3859	5
3860	6
3861	2
3862	4
3863	2
3864	3
3865	5
3866	2
3867	7
3868	4
3869	2
3870	7
3871	8
3872	5
3873	1
3874	6
3875	2
3876	2
3877	4
3878	9
3879	2
3880	3
3881	4
3882	3
3883	4
3884	1
3885	8
3886	8
3887	5
3888	4
3889	5
3890	7
3891	4
3892	2
3893	0
3894	2
3895	3
3896	4
3897	7
3898	5
3899	3
3900	4
3901	6
3902	8
3903	4
3904	3
3905	6
3906	3
3907	3
3908	1
3909	1
3910	7
3911	2
3912	4
3913	8
3914	4
3915	4
3916	2
3917	3
3918	5
3919	3
3920	0
3921	5
3922	3
3923	3
3924	1
3925	4
3926	6
3927	5
3928	4
3929	6
3930	2
3931	1
3932	3
3933	3
3934	5
3935	3
3936	3
3937	3
3938	3
3939	0
3940	2
3941	5
3942	6
3943	7
3944	9
3945	7
3946	4
3947	6
3948	4
3949	3
3950	5
3951	3
3952	3
3953	2
3954	6
3955	2
3956	3
3957	4
3958	5
3959	4
3960	5
3961	2
3962	6
3963	8
3964	4
3965	4
3966	6
3967	6
3968	6
3969	6
3970	0
3971	9
3972	5
3973	7
3974	3
3975	3
3976	1
3977	2
3978	3
3979	4
3980	4
3981	3
3982	4
3983	4
3984	8
3985	5
3986	1
3987	4
3988	3
3989	2
3990	3
3991	3
3992	5
3993	5
3994	2
3995	4
3996	2
3997	7
3998	5
3999	1
4000	6
4001	6
4002	5
4003	4
4004	3
4005	6
4006	4
4007	3
4008	3
4009	3
4010	7
4011	2
4012	0
4013	3
4014	3
4015	3
4016	5
4017	5
4018	0
4019	3
4020	6
4021	3
4022	3
4023	2
4024	6
4025	1
4026	3
4027	4
4028	5
4029	3
4030	7
4031	4
4032	7
4033	4
4034	1
4035	4
4036	5
4037	3
4038	1
4039	3
4040	3
4041	3
4042	4
4043	3
4044	4
4045	5
4046	4
4047	4
4048	2
4049	3
4050	5
4051	8
4052	3
4053	4
4054	6
4055	4
4056	4
4057	4
4058	2
4059	5
4060	2
4061	2
4062	4
4063	9
4064	4
4065	4
4066	4
4067	4
4068	2
4069	5
4070	2
4071	4
4072	1
4073	4
4074	2
4075	3
4076	3
4077	3
4078	4
4079	3
4080	2
4081	5
4082	3
4083	4
4084	3
4085	2
4086	4
4087	4
4088	6
4089	1
4090	8
4091	2
4092	3
4093	9
4094	4
4095	4
4096	3
4097	4
4098	4
4099	7
4100	2
4101	6
4102	3
4103	2
4104	3
4105	2
4106	2
4107	3
4108	1
4109	2
4110	5
4111	3
4112	2
4113	3
4114	4
4115	3
4116	6
4117	6
4118	7
4119	7
4120	4
4121	1
4122	3
4123	2
4124	2
4125	1
4126	5
4127	4
4128	2
4129	2
4130	7
4131	2
4132	3
4133	6
4134	4
4135	3
4136	2
4137	1
4138	4
4139	2
4140	6
4141	1
4142	5
4143	1
4144	5
4145	1
4146	5
4147	5
4148	3
4149	5
4150	4
4151	4
4152	1
4153	5
4154	1
4155	4
4156	4
4157	4
4158	3
4159	5
4160	5
4161	5
4162	6
4163	5
4164	4
4165	2
4166	4
4167	8
4168	1
4169	1
4170	5
4171	1
4172	5
4173	2
4174	1
4175	4
4176	4
4177	2
4178	3
4179	6
4180	3
4181	4
4182	2
4183	1
4184	1
4185	1
4186	2
4187	6
4188	1
4189	2
4190	2
4191	1
4192	3
4193	0
4194	3
4195	2
4196	5
4197	6
4198	1
4199	3
4200	6
4201	0
4202	1
4203	3
4204	3
4205	2
4206	2
4207	3
4208	2
4209	3
4210	2
4211	3
4212	2
4213	3
4214	2
4215	1
4216	3
4217	6
4218	2
4219	2
4220	3
4221	0
4222	0
4223	2
4224	1
4225	2
4226	2
4227	8
4228	4
4229	3
4230	2
4231	2
4232	2
4233	1
4234	3
4235	3
4236	1
4237	3
4238	5
4239	0
4240	0
4241	7
4242	7
4243	1
4244	1
4245	3
4246	3
4247	0
4248	4
4249	0
4250	2
4251	5
4252	5
4253	8
4254	1
4255	1
4256	5
4257	2
4258	2
4259	1
4260	4
4261	2
4262	0
4263	1
4264	2
4265	2
4266	2
4267	1
4268	0
4269	4
4270	1
4271	2
4272	7
4273	2
4274	2
4275	1
4276	5
4277	3
4278	4
4279	3
4280	2
4281	2
4282	5
4283	6
4284	6
4285	4
4286	1
4287	1
4288	6
4289	2
4290	1
4291	3
4292	4
4293	5
4294	3
4295	3
4296	5
4297	1
4298	3
4299	4
4300	4
4301	2
4302	5
4303	4
4304	3
4305	1
4306	4
4307	3
4308	1
4309	1
4310	5
4311	2
4312	2
4313	2
4314	3
4315	1
4316	4
4317	4
4318	1
4319	1
4320	0
4321	0
4322	2
4323	1
4324	4
4325	1
4326	3
4327	3
4328	1
4329	5
4330	4
4331	1
4332	1
4333	2
4334	1
4335	2
4336	2
4337	4
4338	3
4339	3
4340	2
4341	2
4342	3
4343	3
4344	3
4345	1
4346	2
4347	2
4348	3
4349	3
4350	2
4351	0
4352	4
4353	0
4354	2
4355	2
4356	1
4357	4
4358	4
4359	6
4360	0
4361	3
4362	3
4363	1
4364	2
4365	1
4366	2
4367	2
4368	1
4369	2
4370	1
4371	2
4372	3
4373	3
4374	1
4375	2
4376	1
4377	6
4378	1
4379	1
4380	3
4381	0
4382	0
4383	2
4384	3
4385	1
4386	1
4387	3
4388	0
4389	3
4390	2
4391	0
4392	1
4393	3
4394	1
4395	4
4396	3
4397	2
4398	3
4399	1
4400	2
4401	0
4402	0
4403	2
4404	3
4405	2
4406	1
4407	0
4408	5
4409	4
4410	3
4411	2
4412	1
4413	5
4414	0
4415	2
4416	3
4417	2
4418	0
4419	0
4420	5
4421	2
4422	3
4423	1
4424	2
4425	0
4426	1
4427	3
4428	3
4429	1
4430	2
4431	2
4432	2
4433	2
4434	1
4435	3
4436	2
4437	1
4438	0
4439	4
4440	7
4441	3
4442	1
4443	4
4444	0
4445	2
4446	2
4447	1
4448	2
4449	5
4450	1
4451	0
4452	2
4453	0
4454	0
4455	4
4456	1
4457	1
4458	2
4459	2
4460	3
4461	1
4462	1
4463	2
4464	2
4465	1
4466	3
4467	1
4468	2
4469	3
4470	1
4471	1
4472	1
4473	4
4474	0
4475	0
4476	3
4477	2
4478	2
4479	1
4480	1
4481	0
4482	1
4483	2
4484	4
4485	1
4486	4
4487	2
4488	3
4489	0
4490	1
4491	1
4492	0
4493	1
4494	1
4495	1
4496	1
4497	1
4498	4
4499	1
4500	2
4501	0
4502	1
4503	3
4504	0
4505	3
4506	1
4507	1
4508	2
4509	0
4510	2
4511	4
4512	1
4513	1
4514	5
4515	2
4516	0
4517	0
4518	1
4519	0
4520	0
4521	1
4522	1
4523	1
4524	0
4525	3
4526	2
4527	1
4528	6
4529	0
4530	1
4531	2
4532	3
4533	3
4534	1
4535	2
4536	2
4537	3
4538	1
4539	4
4540	1
4541	2
4542	2
4543	0
4544	1
4545	4
4546	1
4547	0
4548	1
4549	1
4550	2
4551	2
4552	1
4553	1
4554	1
4555	0
4556	2
4557	3
4558	2
4559	2
4560	0
4561	1
4562	3
4563	1
4564	2
4565	3
4566	2
4567	2
4568	1
4569	1
4570	4
4571	2
4572	1
4573	0
4574	4
4575	1
4576	2
4577	1
4578	0
4579	2
4580	0
4581	1
4582	3
4583	2
4584	1
4585	1
4586	2
4587	2
4588	1
4589	1
4590	2
4591	2
4592	0
4593	2
4594	2
4595	2
4596	1
4597	5
4598	1
4599	2
4600	1
4601	1
4602	1
4603	2
4604	0
4605	1
4606	2
4607	1
4608	3
4609	1
4610	0
4611	1
4612	3
4613	1
4614	2
4615	3
4616	0
4617	2
4618	1
4619	3
4620	0
4621	2
4622	2
4623	0
4624	3
4625	3
4626	0
4627	2
4628	1
4629	2
4630	2
4631	2
4632	2
4633	5
4634	2
4635	1
4636	0
4637	1
4638	3
4639	1
4640	4
4641	2
4642	1
4643	1
4644	3
4645	4
4646	0
4647	1
4648	2
4649	2
4650	3
4651	1
4652	2
4653	1
4654	2
4655	3
4656	2
4657	1
4658	1
4659	2
4660	4
4661	2
4662	0
4663	0
4664	1
4665	0
4666	0
4667	1
4668	2
4669	3
4670	1
4671	2
4672	2
4673	1
4674	1
4675	1
4676	1
4677	2
4678	1
4679	6
4680	1
4681	0
4682	2
4683	1
4684	1
4685	4
4686	0
4687	1
4688	2
4689	2
4690	0
4691	1
4692	1
4693	1
4694	1
4695	1
4696	0
4697	1
4698	1
4699	2
4700	1
4701	0
4702	3
4703	0
4704	1
4705	5
4706	0
4707	0
4708	1
4709	0
4710	2
4711	5
4712	3
4713	3
4714	0
4715	0
4716	3
4717	2
4718	0
4719	2
4720	4
4721	1
4722	1
4723	3
4724	1
4725	2
4726	0
4727	2
4728	2
4729	1
4730	0
4731	1
4732	2
4733	2
4734	2
4735	2
4736	2
4737	1
4738	1
4739	0
4740	3
4741	0
4742	2
4743	1
4744	2
4745	1
4746	0
4747	4
4748	1
4749	1
4750	4
4751	3
4752	1
4753	2
4754	0
4755	1
4756	0
4757	1
4758	2
4759	2
4760	0
4761	0
4762	0
4763	1
4764	1
4765	6
4766	0
4767	1
4768	2
4769	1
4770	1
4771	0
4772	3
4773	0
4774	1
4775	2
4776	1
4777	0
4778	1
4779	0
4780	1
4781	0
4782	0
4783	0
4784	1
4785	1
4786	2
4787	1
4788	1
4789	1
4790	0
4791	0
4792	2
4793	1
4794	3
4795	0
4796	1
4797	1
4798	1
4799	1
4800	3
4801	1
4802	2
4803	0
4804	2
4805	2
4806	2
4807	2
4808	1
4809	0
4810	1
4811	2
4812	0
4813	1
4814	1
4815	1
4816	1
4817	3
4818	1
4819	1
4820	0
4821	1
4822	2
4823	0
4824	0
4825	1
4826	1
4827	2
4828	3
4829	1
4830	4
4831	2
4832	2
4833	2
4834	0
4835	1
4836	0
4837	1
4838	4
4839	0
4840	2
4841	0
4842	1
4843	1
4844	1
4845	1
4846	2
4847	0
4848	2
4849	0
4850	1
4851	0
4852	2
4853	1
4854	0
4855	1
4856	1
4857	2
4858	0
4859	1
4860	0
4861	3
4862	0
4863	2
4864	0
4865	4
4866	1
4867	1
4868	1
4869	1
4870	1
4871	0
4872	1
4873	3
4874	1
4875	4
4876	1
4877	3
4878	2
4879	1
4880	0
4881	2
4882	2
4883	2
4884	2
4885	2
4886	1
4887	3
4888	3
4889	2
4890	2
4891	2
4892	0
4893	1
4894	2
4895	0
4896	1
4897	1
4898	1
4899	2
4900	2
4901	2
4902	1
4903	1
4904	1
4905	1
4906	0
4907	1
4908	1
4909	0
4910	1
4911	1
4912	1
4913	1
4914	2
4915	3
4916	1
4917	3
4918	1
4919	1
4920	0
4921	0
4922	0
4923	1
4924	2
4925	2
4926	4
4927	1
4928	0
4929	2
4930	2
4931	1
4932	2
4933	4
4934	1
4935	0
4936	1
4937	1
4938	2
4939	1
4940	1
4941	0
4942	0
4943	1
4944	2
4945	2
4946	0
4947	1
4948	1
4949	0
4950	3
4951	0
4952	2
4953	2
4954	1
4955	1
4956	2
4957	1
4958	2
4959	0
4960	0
4961	2
4962	1
4963	1
4964	2
4965	0
4966	0
4967	1
4968	2
4969	4
4970	2
4971	2
4972	1
4973	4
4974	0
4975	2
4976	0
4977	4
4978	0
4979	0
4980	1
4981	2
4982	2
4983	0
4984	1
4985	2
4986	1
4987	0
4988	1
4989	1
4990	0
4991	1
4992	1
4993	1
4994	1
4995	3
4996	0
4997	2
4998	2
4999	2
5000	2
5001	0
5002	1
5003	0
5004	1
5005	2
5006	1
5007	1
5008	1
5009	0
5010	1
5011	0
5012	1
5013	1
5014	1
5015	0
5016	2
5017	0
5018	1
5019	0
5020	1
5021	0
5022	0
5023	1
5024	1
5025	2
5026	2
5027	0
5028	1
5029	0
5030	0
5031	0
5032	2
5033	0
5034	0
5035	1
5036	1
5037	1
5038	1
5039	1
5040	0
5041	1
5042	1
5043	0
5044	1
5045	2
5046	0
5047	0
5048	1
5049	2
5050	2
5051	0
5052	0
5053	1
5054	0
5055	0
5056	1
5057	1
5058	0
5059	2
5060	1
5061	1
5062	2
5063	0
5064	0
5065	1
5066	0
5067	1
5068	3
5069	1
5070	0
5071	0
5072	0
5073	0
5074	2
5075	1
5076	1
5077	2
5078	1
5079	1
5080	1
5081	2
5082	2
5083	0
5084	0
5085	1
5086	0
5087	1
5088	1
5089	1
5090	1
5091	2
5092	2
5093	1
5094	0
5095	2
5096	0
5097	3
5098	1
5099	2
5100	1
5101	0
5102	1
5103	1
5104	1
5105	0
5106	1
5107	0
5108	0
5109	1
5110	3
5111	1
5112	1
5113	1
5114	1
5115	0
5116	1
5117	1
5118	2
5119	4
5120	1
5121	1
5122	3
5123	2
5124	2
5125	1
5126	0
5127	0
5128	0
5129	1
5130	2
5131	1
5132	1
5133	0
5134	1
5135	2
5136	0
5137	1
5138	1
5139	0
5140	1
5141	0
5142	1
5143	2
5144	1
5145	2
5146	0
5147	0
5148	1
5149	3
5150	2
5151	0
5152	0
5153	0
5154	2
5155	1
5156	2
5157	4
5158	0
5159	1
5160	0
5161	2
5162	2
5163	0
5164	1
5165	3
5166	0
5167	1
5168	0
5169	2
5170	2
5171	2
5172	2
5173	2
5174	0
5175	0
5176	1
5177	0
5178	0
5179	0
5180	2
5181	1
5182	3
5183	1
5184	1
5185	2
5186	0
5187	1
5188	1
5189	0
5190	0
5191	1
5192	2
5193	2
5194	1
5195	0
5196	0
5197	0
5198	3
5199	1
5200	0
5201	1
5202	2
5203	0
5204	0
5205	2
5206	2
5207	0
5208	1
5209	1
5210	0
5211	1
5212	0
5213	0
5214	1
5215	2
5216	1
5217	3
5218	0
5219	1
5220	4
5221	0
5222	2
5223	1
5224	3
5225	3
5226	1
5227	2
5228	1
5229	3
5230	0
5231	3
5232	2
5233	2
5234	1
5235	0
5236	1
5237	0
5238	1
5239	2
5240	1
5241	0
5242	0
5243	1
5244	2
5245	1
5246	2
5247	1
5248	0
5249	0
5250	0
5251	1
5252	0
5253	2
5254	2
5255	1
5256	1
5257	0
5258	4
5259	0
5260	1
5261	1
5262	1
5263	0
5264	0
5265	0
5266	0
5267	0
5268	2
5269	1
5270	1
5271	1
5272	1
5273	0
5274	0
5275	1
5276	0
5277	2
5278	1
5279	2
5280	2
5281	0
5282	0
5283	1
5284	2
5285	1
5286	1
5287	0
5288	1
5289	0
5290	2
5291	2
5292	1
5293	2
5294	3
5295	1
5296	3
5297	2
5298	1
5299	1
5300	1
5301	0
5302	1
5303	0
5304	0
5305	3
5306	2
5307	0
5308	2
5309	0
5310	2
5311	1
5312	0
5313	1
5314	1
5315	1
5316	2
5317	0
5318	0
5319	2
5320	2
5321	3
5322	3
5323	0
5324	0
5325	2
5326	1
5327	0
5328	1
5329	1
5330	0
5331	1
5332	1
5333	0
5334	3
5335	2
5336	3
5337	2
5338	0
5339	3
5340	1
5341	0
5342	2
5343	3
5344	1
5345	0
5346	1
5347	1
5348	1
5349	0
5350	3
5351	1
5352	2
5353	1
5354	2
5355	2
5356	0
5357	0
5358	0
5359	4
5360	0
5361	1
5362	2
5363	1
5364	1
5365	0
5366	1
5367	2
5368	4
5369	0
5370	0
5371	0
5372	1
5373	2
5374	0
5375	1
5376	2
5377	0
5378	2
5379	0
5380	2
5381	0
5382	3
5383	1
5384	1
5385	0
5386	2
5387	1
5388	3
5389	0
5390	1
5391	1
5392	1
5393	2
5394	0
5395	0
5396	0
5397	1
5398	0
5399	0
5400	0
5401	0
5402	0
5403	0
5404	3
5405	1
5406	0
5407	0
5408	2
5409	1
5410	0
5411	0
5412	0
5413	1
5414	0
5415	2
5416	1
5417	1
5418	0
5419	2
5420	1
5421	1
5422	0
5423	2
5424	0
5425	1
5426	2
5427	1
5428	1
5429	2
5430	0
5431	1
5432	0
5433	0
5434	1
5435	0
5436	0
5437	1
5438	1
5439	1
5440	0
5441	1
5442	2
5443	0
5444	2
5445	1
5446	1
5447	1
5448	3
5449	1
5450	0
5451	1
5452	0
5453	0
5454	0
5455	0
5456	3
5457	3
5458	1
5459	1
5460	1
5461	2
5462	1
5463	1
5464	1
5465	0
5466	0
5467	0
5468	0
5469	2
5470	1
5471	1
5472	0
5473	1
5474	2
5475	1
5476	2
5477	0
5478	2
5479	3
5480	0
5481	1
5482	3
5483	3
5484	2
5485	2
5486	0
5487	2
5488	2
5489	1
5490	0
5491	3
5492	3
5493	2
5494	2
5495	1
5496	1
5497	1
5498	2
5499	1
5500	1
5501	1
5502	0
5503	1
5504	1
5505	1
5506	3
5507	3
5508	0
5509	3
5510	0
5511	1
5512	1
5513	1
5514	1
5515	0
5516	0
5517	1
5518	1
5519	3
5520	1
5521	0
5522	1
5523	0
5524	2
5525	1
5526	1
5527	0
5528	0
5529	0
5530	2
5531	0
5532	0
5533	0
5534	0
5535	2
5536	2
5537	0
5538	1
5539	0
5540	2
5541	0
5542	0
5543	2
5544	0
5545	2
5546	1
5547	0
5548	0
5549	0
5550	0
5551	2
5552	0
5553	1
5554	1
5555	0
5556	1
5557	1
5558	5
5559	2
5560	1
5561	3
5562	2
5563	1
5564	1
5565	0
5566	1
5567	0
5568	0
5569	1
5570	3
5571	3
5572	0
5573	2
5574	3
5575	0
5576	2
5577	0
5578	2
5579	0
5580	1
5581	2
5582	1
5583	3
5584	0
5585	1
5586	3
5587	0
5588	1
5589	2
5590	0
5591	1
5592	1
5593	1
5594	1
5595	1
5596	1
5597	3
5598	0
5599	2
5600	2
5601	0
5602	0
5603	2
5604	0
5605	2
5606	0
5607	2
5608	0
5609	2
5610	1
5611	0
5612	3
5613	1
5614	2
5615	0
5616	1
5617	4
5618	0
5619	1
5620	2
5621	1
5622	0
5623	2
5624	1
5625	1
5626	1
5627	2
5628	3
5629	2
5630	4
5631	0
5632	2
5633	0
5634	2
5635	4
5636	4
5637	1
5638	2
5639	0
5640	9
5641	1
5642	0
5643	2
5644	3
5645	3
5646	1
5647	2
5648	3
5649	0
5650	5
5651	1
5652	1
5653	1
5654	0
5655	0
5656	4
5657	1
5658	1
5659	2
5660	1
5661	1
5662	3
5663	1
5664	6
5665	0
5666	2
5667	4
5668	1
5669	1
5670	3
5671	2
5672	1
5673	2
5674	3
5675	0
5676	2
5677	1
5678	0
5679	0
5680	3
5681	3
5682	0
5683	2
5684	3
5685	2
5686	2
5687	2
5688	4
5689	3
5690	2
5691	1
5692	1
5693	3
5694	4
5695	4
5696	3
5697	3
5698	1
5699	2
5700	2
5701	0
5702	3
5703	2
5704	3
5705	1
5706	1
5707	4
5708	3
5709	2
5710	1
5711	3
5712	0
5713	6
5714	1
5715	2
5716	0
5717	1
5718	4
5719	0
5720	0
5721	2
5722	1
5723	2
5724	2
5725	2
5726	1
5727	0
5728	2
5729	2
5730	3
5731	2
5732	6
5733	4
5734	3
5735	4
5736	2
5737	1
5738	3
5739	1
5740	3
5741	4
5742	2
5743	6
5744	4
5745	0
5746	6
5747	4
5748	0
5749	1
5750	2
5751	3
5752	5
5753	3
5754	4
5755	2
5756	3
5757	2
5758	3
5759	1
5760	4
5761	5
5762	2
5763	6
5764	4
5765	2
5766	2
5767	6
5768	5
5769	2
5770	1
5771	6
5772	7
5773	6
5774	2
5775	3
5776	1
5777	5
5778	1
5779	2
5780	4
5781	2
5782	1
5783	5
5784	5
5785	4
5786	3
5787	1
5788	3
5789	5
5790	8
5791	5
5792	4
5793	6
5794	2
5795	1
5796	1
5797	6
5798	4
5799	5
5800	3
5801	4
5802	1
5803	9
5804	6
5805	4
5806	4
5807	6
5808	3
5809	5
5810	4
5811	5
5812	5
5813	8
5814	6
5815	4
5816	3
5817	8
5818	5
5819	4
5820	3
5821	2
5822	3
5823	1
5824	6
5825	9
5826	5
5827	5
5828	5
5829	4
5830	2
5831	9
5832	2
5833	4
5834	4
5835	6
5836	3
5837	9
5838	4
5839	4
5840	4
5841	6
5842	7
5843	5
5844	3
5845	4
5846	8
5847	6
5848	4
5849	4
5850	6
5851	4
5852	7
5853	6
5854	4
5855	5
5856	4
5857	7
5858	8
5859	4
5860	6
5861	3
5862	5
5863	9
5864	7
5865	3
5866	4
5867	5
5868	6
5869	3
5870	8
5871	4
5872	6
5873	7
5874	5
5875	4
5876	10
5877	2
5878	7
5879	5
5880	6
5881	5
5882	5
5883	4
5884	11
5885	5
5886	9
5887	5
5888	5
5889	3
5890	5
5891	4
5892	8
5893	7
5894	8
5895	8
5896	7
5897	10
5898	7
5899	11
5900	7
5901	3
5902	2
5903	7
5904	8
5905	4
5906	9
5907	4
5908	6
5909	7
5910	6
5911	6
5912	6
5913	9
5914	6
5915	6
5916	4
5917	10
5918	9
5919	9
5920	11
5921	6
5922	11
5923	9
5924	7
5925	10
5926	3
5927	2
5928	15
5929	2
5930	10
5931	8
5932	6
5933	8
5934	8
5935	14
5936	10
5937	7
5938	6
5939	8
5940	3
5941	8
5942	11
5943	7
5944	9
5945	10
5946	5
5947	14
5948	6
5949	8
5950	6
5951	11
5952	8
5953	9
5954	12
5955	14
5956	11
5957	11
5958	9
5959	7
5960	7
5961	6
5962	11
5963	7
5964	9
5965	12
5966	15
5967	8
5968	12
5969	8
5970	9
5971	7
5972	13
5973	8
5974	17
5975	12
5976	7
5977	12
5978	10
5979	9
5980	8
5981	7
5982	10
5983	8
5984	11
5985	6
5986	12
5987	9
5988	13
5989	12
5990	9
5991	11
5992	7
5993	11
5994	9
5995	12
5996	8
5997	11
5998	9
5999	8
6000	15
6001	8
6002	15
6003	8
6004	13
6005	11
6006	12
6007	7
6008	13
6009	12
6010	14
6011	17
6012	15
6013	12
6014	14
6015	15
6016	15
6017	16
6018	12
6019	13
6020	13
6021	21
6022	12
6023	11
6024	14
6025	11
6026	25
6027	10
6028	15
6029	15
6030	9
6031	13
6032	22
6033	12
6034	11
6035	15
6036	8
6037	17
6038	15
6039	12
6040	11
6041	11
6042	7
6043	9
6044	9
6045	12
6046	12
6047	10
6048	17
6049	15
6050	6
6051	17
6052	16
6053	10
6054	9
6055	18
6056	14
6057	17
6058	15
6059	9
6060	11
6061	9
6062	12
6063	14
6064	16
6065	18
6066	15
6067	14
6068	9
6069	14
6070	12
6071	7
6072	12
6073	14
6074	12
6075	13
6076	18
6077	17
6078	12
6079	21
6080	17
6081	19
6082	22
6083	16
6084	7
6085	16
6086	15
6087	13
6088	22
6089	20
6090	15
6091	16
6092	8
6093	20
6094	10
6095	15
6096	14
6097	8
6098	16
6099	16
6100	20
6101	15
6102	14
6103	17
6104	10
6105	11
6106	13
6107	9
6108	14
6109	13
6110	19
6111	24
6112	12
6113	18
6114	13
6115	14
6116	20
6117	12
6118	13
6119	14
6120	13
6121	18
6122	15
6123	9
6124	22
6125	19
6126	17
6127	13
6128	20
6129	13
6130	20
6131	20
6132	14
6133	18
6134	10
6135	15
6136	16
6137	18
6138	14
6139	16
6140	16
6141	18
6142	19
6143	19
6144	18
6145	23
6146	22
6147	15
6148	18
6149	15
6150	18
6151	12
6152	16
6153	13
6154	14
6155	10
6156	16
6157	19
6158	19
6159	17
6160	13
6161	14
6162	18
6163	24
6164	17
6165	13
6166	18
6167	20
6168	21
6169	9
6170	23
6171	14
6172	17
6173	22
6174	12
6175	10
6176	14
6177	19
6178	28
6179	23
6180	22
6181	21
6182	27
6183	17
6184	16
6185	21
6186	24
6187	27
6188	16
6189	18
6190	14
6191	20
6192	13
6193	12
6194	7
6195	9
6196	21
6197	17
6198	18
6199	20
6200	28
6201	23
6202	15
6203	12
6204	18
6205	22
6206	20
6207	19
6208	20
6209	21
6210	28
6211	15
6212	24
6213	28
6214	24
6215	15
6216	14
6217	26
6218	16
6219	24
6220	11
6221	16
6222	21
6223	13
6224	26
6225	29
6226	26
6227	20
6228	18
6229	21
6230	17
6231	14
6232	20
6233	18
6234	29
6235	22
6236	22
6237	28
6238	19
6239	24
6240	15
6241	24
6242	17
6243	18
6244	19
6245	33
6246	17
6247	25
6248	31
6249	21
6250	23
6251	22
6252	31
6253	21
6254	17
6255	22
6256	22
6257	19
6258	22
6259	24
6260	25
6261	28
6262	16
6263	24
6264	29
6265	22
6266	24
6267	17
6268	24
6269	30
6270	33
6271	18
6272	28
6273	17
6274	21
6275	16
6276	27
6277	23
6278	22
6279	16
6280	25
6281	16
6282	23
6283	26
6284	23
6285	20
6286	22
6287	20
6288	22
6289	20
6290	33
6291	18
6292	20
6293	21
6294	17
6295	24
6296	36
6297	24
6298	20
6299	17
6300	19
6301	24
6302	20
6303	31
6304	24
6305	33
6306	16
6307	28
6308	24
6309	21
6310	22
6311	23
6312	29
6313	18
6314	17
6315	26
6316	25
6317	21
6318	23
6319	12
6320	27
6321	12
6322	25
6323	19
6324	31
6325	20
6326	28
6327	24
6328	20
6329	25
6330	21
6331	28
6332	31
6333	25
6334	20
6335	25
6336	22
6337	21
6338	23
6339	19
6340	25
6341	19
6342	23
6343	30
6344	26
6345	24
6346	23
6347	22
6348	18
6349	19
6350	27
6351	18
6352	26
6353	27
6354	28
6355	23
6356	16
6357	31
6358	23
6359	20
6360	22
6361	24
6362	13
6363	22
6364	24
6365	29
6366	16
6367	24
6368	21
6369	14
6370	24
6371	24
6372	27
6373	24
6374	18
6375	27
6376	33
6377	24
6378	23
6379	28
6380	27
6381	19
6382	30
6383	25
6384	17
6385	37
6386	20
6387	24
6388	24
6389	28
6390	28
6391	25
6392	23
6393	17
6394	25
6395	32
6396	25
6397	21
6398	18
6399	31
6400	20
6401	28
6402	20
6403	27
6404	24
6405	29
6406	14
6407	23
6408	22
6409	30
6410	22
6411	30
6412	25
6413	24
6414	16
6415	28
6416	28
6417	22
6418	27
6419	19
6420	28
6421	17
6422	30
6423	33
6424	23
6425	21
6426	37
6427	22
6428	24
6429	24
6430	27
6431	22
6432	21
6433	29
6434	23
6435	21
6436	24
6437	22
6438	18
6439	26
6440	18
6441	23
6442	31
6443	28
6444	24
6445	26
6446	19
6447	29
6448	25
6449	32
6450	29
6451	24
6452	28
6453	29
6454	21
6455	16
6456	17
6457	23
6458	23
6459	18
6460	22
6461	22
6462	23
6463	28
6464	22
6465	20
6466	36
6467	18
6468	21
6469	23
6470	30
6471	23
6472	23
6473	25
6474	26
6475	24
6476	20
6477	27
6478	18
6479	33
6480	18
6481	20
6482	28
6483	22
6484	16
6485	25
6486	27
6487	19
6488	21
6489	17
6490	23
6491	18
6492	28
6493	29
6494	29
6495	20
6496	26
6497	27
6498	21
6499	20
6500	21
6501	31
6502	17
6503	28
6504	28
6505	22
6506	20
6507	23
6508	21
6509	14
6510	23
6511	23
6512	20
6513	33
6514	23
6515	27
6516	15
6517	12
6518	24
6519	25
6520	24
6521	23
6522	20
6523	30
6524	24
6525	23
6526	19
6527	17
6528	17
6529	26
6530	29
6531	20
6532	25
6533	28
6534	22
6535	34
6536	26
6537	29
6538	28
6539	21
6540	25
6541	17
6542	21
6543	35
6544	24
6545	17
6546	19
6547	18
6548	24
6549	29
6550	20
6551	23
6552	16
6553	28
6554	23
6555	17
6556	29
6557	22
6558	27
6559	15
6560	12
6561	21
6562	17
6563	18
6564	17
6565	24
6566	19
6567	23
6568	13
6569	10
6570	14
6571	9
6572	16
6573	19
6574	19
6575	19
6576	31
6577	22
6578	21
6579	23
6580	24
6581	25
6582	20
6583	28
6584	17
6585	29
6586	13
6587	20
6588	21
6589	29
6590	23
6591	22
6592	28
6593	17
6594	26
6595	13
6596	22
6597	28
6598	23
6599	21
6600	26
6601	20
6602	11
6603	22
6604	24
6605	15
6606	20
6607	23
6608	13
6609	25
6610	23
6611	22
6612	22
6613	15
6614	12
6615	20
6616	19
6617	25
6618	22
6619	21
6620	29
6621	28
6622	24
6623	13
6624	15
6625	23
6626	20
6627	20
6628	25
6629	18
6630	18
6631	24
6632	8
6633	12
6634	18
6635	12
6636	17
6637	19
6638	27
6639	20
6640	15
6641	11
6642	14
6643	24
6644	22
6645	23
6646	21
6647	20
6648	14
6649	16
6650	16
6651	23
6652	16
6653	15
6654	25
6655	22
6656	21
6657	23
6658	14
6659	18
6660	14
6661	14
6662	15
6663	24
6664	21
6665	19
6666	16
6667	22
6668	20
6669	16
6670	18
6671	20
6672	15
6673	14
6674	20
6675	17
6676	22
6677	11
6678	15
6679	18
6680	13
6681	19
6682	15
6683	13
6684	22
6685	14
6686	12
6687	18
6688	17
6689	22
6690	7
6691	15
6692	11
6693	13
6694	13
6695	14
6696	17
6697	18
6698	19
6699	14
6700	16
6701	12
6702	19
6703	10
6704	15
6705	17
6706	12
6707	20
6708	15
6709	19
6710	14
6711	15
6712	15
6713	14
6714	11
6715	11
6716	17
6717	20
6718	7
6719	8
6720	11
6721	12
6722	10
6723	16
6724	4
6725	12
6726	13
6727	15
6728	8
6729	16
6730	17
6731	20
6732	14
6733	13
6734	13
6735	13
6736	12
6737	15
6738	13
6739	15
6740	12
6741	11
6742	12
6743	18
6744	19
6745	13
6746	7
6747	20
6748	20
6749	14
6750	15
6751	18
6752	17
6753	18
6754	11
6755	11
6756	16
6757	15
6758	17
6759	17
6760	23
6761	13
6762	9
6763	24
6764	12
6765	11
6766	17
6767	17
6768	13
6769	13
6770	9
6771	16
6772	13
6773	14
6774	9
6775	12
6776	16
6777	15
6778	17
6779	14
6780	13
6781	12
6782	12
6783	17
6784	14
6785	9
6786	7
6787	10
6788	7
6789	10
6790	13
6791	19
6792	11
6793	8
6794	13
6795	12
6796	22
6797	14
6798	9
6799	9
6800	10
6801	8
6802	12
6803	13
6804	15
6805	12
6806	12
6807	15
6808	19
6809	15
6810	18
6811	10
6812	14
6813	15
6814	9
6815	9
6816	13
6817	10
6818	17
6819	10
6820	10
6821	12
6822	12
6823	7
6824	12
6825	9
6826	8
6827	12
6828	12
6829	21
6830	12
6831	13
6832	8
6833	11
6834	6
6835	10
6836	14
6837	16
6838	11
6839	9
6840	9
6841	8
6842	14
6843	12
6844	12
6845	8
6846	14
6847	9
6848	13
6849	16
6850	13
6851	8
6852	17
6853	13
6854	10
6855	7
6856	7
6857	9
6858	8
6859	5
6860	5
6861	10
6862	9
6863	10
6864	10
6865	8
6866	16
6867	7
6868	13
6869	11
6870	8
6871	11
6872	8
6873	8
6874	6
6875	6
6876	10
6877	10
6878	12
6879	3
6880	12
6881	16
6882	13
6883	14
6884	10
6885	8
6886	14
6887	12
6888	9
6889	11
6890	8
6891	11
6892	4
6893	5
6894	5
6895	6
6896	11
6897	6
6898	6
6899	12
6900	13
6901	6
6902	7
6903	7
6904	6
6905	6
6906	10
6907	9
6908	7
6909	11
6910	11
6911	4
6912	7
6913	10
6914	12
6915	9
6916	5
6917	5
6918	6
6919	3
6920	8
6921	7
6922	9
6923	11
6924	4
6925	6
6926	3
6927	5
6928	7
6929	5
6930	6
6931	3
6932	8
6933	5
6934	7
6935	6
6936	8
6937	5
6938	4
6939	7
6940	5
6941	16
6942	7
6943	4
6944	8
6945	4
6946	6
6947	5
6948	6
6949	8
6950	9
6951	3
6952	4
6953	9
6954	10
6955	11
6956	5
6957	7
6958	7
6959	8
6960	5
6961	1
6962	3
6963	4
6964	8
6965	7
6966	2
6967	7
6968	6
6969	3
6970	11
6971	7
6972	6
6973	10
6974	8
6975	8
6976	8
6977	6
6978	3
6979	8
6980	6
6981	9
6982	5
6983	8
6984	4
6985	6
6986	4
6987	6
6988	9
6989	2
6990	9
6991	12
6992	13
6993	6
6994	13
6995	7
6996	7
6997	5
6998	6
6999	7
7000	3
7001	5
7002	3
7003	4
7004	5
7005	8
7006	8
7007	4
7008	4
7009	2
7010	2
7011	8
7012	2
7013	4
7014	5
7015	4
7016	4
7017	7
7018	4
7019	6
7020	4
7021	8
7022	6
7023	3
7024	7
7025	0
7026	3
7027	1
7028	9
7029	8
7030	6
7031	4
7032	6
7033	4
7034	2
7035	4
7036	8
7037	4
7038	3
7039	5
7040	8
7041	8
7042	5
7043	3
7044	4
7045	5
7046	3
7047	3
7048	3
7049	7
7050	3
7051	4
7052	7
7053	2
7054	7
7055	6
7056	4
7057	1
7058	7
7059	4
7060	3
7061	5
7062	5
7063	3
7064	9
7065	5
7066	4
7067	7
7068	3
7069	5
7070	5
7071	4
7072	3
7073	4
7074	8
7075	2
7076	5
7077	5
7078	3
7079	9
7080	3
7081	6
7082	4
7083	3
7084	8
7085	1
7086	9
7087	5
7088	4
7089	9
7090	8
7091	4
7092	3
7093	6
7094	6
7095	1
7096	8
7097	2
7098	1
7099	6
7100	5
7101	2
7102	8
7103	9
7104	4
7105	1
7106	4
7107	1
7108	6
7109	1
7110	3
7111	5
7112	3
7113	0
7114	10
7115	4
7116	3
7117	2
7118	0
7119	4
7120	3
7121	5
7122	6
7123	1
7124	4
7125	4
7126	7
7127	2
7128	4
7129	4
7130	2
7131	0
7132	1
7133	4
7134	6
7135	6
7136	6
7137	0
7138	5
7139	6
7140	3
7141	4
7142	7
7143	4
7144	3
7145	5
7146	1
7147	6
7148	6
7149	4
7150	4
7151	2
7152	3
7153	4
7154	3
7155	3
7156	1
7157	3
7158	2
7159	1
7160	3
7161	7
7162	4
7163	5
7164	2
7165	1
7166	4
7167	1
7168	3
7169	1
7170	3
7171	3
7172	5
7173	3
7174	5
7175	1
7176	2
7177	4
7178	3
7179	3
7180	3
7181	0
7182	2
7183	1
7184	3
7185	2
7186	1
7187	2
7188	6
7189	1
7190	0
7191	1
7192	1
7193	3
7194	3
7195	0
7196	3
7197	1
7198	4
7199	4
7200	3
7201	3
7202	3
7203	3
7204	1
7205	7
7206	3
7207	3
7208	2
7209	2
7210	3
7211	1
7212	1
7213	3
7214	5
7215	3
7216	1
7217	3
7218	4
7219	3
7220	8
7221	3
7222	2
7223	3
7224	1
7225	4
7226	5
7227	0
7228	1
7229	0
7230	4
7231	2
7232	2
7233	3
7234	3
7235	2
7236	3
7237	2
7238	4
7239	0
7240	2
7241	5
7242	3
7243	1
7244	1
7245	2
7246	3
7247	3
7248	2
7249	2
7250	4
7251	0
7252	4
7253	4
7254	1
7255	4
7256	1
7257	2
7258	4
7259	3
7260	1
7261	5
7262	2
7263	1
7264	1
7265	4
7266	4
7267	1
7268	1
7269	6
7270	0
7271	0
7272	1
7273	3
7274	3
7275	3
7276	2
7277	3
7278	3
7279	3
7280	4
7281	3
7282	2
7283	4
7284	3
7285	0
7286	4
7287	2
7288	1
7289	3
7290	5
7291	3
7292	0
7293	4
7294	4
7295	2
7296	3
7297	5
7298	3
7299	3
7300	4
7301	0
7302	3
7303	2
7304	2
7305	1
7306	4
7307	2
7308	3
7309	1
7310	2
7311	3
7312	2
7313	1
7314	4
7315	1
7316	5
7317	3
7318	3
7319	5
7320	3
7321	0
7322	2
7323	0
7324	1
7325	1
7326	0
7327	3
7328	1
7329	3
7330	1
7331	2
7332	2
7333	3
7334	1
7335	3
7336	1
7337	2
7338	2
7339	0
7340	3
7341	3
7342	2
7343	6
7344	4
7345	0
7346	4
7347	2
7348	2
7349	3
7350	3
7351	1
7352	2
7353	4
7354	1
7355	2
7356	4
7357	5
7358	1
7359	4
7360	3
7361	1
7362	1
7363	4
7364	1
7365	2
7366	6
7367	1
7368	1
7369	1
7370	1
7371	3
7372	4
7373	3
7374	0
7375	0
7376	0
7377	2
7378	2
7379	2
7380	2
7381	2
7382	7
7383	3
7384	0
7385	1
7386	1
7387	0
7388	3
7389	4
7390	1
7391	2
7392	4
7393	1
7394	1
7395	2
7396	4
7397	2
7398	1
7399	2
7400	2
7401	2
7402	0
7403	1
7404	5
7405	4
7406	0
7407	2
7408	2
7409	1
7410	2
7411	1
7412	1
7413	1
7414	1
7415	0
7416	1
7417	4
7418	1
7419	1
7420	2
7421	2
7422	1
7423	3
7424	1
7425	2
7426	0
7427	1
7428	1
7429	2
7430	1
7431	1
7432	5
7433	1
7434	2
7435	2
7436	3
7437	1
7438	0
7439	0
7440	1
7441	0
7442	0
7443	1
7444	1
7445	0
7446	2
7447	4
7448	0
7449	2
7450	3
7451	2
7452	1
7453	1
7454	1
7455	0
7456	2
7457	1
7458	3
7459	2
7460	2
7461	2
7462	2
7463	2
7464	1
7465	1
7466	4
7467	1
7468	0
7469	2
7470	2
7471	2
7472	2
7473	3
7474	1
7475	1
7476	0
7477	1
7478	1
7479	3
7480	2
7481	5
7482	3
7483	1
7484	3
7485	1
7486	3
7487	2
7488	1
7489	0
7490	1
7491	1
7492	3
7493	2
7494	3
7495	4
7496	1
7497	0
7498	1
7499	5
7500	3
7501	1
7502	1
7503	1
7504	2
7505	0
7506	0
7507	1
7508	2
7509	2
7510	1
7511	1
7512	1
7513	2
7514	1
7515	0
7516	1
7517	0
7518	1
7519	2
7520	1
7521	1
7522	0
7523	5
7524	1
7525	0
7526	2
7527	0
7528	0
7529	2
7530	0
7531	1
7532	2
7533	3
7534	1
7535	1
7536	1
7537	0
7538	0
7539	1
7540	2
7541	1
7542	1
7543	3
7544	0
7545	2
7546	1
7547	2
7548	3
7549	0
7550	0
7551	1
7552	0
7553	3
7554	0
7555	2
7556	1
7557	1
7558	1
7559	3
7560	0
7561	0
7562	2
7563	1
7564	1
7565	0
7566	2
7567	0
7568	0
7569	2
7570	0
7571	3
7572	2
7573	1
7574	1
7575	2
7576	1
7577	1
7578	0
7579	1
7580	1
7581	1
7582	0
7583	1
7584	3
7585	0
7586	2
7587	0
7588	2
7589	0
7590	1
7591	0
7592	3
7593	0
7594	1
7595	3
7596	0
7597	3
7598	1
7599	0
7600	0
7601	2
7602	1
7603	1
7604	3
7605	1
7606	0
7607	1
7608	2
7609	0
7610	2
7611	1
7612	2
7613	1
7614	1
7615	1
7616	2
7617	1
7618	1
7619	2
7620	1
7621	0
7622	3
7623	1
7624	0
7625	2
7626	0
7627	2
7628	0
7629	0
7630	2
7631	2
7632	3
7633	2
7634	0
7635	1
7636	0
7637	0
7638	0
7639	3
7640	3
7641	0
7642	1
7643	2
7644	1
7645	1
7646	0
7647	0
7648	1
7649	1
7650	1
7651	1
7652	1
7653	3
7654	3
7655	1
7656	0
7657	0
7658	3
7659	2
7660	1
7661	2
7662	1
7663	1
7664	1
7665	2
7666	0
7667	1
7668	1
7669	1
7670	0
7671	2
7672	0
7673	1
7674	1
7675	1
7676	0
7677	1
7678	1
7679	2
7680	3
7681	2
7682	0
7683	1
7684	1
7685	0
7686	0
7687	0
7688	1
7689	0
7690	2
7691	4
7692	2
7693	2
7694	0
7695	4
7696	3
7697	2
7698	0
7699	2
7700	1
7701	2
7702	2
7703	0
7704	0
7705	0
7706	5
7707	0
7708	1
7709	2
7710	1
7711	0
7712	1
7713	0
7714	4
7715	2
7716	0
7717	1
7718	1
7719	1
7720	1
7721	1
7722	0
7723	1
7724	0
7725	0
7726	1
7727	2
7728	2
7729	1
7730	0
7731	1
7732	3
7733	1
7734	2
7735	2
7736	0
7737	0
7738	0
7739	0
7740	1
7741	1
7742	0
7743	1
7744	0
7745	1
7746	1
7747	1
7748	2
7749	0
7750	0
7751	1
7752	1
7753	0
7754	2
7755	0
7756	0
7757	1
7758	1
7759	1
7760	1
7761	1
7762	1
7763	2
7764	1
7765	0
7766	0
7767	0
7768	3
7769	0
7770	0
7771	0
7772	1
7773	0
7774	3
7775	0
7776	0
7777	1
7778	0
7779	2
7780	0
7781	1
7782	3
7783	1
7784	1
7785	1
7786	2
7787	0
7788	0
7789	3
7790	0
7791	0
7792	2
7793	0
7794	0
7795	0
7796	0
7797	0
7798	0
7799	4
7800	0
7801	1
7802	1
7803	1
7804	1
7805	0
7806	3
7807	1
7808	1
7809	1
7810	0
7811	3
7812	1
7813	0
7814	1
7815	0
7816	1
7817	0
7818	2
7819	1
7820	0
7821	0
7822	0
7823	1
7824	0
7825	1
7826	0
7827	1
7828	3
7829	0
7830	0
7831	1
7832	2
7833	0
7834	2
7835	1
7836	1
7837	2
7838	0
7839	0
7840	0
7841	1
7842	1
7843	4
7844	0
7845	1
7846	0
7847	0
7848	2
7849	0
7850	1
7851	1
7852	0
7853	0
7854	0
7855	1
7856	3
7857	1
7858	4
7859	2
7860	0
7861	0
7862	1
7863	1
7864	0
7865	0
7866	0
7867	1
7868	2
7869	0
7870	2
7871	1
7872	1
7873	0
7874	1
7875	0
7876	1
7877	3
7878	2
7879	0
7880	0
7881	3
7882	3
7883	2
7884	0
7885	1
7886	0
7887	0
7888	0
7889	0
7890	1
7891	0
7892	0
7893	0
7894	0
7895	0
7896	0
7897	0
7898	0
7899	0
7900	0
7901	0
7902	3
7903	1
7904	1
7905	2
7906	1
7907	0
7908	0
7909	0
7910	0
7911	0
7912	0
7913	2
7914	2
7915	0
7916	1
7917	0
7918	0
7919	0
7920	0
7921	2
7922	0
7923	0
7924	0
7925	1
7926	1
7927	1
7928	1
7929	3
7930	0
7931	2
7932	1
7933	1
7934	0
7935	0
7936	1
7937	0
7938	1
7939	0
7940	0
7941	2
7942	1
7943	0
7944	2
7945	0
7946	0
7947	1
7948	2
7949	0
7950	0
7951	0
7952	0
7953	0
7954	0
7955	0
7956	1
7957	1
7958	0
7959	0
7960	0
7961	1
7962	1
7963	0
7964	2
7965	0
7966	2
7967	1
7968	1
7969	0
7970	0
7971	1
7972	1
7973	0
7974	0
7975	0
7976	0
7977	1
7978	1
7979	1
7980	0
7981	2
7982	3
7983	1
7984	0
7985	1
7986	0
7987	2
7988	2
7989	1
7990	0
7991	1
7992	1
7993	2
7994	2
7995	1
7996	1
7997	0
7998	1
7999	0
8000	0
8001	1
8002	0
8003	0
8004	0
8005	0
8006	0
8007	0
8008	0
8009	0
8010	0
8011	0
8012	0
8013	0
8014	0
8015	0
8016	0
8017	0
8018	0
8019	0
8020	0
8021	0
8022	0
8023	0
8024	0
8025	0
8026	0
8027	0
8028	0
8029	0
8030	0
8031	0
8032	0
8033	0
8034	0
8035	0
8036	0
8037	0
8038	0
8039	0
8040	0
8041	0
8042	0
8043	0
8044	0
8045	0
8046	0
8047	0
8048	0
8049	0
8050	0
8051	0
8052	0
8053	0
8054	0
8055	0
8056	0
8057	0
8058	0
8059	0
8060	0
8061	0
8062	0
8063	0
8064	0
8065	0
8066	0
8067	0
8068	0
8069	0
8070	0
8071	0
8072	0
8073	0
8074	0
8075	0
8076	0
8077	0
8078	0
8079	0
8080	0
8081	0
8082	0
8083	0
8084	0
8085	0
8086	0
8087	0
8088	0
8089	0
8090	0
8091	0
8092	0
8093	0
8094	0
8095	0
8096	0
8097	0
8098	0
8099	0
8100	0
8101	0
8102	0
8103	0
8104	0
8105	0
8106	0
8107	0
8108	0
8109	0
8110	0
8111	0
8112	0
8113	0
8114	0
8115	0
8116	0
8117	0
8118	0
8119	0
8120	0
8121	0
8122	0
8123	0
8124	0
8125	0
8126	0
8127	0
8128	0
8129	0
8130	0
8131	0
8132	0
8133	0
8134	0
8135	0
8136	0
8137	0
8138	0
8139	0
8140	0
8141	0
8142	0
8143	0
8144	0
8145	0
8146	0
8147	0
8148	0
8149	0
8150	0
8151	0
8152	0
8153	0
8154	0
8155	0
8156	0
8157	0
8158	0
8159	0
8160	0
8161	0
8162	0
8163	0
8164	0
8165	0
8166	0
8167	0
8168	0
8169	0
8170	0
8171	0
8172	0
8173	0
8174	0
8175	0
8176	0
8177	0
8178	0
8179	0
8180	0
8181	0
8182	0
8183	0
8184	0
8185	0
8186	0
8187	0
8188	0
8189	0
8190	0
8191	0
