0	0
1	0
2	0
3	0
4	0
5	0
6	0
7	0
8	0
9	0
10	0
11	0
12	0
13	0
14	0
15	0
16	0
17	0
18	0
19	0
20	0
21	0
22	0
23	0
24	0
25	0
26	0
27	0
28	0
29	0
30	0
31	0
32	0
33	0
34	0
35	0
36	0
37	0
38	0
39	0
40	0
41	0
42	0
43	0
44	0
45	0
46	0
47	0
48	0
49	0
50	0
51	0
52	0
53	0
54	0
55	0
56	0
57	0
58	0
59	0
60	0
61	0
62	0
63	0
64	0
65	0
66	0
67	0
68	0
69	0
70	0
71	0
72	0
73	0
74	0
75	0
76	0
77	0
78	0
79	0
80	0
81	0
82	0
83	0
84	0
85	0
86	0
87	0
88	0
89	0
90	0
91	0
92	0
93	0
94	0
95	0
96	0
97	0
98	0
99	0
100	0
101	0
102	0
103	0
104	0
105	0
106	0
107	0
108	0
109	0
110	0
111	0
112	0
113	0
114	0
115	0
116	0
117	0
118	0
119	0
120	0
121	0
122	0
123	0
124	0
125	0
126	0
127	0
128	0
129	0
130	0
131	0
132	0
133	0
134	0
135	0
136	0
137	0
138	0
139	0
140	0
141	0
142	0
143	0
144	0
145	0
146	0
147	0
148	0
149	0
150	0
151	0
152	0
153	0
154	0
155	0
156	0
157	0
158	0
159	0
160	0
161	0
162	0
163	0
164	0
165	0
166	0
167	0
168	0
169	0
170	0
171	0
172	0
173	0
174	0
175	0
176	0
177	0
178	0
179	0
180	0
181	0
182	0
183	0
184	0
185	0
186	0
187	0
188	0
189	0
190	0
191	0
192	0
193	0
194	0
195	0
196	0
197	0
198	0
199	0
200	0
201	0
202	0
203	0
204	0
205	0
206	0
207	0
208	0
209	0
210	0
211	0
212	0
213	0
214	0
215	0
216	0
217	0
218	0
219	0
220	0
221	0
222	0
223	0
224	0
225	0
226	0
227	0
228	0
229	0
230	0
231	0
232	0
233	0
234	0
235	0
236	0
237	0
238	0
239	0
240	0
241	0
242	0
243	0
244	0
245	0
246	0
247	0
248	0
249	0
250	0
251	0
252	0
253	0
254	0
255	0
256	0
257	0
258	0
259	0
260	0
261	0
262	0
263	0
264	0
265	0
266	0
267	0
268	0
269	0
270	0
271	0
272	0
273	0
274	0
275	0
276	0
277	0
278	0
279	0
280	0
281	0
282	0
283	0
284	0
285	0
286	0
287	0
288	0
289	0
290	0
291	0
292	0
293	0
294	0
295	0
296	0
297	0
298	0
299	0
300	0
301	0
302	0
303	0
304	0
305	0
306	0
307	0
308	0
309	0
310	0
311	0
312	0
313	0
314	0
315	0
316	0
317	0
318	0
319	0
320	0
321	0
322	0
323	0
324	0
325	0
326	0
327	0
328	0
329	0
330	0
331	0
332	0
333	0
334	0
335	0
336	0
337	0
338	0
339	0
340	0
341	0
342	0
343	0
344	0
345	0
346	0
347	0
348	0
349	0
350	0
351	0
352	0
353	0
354	0
355	0
356	0
357	0
358	0
359	0
360	0
361	0
362	0
363	0
364	0
365	0
366	0
367	0
368	0
369	0
370	0
371	0
372	0
373	0
374	0
375	0
376	0
377	0
378	0
379	0
380	0
381	0
382	0
383	0
384	0
385	0
386	0
387	0
388	0
389	0
390	0
391	0
392	0
393	0
394	0
395	0
396	0
397	0
398	0
399	0
400	0
401	0
402	0
403	0
404	0
405	0
406	0
407	0
408	0
409	0
410	0
411	0
412	0
413	0
414	0
415	0
416	0
417	0
418	0
419	0
420	0
421	0
422	0
423	0
424	0
425	0
426	0
427	0
428	0
429	0
430	0
431	0
432	0
433	0
434	0
435	0
436	0
437	0
438	0
439	0
440	0
441	0
442	0
443	0
444	0
445	0
446	0
447	0
448	0
449	0
450	0
451	0
452	0
453	0
454	0
455	0
456	0
457	0
458	0
459	0
460	0
461	0
462	0
463	0
464	0
465	0
466	0
467	0
468	0
469	0
470	0
471	0
472	0
473	0
474	0
475	0
476	0
477	0
478	0
479	0
480	0
481	0
482	0
483	0
484	0
485	0
486	0
487	0
488	0
489	0
490	0
491	0
492	0
493	0
494	0
495	0
496	0
497	0
498	0
499	0
500	0
501	0
502	0
503	0
504	0
505	0
506	0
507	0
508	0
509	0
510	0
511	0
512	0
513	0
514	0
515	0
516	0
517	0
518	0
519	0
520	0
521	0
522	0
523	0
524	0
525	0
526	0
527	0
528	0
529	0
530	0
531	0
532	0
533	0
534	0
535	0
536	0
537	0
538	0
539	0
540	0
541	0
542	0
543	0
544	0
545	0
546	0
547	0
548	0
549	0
550	0
551	0
552	0
553	0
554	0
555	0
556	0
557	0
558	0
559	0
560	0
561	0
562	0
563	0
564	0
565	0
566	0
567	0
568	0
569	0
570	0
571	0
572	0
573	0
574	0
575	0
576	0
577	0
578	0
579	0
580	0
581	0
582	0
583	0
584	0
585	0
586	0
587	0
588	0
589	0
590	0
591	0
592	0
593	0
594	0
595	0
596	0
597	0
598	0
599	0
600	0
601	0
602	0
603	0
604	0
605	0
606	0
607	0
608	0
609	0
610	0
611	0
612	0
613	0
614	0
615	0
616	0
617	0
618	0
619	0
620	0
621	0
622	0
623	0
624	0
625	0
626	0
627	0
628	0
629	0
630	0
631	0
632	0
633	0
634	0
635	0
636	0
637	0
638	0
639	0
640	0
641	0
642	0
643	0
644	0
645	0
646	0
647	0
648	0
649	0
650	0
651	0
652	0
653	0
654	0
655	0
656	0
657	0
658	0
659	0
660	0
661	0
662	0
663	0
664	0
665	0
666	0
667	0
668	0
669	0
670	0
671	0
672	0
673	0
674	0
675	0
676	0
677	0
678	0
679	0
680	0
681	0
682	0
683	0
684	0
685	0
686	0
687	0
688	0
689	0
690	0
691	0
692	0
693	0
694	0
695	0
696	0
697	0
698	0
699	0
700	0
701	0
702	0
703	0
704	0
705	0
706	0
707	0
708	0
709	0
710	0
711	0
712	0
713	0
714	0
715	0
716	0
717	0
718	0
719	0
720	0
721	0
722	0
723	0
724	0
725	0
726	0
727	0
728	0
729	0
730	0
731	0
732	0
733	0
734	0
735	0
736	0
737	0
738	0
739	0
740	0
741	0
742	0
743	0
744	0
745	0
746	0
747	0
748	0
749	0
750	0
751	0
752	0
753	0
754	0
755	0
756	0
757	0
758	0
759	0
760	0
761	0
762	0
763	0
764	0
765	0
766	0
767	0
768	0
769	0
770	0
771	0
772	0
773	0
774	0
775	0
776	0
777	0
778	0
779	0
780	0
781	0
782	0
783	0
784	0
785	0
786	0
787	0
788	0
789	0
790	0
791	0
792	0
793	0
794	0
795	0
796	0
797	0
798	0
799	0
800	0
801	0
802	0
803	0
804	0
805	0
806	0
807	0
808	0
809	0
810	0
811	0
812	0
813	0
814	0
815	0
816	0
817	0
818	0
819	0
820	0
821	0
822	0
823	0
824	0
825	0
826	0
827	0
828	0
829	0
830	0
831	0
832	0
833	0
834	0
835	0
836	0
837	0
838	0
839	0
840	0
841	0
842	0
843	0
844	0
845	0
846	0
847	0
848	0
849	0
850	0
851	0
852	0
853	0
854	0
855	0
856	0
857	0
858	0
859	0
860	0
861	0
862	0
863	0
864	0
865	0
866	0
867	0
868	0
869	0
870	0
871	1
872	0
873	0
874	0
875	0
876	0
877	0
878	0
879	0
880	0
881	0
882	0
883	0
884	0
885	0
886	0
887	0
888	0
889	0
890	0
891	0
892	0
893	0
894	0
895	0
896	0
897	0
898	0
899	0
900	0
901	0
902	0
903	0
904	0
905	0
906	0
907	0
908	0
909	0
910	0
911	0
912	0
913	0
914	0
915	0
916	0
917	0
918	0
919	0
920	0
921	0
922	0
923	0
924	0
925	0
926	0
927	0
928	0
929	0
930	0
931	0
932	0
933	0
934	0
935	0
936	0
937	0
938	0
939	0
940	0
941	0
942	0
943	0
944	0
945	0
946	0
947	0
948	0
949	0
950	0
951	0
952	0
953	0
954	0
955	0
956	0
957	0
958	0
959	0
960	0
961	0
962	0
963	0
964	0
965	0
966	0
967	0
968	0
969	0
970	0
971	0
972	0
973	0
974	0
975	0
976	0
977	0
978	0
979	0
980	0
981	0
982	0
983	0
984	0
985	0
986	0
987	0
988	0
989	0
990	0
991	0
992	0
993	0
994	0
995	0
996	0
997	0
998	0
999	0
1000	0
1001	0
1002	0
1003	0
1004	0
1005	0
1006	0
1007	0
1008	0
1009	0
1010	0
1011	0
1012	0
1013	0
1014	0
1015	0
1016	0
1017	0
1018	0
1019	0
1020	0
1021	0
1022	0
1023	0
1024	0
1025	0
1026	0
1027	0
1028	0
1029	0
1030	0
1031	0
1032	0
1033	0
1034	0
1035	0
1036	0
1037	0
1038	0
1039	0
1040	0
1041	0
1042	0
1043	0
1044	0
1045	0
1046	0
1047	0
1048	0
1049	0
1050	0
1051	0
1052	0
1053	0
1054	0
1055	0
1056	0
1057	0
1058	0
1059	0
1060	0
1061	0
1062	0
1063	0
1064	0
1065	0
1066	0
1067	0
1068	0
1069	0
1070	0
1071	0
1072	0
1073	0
1074	0
1075	0
1076	0
1077	0
1078	0
1079	0
1080	0
1081	0
1082	0
1083	0
1084	0
1085	0
1086	0
1087	0
1088	0
1089	0
1090	0
1091	0
1092	0
1093	0
1094	0
1095	0
1096	0
1097	0
1098	0
1099	0
1100	0
1101	0
1102	0
1103	0
1104	0
1105	0
1106	0
1107	0
1108	0
1109	0
1110	0
1111	0
1112	0
1113	0
1114	0
1115	0
1116	0
1117	0
1118	0
1119	0
1120	0
1121	0
1122	0
1123	0
1124	0
1125	0
1126	0
1127	0
1128	0
1129	0
1130	0
1131	0
1132	0
1133	0
1134	0
1135	0
1136	0
1137	0
1138	0
1139	0
1140	0
1141	0
1142	0
1143	0
1144	0
1145	0
1146	0
1147	0
1148	0
1149	0
1150	0
1151	0
1152	0
1153	0
1154	0
1155	0
1156	0
1157	0
1158	0
1159	0
1160	0
1161	0
1162	0
1163	0
1164	0
1165	0
1166	0
1167	0
1168	0
1169	0
1170	0
1171	0
1172	0
1173	0
1174	0
1175	0
1176	0
1177	0
1178	0
1179	0
1180	0
1181	0
1182	0
1183	0
1184	0
1185	0
1186	0
1187	0
1188	0
1189	0
1190	0
1191	0
1192	0
1193	0
1194	0
1195	0
1196	0
1197	0
1198	0
1199	0
1200	0
1201	0
1202	0
1203	0
1204	0
1205	0
1206	0
1207	0
1208	0
1209	0
1210	0
1211	0
1212	0
1213	0
1214	0
1215	0
1216	0
1217	0
1218	0
1219	0
1220	0
1221	0
1222	0
1223	0
1224	0
1225	0
1226	0
1227	0
1228	0
1229	0
1230	0
1231	0
1232	0
1233	0
1234	0
1235	0
1236	0
1237	0
1238	0
1239	0
1240	0
1241	0
1242	0
1243	0
1244	0
1245	0
1246	0
1247	0
1248	0
1249	0
1250	0
1251	0
1252	0
1253	0
1254	0
1255	0
1256	0
1257	0
1258	0
1259	0
1260	0
1261	0
1262	0
1263	0
1264	0
1265	0
1266	0
1267	0
1268	0
1269	0
1270	0
1271	0
1272	0
1273	0
1274	0
1275	0
1276	0
1277	0
1278	0
1279	0
1280	0
1281	0
1282	0
1283	0
1284	0
1285	0
1286	0
1287	0
1288	0
1289	0
1290	0
1291	0
1292	0
1293	0
1294	0
1295	0
1296	0
1297	0
1298	0
1299	0
1300	0
1301	0
1302	0
1303	0
1304	0
1305	0
1306	0
1307	0
1308	0
1309	0
1310	0
1311	0
1312	0
1313	0
1314	0
1315	0
1316	0
1317	0
1318	0
1319	0
1320	0
1321	0
1322	0
1323	0
1324	0
1325	0
1326	0
1327	0
1328	0
1329	0
1330	0
1331	0
1332	0
1333	0
1334	0
1335	0
1336	0
1337	0
1338	0
1339	0
1340	0
1341	0
1342	0
1343	0
1344	0
1345	0
1346	0
1347	0
1348	0
1349	0
1350	0
1351	0
1352	0
1353	0
1354	0
1355	0
1356	0
1357	0
1358	0
1359	0
1360	0
1361	0
1362	0
1363	0
1364	0
1365	0
1366	0
1367	0
1368	0
1369	0
1370	0
1371	0
1372	0
1373	0
1374	0
1375	0
1376	0
1377	0
1378	0
1379	0
1380	0
1381	0
1382	0
1383	0
1384	0
1385	0
1386	0
1387	0
1388	0
1389	0
1390	0
1391	0
1392	0
1393	0
1394	0
1395	0
1396	0
1397	0
1398	0
1399	0
1400	0
1401	0
1402	0
1403	0
1404	0
1405	0
1406	0
1407	0
1408	0
1409	0
1410	0
1411	0
1412	0
1413	0
1414	0
1415	0
1416	0
1417	0
1418	0
1419	0
1420	0
1421	0
1422	0
1423	0
1424	0
1425	0
1426	0
1427	0
1428	0
1429	0
1430	0
1431	0
1432	0
1433	0
1434	0
1435	0
1436	0
1437	0
1438	0
1439	0
1440	0
1441	0
1442	0
1443	0
1444	0
1445	0
1446	0
1447	0
1448	0
1449	0
1450	0
1451	0
1452	0
1453	0
1454	0
1455	0
1456	0
1457	0
1458	0
1459	0
1460	0
1461	0
1462	0
1463	0
1464	0
1465	0
1466	0
1467	0
1468	0
1469	0
1470	0
1471	0
1472	0
1473	0
1474	0
1475	0
1476	0
1477	0
1478	0
1479	0
1480	0
1481	0
1482	0
1483	0
1484	0
1485	0
1486	0
1487	0
1488	0
1489	0
1490	0
1491	0
1492	0
1493	0
1494	0
1495	0
1496	0
1497	0
1498	0
1499	0
1500	0
1501	0
1502	0
1503	0
1504	0
1505	0
1506	0
1507	0
1508	0
1509	0
1510	0
1511	0
1512	0
1513	0
1514	0
1515	0
1516	0
1517	0
1518	0
1519	0
1520	0
1521	0
1522	0
1523	0
1524	0
1525	0
1526	0
1527	0
1528	0
1529	0
1530	0
1531	0
1532	0
1533	0
1534	0
1535	0
1536	0
1537	0
1538	0
1539	0
1540	0
1541	0
1542	0
1543	0
1544	0
1545	0
1546	0
1547	0
1548	0
1549	0
1550	0
1551	0
1552	0
1553	0
1554	0
1555	0
1556	0
1557	0
1558	0
1559	0
1560	0
1561	0
1562	0
1563	0
1564	0
1565	0
1566	0
1567	0
1568	0
1569	0
1570	0
1571	0
1572	0
1573	0
1574	0
1575	0
1576	0
1577	0
1578	0
1579	0
1580	0
1581	0
1582	0
1583	0
1584	0
1585	0
1586	0
1587	0
1588	0
1589	0
1590	0
1591	0
1592	0
1593	0
1594	0
1595	0
1596	0
1597	0
1598	0
1599	0
1600	0
1601	0
1602	0
1603	0
1604	0
1605	0
1606	0
1607	0
1608	0
1609	0
1610	0
1611	0
1612	0
1613	0
1614	0
1615	0
1616	0
1617	0
1618	0
1619	0
1620	0
1621	0
1622	0
1623	0
1624	0
1625	0
1626	0
1627	0
1628	0
1629	0
1630	0
1631	0
1632	0
1633	0
1634	0
1635	0
1636	0
1637	0
1638	0
1639	0
1640	0
1641	0
1642	0
1643	0
1644	0
1645	0
1646	0
1647	0
1648	0
1649	0
1650	0
1651	0
1652	0
1653	0
1654	0
1655	0
1656	0
1657	0
1658	0
1659	0
1660	0
1661	0
1662	0
1663	0
1664	0
1665	0
1666	0
1667	0
1668	0
1669	0
1670	0
1671	0
1672	0
1673	0
1674	0
1675	0
1676	0
1677	0
1678	0
1679	0
1680	0
1681	0
1682	0
1683	0
1684	0
1685	0
1686	0
1687	0
1688	0
1689	0
1690	0
1691	0
1692	0
1693	0
1694	0
1695	0
1696	0
1697	0
1698	0
1699	0
1700	0
1701	0
1702	0
1703	0
1704	0
1705	0
1706	0
1707	0
1708	0
1709	0
1710	0
1711	0
1712	0
1713	0
1714	0
1715	0
1716	0
1717	0
1718	0
1719	0
1720	0
1721	0
1722	0
1723	0
1724	0
1725	0
1726	0
1727	0
1728	0
1729	0
1730	0
1731	0
1732	0
1733	0
1734	0
1735	0
1736	0
1737	0
1738	0
1739	0
1740	0
1741	0
1742	0
1743	0
1744	0
1745	0
1746	0
1747	0
1748	0
1749	0
1750	0
1751	0
1752	0
1753	0
1754	0
1755	0
1756	0
1757	0
1758	0
1759	0
1760	0
1761	0
1762	0
1763	0
1764	0
1765	0
1766	0
1767	0
1768	0
1769	0
1770	0
1771	0
1772	0
1773	0
1774	0
1775	0
1776	0
1777	0
1778	0
1779	0
1780	0
1781	0
1782	0
1783	0
1784	0
1785	0
1786	0
1787	0
1788	0
1789	0
1790	0
1791	0
1792	0
1793	0
1794	0
1795	0
1796	0
1797	0
1798	0
1799	0
1800	0
1801	0
1802	0
1803	0
1804	0
1805	0
1806	0
1807	0
1808	0
1809	0
1810	0
1811	0
1812	0
1813	0
1814	0
1815	0
1816	0
1817	0
1818	0
1819	0
1820	0
1821	0
1822	0
1823	0
1824	0
1825	0
1826	0
1827	0
1828	0
1829	0
1830	0
1831	0
1832	0
1833	0
1834	0
1835	0
1836	0
1837	0
1838	0
1839	0
1840	0
1841	0
1842	0
1843	0
1844	0
1845	0
1846	0
1847	0
1848	0
1849	0
1850	0
1851	0
1852	0
1853	0
1854	0
1855	0
1856	0
1857	0
1858	0
1859	0
1860	0
1861	0
1862	0
1863	0
1864	0
1865	0
1866	0
1867	0
1868	0
1869	0
1870	0
1871	0
1872	0
1873	0
1874	0
1875	0
1876	0
1877	0
1878	0
1879	0
1880	0
1881	0
1882	0
1883	0
1884	0
1885	0
1886	0
1887	0
1888	0
1889	0
1890	0
1891	0
1892	0
1893	0
1894	0
1895	0
1896	0
1897	0
1898	0
1899	0
1900	0
1901	0
1902	0
1903	0
1904	0
1905	0
1906	0
1907	0
1908	0
1909	0
1910	0
1911	0
1912	0
1913	0
1914	0
1915	0
1916	0
1917	0
1918	0
1919	0
1920	0
1921	0
1922	0
1923	0
1924	0
1925	0
1926	0
1927	0
1928	0
1929	0
1930	0
1931	0
1932	0
1933	0
1934	0
1935	0
1936	0
1937	0
1938	0
1939	0
1940	0
1941	0
1942	0
1943	0
1944	0
1945	0
1946	0
1947	0
1948	0
1949	0
1950	0
1951	0
1952	0
1953	0
1954	0
1955	0
1956	0
1957	0
1958	0
1959	0
1960	0
1961	0
1962	0
1963	0
1964	0
1965	0
1966	0
1967	0
1968	0
1969	0
1970	0
1971	0
1972	0
1973	0
1974	0
1975	0
1976	0
1977	0
1978	0
1979	0
1980	0
1981	0
1982	0
1983	0
1984	0
1985	0
1986	0
1987	0
1988	0
1989	0
1990	0
1991	0
1992	0
1993	0
1994	0
1995	0
1996	0
1997	0
1998	0
1999	0
2000	0
2001	0
2002	0
2003	0
2004	0
2005	0
2006	0
2007	0
2008	0
2009	0
2010	0
2011	0
2012	0
2013	0
2014	0
2015	0
2016	0
2017	0
2018	0
2019	0
2020	0
2021	0
2022	0
2023	0
2024	0
2025	0
2026	0
2027	0
2028	0
2029	0
2030	0
2031	0
2032	0
2033	0
2034	0
2035	0
2036	0
2037	0
2038	0
2039	0
2040	0
2041	0
2042	0
2043	0
2044	0
2045	0
2046	0
2047	0
2048	0
2049	0
2050	0
2051	0
2052	0
2053	0
2054	0
2055	0
2056	0
2057	0
2058	0
2059	0
2060	0
2061	0
2062	0
2063	0
2064	0
2065	0
2066	0
2067	0
2068	0
2069	0
2070	0
2071	0
2072	0
2073	0
2074	0
2075	0
2076	0
2077	0
2078	0
2079	0
2080	0
2081	0
2082	0
2083	0
2084	0
2085	0
2086	0
2087	0
2088	0
2089	0
2090	0
2091	0
2092	0
2093	0
2094	0
2095	0
2096	0
2097	0
2098	0
2099	0
2100	0
2101	0
2102	0
2103	0
2104	0
2105	0
2106	0
2107	0
2108	0
2109	0
2110	0
2111	0
2112	0
2113	0
2114	0
2115	0
2116	0
2117	0
2118	0
2119	0
2120	0
2121	0
2122	0
2123	0
2124	0
2125	0
2126	0
2127	0
2128	0
2129	0
2130	0
2131	0
2132	0
2133	0
2134	0
2135	0
2136	0
2137	0
2138	0
2139	0
2140	0
2141	0
2142	0
2143	0
2144	0
2145	0
2146	0
2147	0
2148	0
2149	0
2150	0
2151	0
2152	0
2153	0
2154	0
2155	0
2156	0
2157	0
2158	0
2159	0
2160	0
2161	0
2162	0
2163	0
2164	0
2165	0
2166	0
2167	0
2168	0
2169	0
2170	0
2171	0
2172	0
2173	0
2174	0
2175	0
2176	0
2177	0
2178	0
2179	0
2180	0
2181	0
2182	0
2183	0
2184	0
2185	0
2186	0
2187	0
2188	0
2189	0
2190	0
2191	0
2192	0
2193	0
2194	0
2195	0
2196	0
2197	0
2198	0
2199	0
2200	0
2201	0
2202	0
2203	0
2204	0
2205	0
2206	0
2207	0
2208	0
2209	0
2210	0
2211	0
2212	0
2213	0
2214	0
2215	0
2216	0
2217	0
2218	0
2219	0
2220	0
2221	0
2222	0
2223	0
2224	0
2225	0
2226	0
2227	0
2228	0
2229	0
2230	0
2231	0
2232	0
2233	0
2234	0
2235	0
2236	0
2237	0
2238	0
2239	0
2240	0
2241	0
2242	0
2243	0
2244	0
2245	0
2246	0
2247	0
2248	0
2249	0
2250	0
2251	0
2252	0
2253	0
2254	0
2255	0
2256	0
2257	0
2258	0
2259	0
2260	0
2261	0
2262	0
2263	0
2264	0
2265	0
2266	0
2267	0
2268	0
2269	0
2270	0
2271	0
2272	0
2273	0
2274	0
2275	0
2276	0
2277	0
2278	0
2279	0
2280	0
2281	0
2282	0
2283	0
2284	0
2285	0
2286	0
2287	0
2288	0
2289	0
2290	0
2291	0
2292	0
2293	0
2294	0
2295	0
2296	0
2297	0
2298	0
2299	0
2300	0
2301	0
2302	0
2303	0
2304	0
2305	0
2306	0
2307	0
2308	0
2309	0
2310	0
2311	0
2312	0
2313	0
2314	0
2315	0
2316	0
2317	0
2318	0
2319	0
2320	0
2321	0
2322	0
2323	0
2324	0
2325	0
2326	0
2327	0
2328	0
2329	0
2330	0
2331	0
2332	0
2333	0
2334	0
2335	0
2336	0
2337	0
2338	0
2339	0
2340	0
2341	0
2342	0
2343	0
2344	0
2345	0
2346	0
2347	0
2348	0
2349	0
2350	0
2351	0
2352	0
2353	0
2354	0
2355	0
2356	0
2357	0
2358	0
2359	0
2360	0
2361	0
2362	0
2363	0
2364	0
2365	0
2366	0
2367	0
2368	0
2369	0
2370	0
2371	0
2372	0
2373	0
2374	0
2375	0
2376	0
2377	0
2378	0
2379	0
2380	0
2381	0
2382	0
2383	0
2384	0
2385	0
2386	0
2387	0
2388	0
2389	0
2390	0
2391	0
2392	0
2393	0
2394	0
2395	0
2396	0
2397	0
2398	0
2399	0
2400	0
2401	0
2402	0
2403	0
2404	0
2405	0
2406	0
2407	0
2408	0
2409	0
2410	0
2411	0
2412	0
2413	0
2414	0
2415	0
2416	0
2417	0
2418	0
2419	0
2420	0
2421	0
2422	0
2423	0
2424	0
2425	0
2426	0
2427	0
2428	0
2429	0
2430	0
2431	0
2432	0
2433	0
2434	0
2435	0
2436	0
2437	0
2438	0
2439	0
2440	0
2441	0
2442	0
2443	0
2444	0
2445	0
2446	0
2447	0
2448	0
2449	0
2450	0
2451	0
2452	0
2453	0
2454	0
2455	0
2456	0
2457	0
2458	0
2459	0
2460	0
2461	0
2462	0
2463	0
2464	0
2465	0
2466	0
2467	0
2468	0
2469	0
2470	0
2471	0
2472	0
2473	0
2474	0
2475	0
2476	0
2477	0
2478	0
2479	0
2480	0
2481	0
2482	0
2483	0
2484	0
2485	0
2486	0
2487	0
2488	0
2489	0
2490	0
2491	0
2492	0
2493	0
2494	0
2495	0
2496	0
2497	0
2498	0
2499	0
2500	0
2501	0
2502	0
2503	0
2504	0
2505	0
2506	0
2507	0
2508	0
2509	0
2510	0
2511	0
2512	0
2513	0
2514	0
2515	0
2516	0
2517	0
2518	0
2519	0
2520	0
2521	0
2522	0
2523	0
2524	0
2525	0
2526	0
2527	0
2528	0
2529	0
2530	0
2531	0
2532	0
2533	0
2534	0
2535	0
2536	0
2537	0
2538	0
2539	0
2540	0
2541	0
2542	0
2543	0
2544	0
2545	0
2546	0
2547	0
2548	0
2549	0
2550	0
2551	0
2552	0
2553	0
2554	0
2555	0
2556	0
2557	0
2558	0
2559	0
2560	0
2561	0
2562	0
2563	0
2564	0
2565	0
2566	0
2567	0
2568	0
2569	0
2570	0
2571	0
2572	0
2573	0
2574	0
2575	0
2576	0
2577	0
2578	0
2579	0
2580	0
2581	0
2582	0
2583	0
2584	0
2585	0
2586	0
2587	0
2588	0
2589	0
2590	0
2591	0
2592	0
2593	0
2594	0
2595	0
2596	0
2597	0
2598	0
2599	0
2600	0
2601	0
2602	0
2603	0
2604	0
2605	0
2606	0
2607	0
2608	0
2609	0
2610	0
2611	0
2612	0
2613	0
2614	0
2615	0
2616	0
2617	0
2618	0
2619	0
2620	0
2621	0
2622	0
2623	0
2624	0
2625	0
2626	0
2627	0
2628	0
2629	0
2630	0
2631	0
2632	0
2633	0
2634	0
2635	0
2636	0
2637	0
2638	0
2639	0
2640	0
2641	0
2642	0
2643	0
2644	0
2645	0
2646	0
2647	0
2648	0
2649	0
2650	0
2651	0
2652	0
2653	0
2654	0
2655	0
2656	0
2657	0
2658	0
2659	0
2660	0
2661	0
2662	0
2663	0
2664	0
2665	0
2666	0
2667	0
2668	0
2669	0
2670	0
2671	0
2672	0
2673	0
2674	0
2675	0
2676	0
2677	0
2678	0
2679	0
2680	0
2681	0
2682	0
2683	0
2684	0
2685	0
2686	0
2687	0
2688	0
2689	0
2690	0
2691	0
2692	0
2693	0
2694	0
2695	0
2696	0
2697	0
2698	0
2699	0
2700	0
2701	0
2702	0
2703	0
2704	0
2705	0
2706	0
2707	0
2708	0
2709	0
2710	0
2711	0
2712	0
2713	0
2714	0
2715	0
2716	0
2717	0
2718	0
2719	0
2720	0
2721	0
2722	0
2723	0
2724	0
2725	0
2726	0
2727	0
2728	0
2729	0
2730	0
2731	0
2732	0
2733	0
2734	0
2735	0
2736	0
2737	0
2738	0
2739	0
2740	0
2741	0
2742	0
2743	0
2744	0
2745	0
2746	0
2747	0
2748	0
2749	0
2750	0
2751	0
2752	0
2753	0
2754	0
2755	0
2756	0
2757	0
2758	0
2759	0
2760	0
2761	0
2762	0
2763	0
2764	0
2765	0
2766	0
2767	0
2768	0
2769	0
2770	0
2771	0
2772	0
2773	0
2774	0
2775	0
2776	0
2777	0
2778	0
2779	0
2780	0
2781	0
2782	0
2783	0
2784	0
2785	0
2786	0
2787	0
2788	0
2789	0
2790	0
2791	0
2792	0
2793	0
2794	0
2795	0
2796	0
2797	0
2798	0
2799	0
2800	0
2801	0
2802	0
2803	0
2804	0
2805	0
2806	0
2807	0
2808	0
2809	0
2810	0
2811	0
2812	0
2813	0
2814	0
2815	0
2816	0
2817	0
2818	0
2819	0
2820	0
2821	0
2822	0
2823	0
2824	0
2825	0
2826	0
2827	0
2828	0
2829	0
2830	0
2831	0
2832	0
2833	0
2834	0
2835	0
2836	0
2837	0
2838	0
2839	0
2840	0
2841	0
2842	0
2843	0
2844	0
2845	0
2846	0
2847	0
2848	0
2849	0
2850	0
2851	0
2852	0
2853	0
2854	0
2855	0
2856	0
2857	0
2858	0
2859	0
2860	0
2861	0
2862	0
2863	0
2864	0
2865	0
2866	0
2867	0
2868	0
2869	0
2870	0
2871	0
2872	0
2873	0
2874	0
2875	0
2876	0
2877	0
2878	0
2879	0
2880	0
2881	0
2882	0
2883	0
2884	0
2885	0
2886	0
2887	0
2888	0
2889	0
2890	0
2891	0
2892	0
2893	0
2894	0
2895	0
2896	0
2897	0
2898	0
2899	0
2900	0
2901	0
2902	0
2903	0
2904	0
2905	0
2906	0
2907	0
2908	0
2909	0
2910	0
2911	0
2912	0
2913	0
2914	0
2915	0
2916	0
2917	0
2918	0
2919	0
2920	0
2921	0
2922	0
2923	0
2924	0
2925	0
2926	0
2927	0
2928	0
2929	0
2930	0
2931	0
2932	0
2933	0
2934	0
2935	0
2936	0
2937	0
2938	0
2939	0
2940	0
2941	0
2942	0
2943	0
2944	0
2945	0
2946	0
2947	0
2948	0
2949	0
2950	0
2951	0
2952	0
2953	0
2954	0
2955	0
2956	0
2957	0
2958	0
2959	0
2960	0
2961	0
2962	0
2963	0
2964	0
2965	0
2966	0
2967	0
2968	0
2969	0
2970	0
2971	0
2972	0
2973	0
2974	0
2975	0
2976	0
2977	0
2978	0
2979	0
2980	0
2981	0
2982	0
2983	0
2984	0
2985	0
2986	0
2987	0
2988	0
2989	0
2990	0
2991	0
2992	0
2993	0
2994	0
2995	0
2996	0
2997	0
2998	0
2999	0
3000	0
3001	0
3002	0
3003	0
3004	0
3005	0
3006	0
3007	0
3008	0
3009	0
3010	0
3011	0
3012	0
3013	0
3014	0
3015	0
3016	0
3017	0
3018	0
3019	0
3020	0
3021	0
3022	0
3023	0
3024	0
3025	0
3026	0
3027	0
3028	0
3029	0
3030	0
3031	0
3032	0
3033	0
3034	0
3035	0
3036	0
3037	0
3038	0
3039	0
3040	0
3041	0
3042	0
3043	0
3044	0
3045	0
3046	0
3047	0
3048	0
3049	0
3050	0
3051	0
3052	0
3053	0
3054	0
3055	0
3056	0
3057	0
3058	0
3059	0
3060	0
3061	0
3062	0
3063	0
3064	0
3065	0
3066	0
3067	0
3068	0
3069	0
3070	0
3071	0
3072	0
3073	0
3074	0
3075	0
3076	0
3077	0
3078	0
3079	0
3080	0
3081	0
3082	0
3083	0
3084	0
3085	0
3086	0
3087	0
3088	0
3089	0
3090	0
3091	0
3092	0
3093	0
3094	0
3095	0
3096	0
3097	0
3098	0
3099	0
3100	0
3101	0
3102	0
3103	0
3104	0
3105	0
3106	0
3107	0
3108	0
3109	0
3110	0
3111	0
3112	0
3113	0
3114	0
3115	0
3116	0
3117	0
3118	0
3119	0
3120	0
3121	0
3122	0
3123	0
3124	0
3125	0
3126	0
3127	0
3128	0
3129	0
3130	0
3131	0
3132	0
3133	0
3134	0
3135	0
3136	0
3137	0
3138	0
3139	0
3140	0
3141	0
3142	0
3143	0
3144	0
3145	0
3146	0
3147	0
3148	0
3149	0
3150	0
3151	0
3152	0
3153	0
3154	0
3155	0
3156	0
3157	0
3158	0
3159	0
3160	0
3161	0
3162	0
3163	0
3164	0
3165	0
3166	0
3167	0
3168	0
3169	0
3170	0
3171	0
3172	0
3173	0
3174	0
3175	0
3176	0
3177	0
3178	0
3179	0
3180	0
3181	0
3182	0
3183	0
3184	0
3185	0
3186	0
3187	0
3188	0
3189	0
3190	0
3191	0
3192	0
3193	0
3194	0
3195	0
3196	0
3197	0
3198	0
3199	0
3200	0
3201	0
3202	0
3203	0
3204	0
3205	0
3206	0
3207	0
3208	0
3209	0
3210	0
3211	0
3212	0
3213	0
3214	0
3215	0
3216	0
3217	0
3218	0
3219	0
3220	0
3221	0
3222	0
3223	0
3224	0
3225	0
3226	0
3227	0
3228	0
3229	0
3230	0
3231	0
3232	0
3233	0
3234	0
3235	0
3236	0
3237	0
3238	0
3239	0
3240	0
3241	0
3242	0
3243	0
3244	0
3245	0
3246	0
3247	0
3248	0
3249	0
3250	0
3251	0
3252	0
3253	0
3254	0
3255	0
3256	0
3257	0
3258	0
3259	0
3260	0
3261	0
3262	0
3263	0
3264	0
3265	0
3266	0
3267	0
3268	0
3269	0
3270	0
3271	0
3272	0
3273	0
3274	0
3275	0
3276	0
3277	0
3278	0
3279	0
3280	0
3281	0
3282	0
3283	0
3284	0
3285	0
3286	0
3287	0
3288	0
3289	0
3290	0
3291	0
3292	0
3293	0
3294	0
3295	0
3296	0
3297	0
3298	0
3299	0
3300	0
3301	0
3302	0
3303	0
3304	0
3305	0
3306	0
3307	0
3308	0
3309	0
3310	0
3311	0
3312	0
3313	0
3314	0
3315	0
3316	0
3317	0
3318	0
3319	0
3320	0
3321	0
3322	0
3323	0
3324	0
3325	0
3326	0
3327	0
3328	0
3329	0
3330	0
3331	0
3332	0
3333	0
3334	0
3335	0
3336	0
3337	0
3338	0
3339	0
3340	0
3341	0
3342	0
3343	0
3344	0
3345	0
3346	0
3347	0
3348	0
3349	0
3350	0
3351	0
3352	0
3353	0
3354	0
3355	0
3356	0
3357	0
3358	0
3359	0
3360	0
3361	0
3362	0
3363	0
3364	0
3365	0
3366	0
3367	0
3368	0
3369	0
3370	0
3371	0
3372	0
3373	0
3374	0
3375	0
3376	0
3377	0
3378	0
3379	0
3380	0
3381	0
3382	0
3383	0
3384	0
3385	0
3386	0
3387	0
3388	0
3389	0
3390	0
3391	0
3392	0
3393	0
3394	0
3395	0
3396	0
3397	0
3398	0
3399	0
3400	0
3401	0
3402	0
3403	0
3404	0
3405	0
3406	0
3407	0
3408	0
3409	0
3410	0
3411	0
3412	0
3413	0
3414	0
3415	0
3416	0
3417	0
3418	0
3419	0
3420	0
3421	0
3422	0
3423	0
3424	0
3425	0
3426	0
3427	0
3428	0
3429	0
3430	0
3431	0
3432	0
3433	0
3434	0
3435	0
3436	0
3437	0
3438	0
3439	0
3440	0
3441	0
3442	0
3443	0
3444	0
3445	0
3446	0
3447	0
3448	0
3449	0
3450	0
3451	0
3452	0
3453	0
3454	0
3455	0
3456	0
3457	0
3458	0
3459	0
3460	0
3461	0
3462	0
3463	0
3464	0
3465	0
3466	0
3467	0
3468	0
3469	0
3470	0
3471	0
3472	0
3473	0
3474	0
3475	0
3476	0
3477	0
3478	0
3479	0
3480	0
3481	0
3482	0
3483	0
3484	0
3485	0
3486	0
3487	0
3488	0
3489	0
3490	0
3491	0
3492	0
3493	0
3494	0
3495	0
3496	0
3497	0
3498	0
3499	0
3500	0
3501	0
3502	0
3503	0
3504	0
3505	0
3506	0
3507	0
3508	0
3509	0
3510	0
3511	0
3512	0
3513	0
3514	0
3515	0
3516	0
3517	0
3518	0
3519	0
3520	0
3521	0
3522	0
3523	0
3524	0
3525	0
3526	0
3527	0
3528	0
3529	0
3530	0
3531	0
3532	0
3533	0
3534	0
3535	0
3536	0
3537	0
3538	0
3539	0
3540	0
3541	0
3542	0
3543	0
3544	0
3545	0
3546	0
3547	0
3548	0
3549	0
3550	0
3551	0
3552	0
3553	0
3554	0
3555	0
3556	0
3557	0
3558	0
3559	0
3560	0
3561	0
3562	0
3563	0
3564	0
3565	0
3566	0
3567	0
3568	0
3569	0
3570	0
3571	0
3572	0
3573	0
3574	0
3575	0
3576	0
3577	0
3578	0
3579	0
3580	0
3581	0
3582	0
3583	0
3584	0
3585	0
3586	0
3587	0
3588	0
3589	0
3590	0
3591	0
3592	0
3593	0
3594	0
3595	0
3596	0
3597	0
3598	0
3599	0
3600	0
3601	0
3602	0
3603	0
3604	0
3605	0
3606	0
3607	0
3608	0
3609	0
3610	0
3611	0
3612	0
3613	0
3614	0
3615	0
3616	0
3617	0
3618	0
3619	0
3620	0
3621	0
3622	0
3623	0
3624	0
3625	0
3626	0
3627	0
3628	0
3629	0
3630	0
3631	0
3632	0
3633	0
3634	0
3635	0
3636	0
3637	0
3638	0
3639	0
3640	0
3641	0
3642	0
3643	0
3644	0
3645	0
3646	0
3647	0
3648	0
3649	0
3650	0
3651	0
3652	0
3653	0
3654	0
3655	0
3656	0
3657	0
3658	0
3659	0
3660	0
3661	0
3662	0
3663	0
3664	0
3665	0
3666	0
3667	0
3668	0
3669	0
3670	0
3671	0
3672	0
3673	0
3674	0
3675	0
3676	0
3677	0
3678	0
3679	0
3680	0
3681	0
3682	0
3683	0
3684	0
3685	0
3686	0
3687	0
3688	0
3689	0
3690	0
3691	0
3692	0
3693	0
3694	0
3695	0
3696	0
3697	0
3698	0
3699	0
3700	0
3701	0
3702	0
3703	0
3704	0
3705	0
3706	0
3707	0
3708	0
3709	0
3710	0
3711	0
3712	0
3713	0
3714	0
3715	0
3716	0
3717	0
3718	0
3719	0
3720	0
3721	0
3722	0
3723	0
3724	0
3725	0
3726	0
3727	0
3728	0
3729	0
3730	0
3731	0
3732	0
3733	0
3734	0
3735	0
3736	0
3737	0
3738	0
3739	0
3740	0
3741	0
3742	0
3743	0
3744	0
3745	0
3746	0
3747	0
3748	0
3749	0
3750	0
3751	0
3752	0
3753	0
3754	0
3755	0
3756	0
3757	0
3758	0
3759	0
3760	0
3761	0
3762	0
3763	0
3764	0
3765	0
3766	0
3767	0
3768	0
3769	0
3770	0
3771	0
3772	0
3773	0
3774	0
3775	0
3776	0
3777	0
3778	0
3779	0
3780	0
3781	0
3782	0
3783	0
3784	0
3785	0
3786	0
3787	0
3788	0
3789	0
3790	0
3791	0
3792	0
3793	0
3794	0
3795	0
3796	0
3797	0
3798	0
3799	0
3800	0
3801	0
3802	0
3803	0
3804	0
3805	0
3806	0
3807	0
3808	0
3809	0
3810	0
3811	0
3812	0
3813	0
3814	0
3815	0
3816	0
3817	0
3818	0
3819	0
3820	0
3821	0
3822	0
3823	0
3824	0
3825	0
3826	0
3827	0
3828	0
3829	0
3830	0
3831	0
3832	0
3833	0
3834	0
3835	0
3836	0
3837	0
3838	0
3839	0
3840	0
3841	0
3842	0
3843	0
3844	0
3845	0
3846	0
3847	0
3848	0
3849	0
3850	0
3851	0
3852	0
3853	0
3854	0
3855	0
3856	0
3857	0
3858	0
3859	0
3860	0
3861	0
3862	0
3863	0
3864	0
3865	0
3866	0
3867	0
3868	0
3869	0
3870	0
3871	0
3872	0
3873	0
3874	0
3875	0
3876	0
3877	0
3878	0
3879	0
3880	0
3881	0
3882	0
3883	0
3884	0
3885	0
3886	0
3887	0
3888	0
3889	0
3890	0
3891	0
3892	0
3893	0
3894	0
3895	0
3896	0
3897	0
3898	0
3899	0
3900	0
3901	0
3902	0
3903	0
3904	0
3905	0
3906	0
3907	0
3908	0
3909	0
3910	0
3911	0
3912	0
3913	0
3914	0
3915	0
3916	0
3917	0
3918	0
3919	0
3920	0
3921	0
3922	0
3923	0
3924	0
3925	0
3926	0
3927	0
3928	0
3929	0
3930	0
3931	0
3932	0
3933	0
3934	0
3935	0
3936	0
3937	0
3938	0
3939	0
3940	0
3941	0
3942	0
3943	0
3944	0
3945	0
3946	0
3947	0
3948	0
3949	0
3950	0
3951	0
3952	0
3953	0
3954	0
3955	0
3956	0
3957	0
3958	0
3959	0
3960	0
3961	0
3962	0
3963	0
3964	0
3965	0
3966	0
3967	0
3968	0
3969	0
3970	0
3971	0
3972	0
3973	0
3974	0
3975	0
3976	0
3977	0
3978	0
3979	0
3980	0
3981	0
3982	0
3983	0
3984	0
3985	0
3986	0
3987	0
3988	0
3989	0
3990	0
3991	0
3992	0
3993	0
3994	0
3995	0
3996	0
3997	0
3998	0
3999	0
4000	0
4001	0
4002	0
4003	0
4004	0
4005	0
4006	0
4007	0
4008	0
4009	0
4010	0
4011	0
4012	0
4013	0
4014	0
4015	0
4016	0
4017	0
4018	0
4019	0
4020	0
4021	0
4022	0
4023	0
4024	0
4025	0
4026	0
4027	0
4028	0
4029	0
4030	0
4031	0
4032	0
4033	0
4034	0
4035	0
4036	0
4037	0
4038	0
4039	0
4040	0
4041	0
4042	0
4043	0
4044	0
4045	0
4046	0
4047	0
4048	0
4049	0
4050	0
4051	0
4052	0
4053	0
4054	0
4055	0
4056	0
4057	0
4058	0
4059	0
4060	0
4061	0
4062	0
4063	0
4064	0
4065	0
4066	0
4067	0
4068	0
4069	0
4070	0
4071	0
4072	0
4073	0
4074	0
4075	0
4076	0
4077	0
4078	0
4079	0
4080	0
4081	0
4082	0
4083	0
4084	0
4085	0
4086	0
4087	0
4088	0
4089	0
4090	0
4091	0
4092	0
4093	0
4094	0
4095	0
4096	0
4097	0
4098	0
4099	0
4100	0
4101	0
4102	0
4103	0
4104	0
4105	0
4106	0
4107	0
4108	0
4109	0
4110	0
4111	0
4112	0
4113	0
4114	0
4115	0
4116	0
4117	0
4118	0
4119	0
4120	0
4121	0
4122	0
4123	0
4124	0
4125	0
4126	0
4127	0
4128	0
4129	0
4130	0
4131	0
4132	0
4133	0
4134	0
4135	0
4136	0
4137	0
4138	0
4139	0
4140	0
4141	0
4142	0
4143	0
4144	0
4145	0
4146	0
4147	0
4148	0
4149	0
4150	0
4151	0
4152	0
4153	0
4154	0
4155	0
4156	0
4157	0
4158	0
4159	0
4160	0
4161	0
4162	0
4163	0
4164	0
4165	0
4166	0
4167	0
4168	0
4169	0
4170	0
4171	0
4172	0
4173	0
4174	0
4175	0
4176	0
4177	0
4178	0
4179	0
4180	0
4181	0
4182	0
4183	0
4184	0
4185	0
4186	0
4187	0
4188	0
4189	0
4190	0
4191	0
4192	0
4193	0
4194	0
4195	0
4196	0
4197	0
4198	0
4199	0
4200	0
4201	0
4202	0
4203	0
4204	0
4205	0
4206	0
4207	0
4208	0
4209	0
4210	0
4211	0
4212	0
4213	0
4214	0
4215	0
4216	0
4217	0
4218	0
4219	0
4220	0
4221	0
4222	0
4223	0
4224	0
4225	0
4226	0
4227	0
4228	0
4229	0
4230	0
4231	0
4232	0
4233	0
4234	0
4235	0
4236	0
4237	0
4238	0
4239	0
4240	0
4241	0
4242	0
4243	0
4244	0
4245	0
4246	0
4247	0
4248	0
4249	0
4250	0
4251	0
4252	0
4253	0
4254	0
4255	0
4256	0
4257	0
4258	0
4259	0
4260	0
4261	0
4262	0
4263	0
4264	0
4265	0
4266	0
4267	0
4268	0
4269	0
4270	0
4271	0
4272	0
4273	0
4274	0
4275	0
4276	0
4277	0
4278	0
4279	0
4280	0
4281	0
4282	0
4283	0
4284	0
4285	0
4286	0
4287	0
4288	0
4289	0
4290	0
4291	0
4292	0
4293	0
4294	0
4295	0
4296	0
4297	0
4298	0
4299	0
4300	0
4301	0
4302	0
4303	0
4304	0
4305	0
4306	0
4307	0
4308	0
4309	0
4310	0
4311	0
4312	0
4313	0
4314	0
4315	0
4316	0
4317	0
4318	0
4319	0
4320	0
4321	0
4322	0
4323	0
4324	0
4325	0
4326	0
4327	0
4328	0
4329	0
4330	0
4331	0
4332	0
4333	0
4334	0
4335	0
4336	0
4337	0
4338	0
4339	0
4340	0
4341	0
4342	0
4343	0
4344	0
4345	0
4346	0
4347	0
4348	0
4349	0
4350	0
4351	0
4352	0
4353	0
4354	0
4355	0
4356	0
4357	0
4358	0
4359	0
4360	0
4361	0
4362	0
4363	0
4364	0
4365	0
4366	0
4367	0
4368	0
4369	0
4370	0
4371	0
4372	0
4373	0
4374	0
4375	0
4376	0
4377	0
4378	0
4379	0
4380	0
4381	0
4382	0
4383	0
4384	0
4385	0
4386	0
4387	0
4388	0
4389	0
4390	0
4391	0
4392	0
4393	0
4394	0
4395	0
4396	0
4397	0
4398	0
4399	0
4400	0
4401	0
4402	0
4403	0
4404	0
4405	0
4406	0
4407	0
4408	0
4409	0
4410	0
4411	0
4412	0
4413	0
4414	0
4415	0
4416	0
4417	0
4418	0
4419	0
4420	0
4421	0
4422	0
4423	0
4424	0
4425	0
4426	0
4427	0
4428	0
4429	0
4430	0
4431	0
4432	0
4433	0
4434	0
4435	0
4436	0
4437	0
4438	0
4439	0
4440	0
4441	0
4442	0
4443	0
4444	0
4445	0
4446	0
4447	0
4448	0
4449	0
4450	0
4451	0
4452	0
4453	0
4454	0
4455	0
4456	0
4457	0
4458	0
4459	0
4460	0
4461	0
4462	0
4463	0
4464	0
4465	0
4466	0
4467	0
4468	0
4469	0
4470	0
4471	0
4472	0
4473	0
4474	0
4475	0
4476	0
4477	0
4478	0
4479	0
4480	0
4481	0
4482	0
4483	0
4484	0
4485	0
4486	0
4487	0
4488	0
4489	0
4490	0
4491	0
4492	0
4493	0
4494	0
4495	0
4496	0
4497	0
4498	0
4499	0
4500	0
4501	0
4502	0
4503	0
4504	0
4505	0
4506	0
4507	0
4508	0
4509	0
4510	0
4511	0
4512	0
4513	0
4514	0
4515	0
4516	0
4517	0
4518	0
4519	0
4520	0
4521	0
4522	0
4523	0
4524	0
4525	0
4526	0
4527	0
4528	0
4529	0
4530	0
4531	0
4532	0
4533	0
4534	0
4535	0
4536	0
4537	0
4538	0
4539	0
4540	0
4541	0
4542	0
4543	0
4544	0
4545	0
4546	0
4547	0
4548	0
4549	0
4550	0
4551	0
4552	0
4553	0
4554	0
4555	0
4556	0
4557	0
4558	0
4559	0
4560	0
4561	0
4562	0
4563	0
4564	0
4565	0
4566	0
4567	0
4568	0
4569	0
4570	0
4571	0
4572	0
4573	0
4574	0
4575	0
4576	0
4577	0
4578	0
4579	0
4580	0
4581	0
4582	0
4583	0
4584	0
4585	0
4586	0
4587	0
4588	0
4589	0
4590	0
4591	0
4592	0
4593	0
4594	0
4595	0
4596	0
4597	0
4598	0
4599	0
4600	0
4601	0
4602	0
4603	0
4604	0
4605	0
4606	0
4607	0
4608	0
4609	0
4610	0
4611	0
4612	0
4613	0
4614	0
4615	0
4616	0
4617	0
4618	0
4619	0
4620	0
4621	0
4622	0
4623	0
4624	0
4625	0
4626	0
4627	0
4628	0
4629	0
4630	0
4631	0
4632	0
4633	0
4634	0
4635	0
4636	0
4637	0
4638	0
4639	0
4640	0
4641	0
4642	0
4643	0
4644	0
4645	0
4646	0
4647	0
4648	0
4649	0
4650	0
4651	0
4652	0
4653	0
4654	0
4655	0
4656	0
4657	0
4658	0
4659	0
4660	0
4661	0
4662	0
4663	0
4664	0
4665	0
4666	0
4667	0
4668	0
4669	0
4670	0
4671	0
4672	0
4673	0
4674	0
4675	0
4676	0
4677	0
4678	0
4679	0
4680	0
4681	0
4682	0
4683	0
4684	0
4685	0
4686	0
4687	0
4688	0
4689	0
4690	0
4691	0
4692	0
4693	0
4694	0
4695	0
4696	0
4697	0
4698	0
4699	0
4700	0
4701	0
4702	0
4703	0
4704	0
4705	0
4706	0
4707	0
4708	0
4709	0
4710	0
4711	0
4712	0
4713	0
4714	0
4715	0
4716	0
4717	0
4718	0
4719	0
4720	0
4721	0
4722	0
4723	0
4724	0
4725	0
4726	0
4727	0
4728	0
4729	0
4730	0
4731	0
4732	0
4733	0
4734	0
4735	0
4736	0
4737	0
4738	0
4739	0
4740	0
4741	0
4742	0
4743	0
4744	0
4745	0
4746	0
4747	0
4748	0
4749	0
4750	0
4751	0
4752	0
4753	0
4754	0
4755	0
4756	0
4757	0
4758	0
4759	0
4760	0
4761	0
4762	0
4763	0
4764	0
4765	0
4766	0
4767	0
4768	0
4769	0
4770	0
4771	0
4772	0
4773	0
4774	0
4775	0
4776	0
4777	0
4778	0
4779	0
4780	0
4781	0
4782	0
4783	0
4784	0
4785	0
4786	0
4787	0
4788	0
4789	0
4790	0
4791	0
4792	0
4793	0
4794	0
4795	0
4796	0
4797	0
4798	0
4799	0
4800	0
4801	0
4802	0
4803	0
4804	0
4805	0
4806	0
4807	0
4808	0
4809	0
4810	0
4811	0
4812	0
4813	0
4814	0
4815	0
4816	0
4817	0
4818	0
4819	0
4820	0
4821	0
4822	0
4823	0
4824	0
4825	0
4826	0
4827	0
4828	0
4829	0
4830	0
4831	0
4832	0
4833	0
4834	0
4835	0
4836	0
4837	0
4838	0
4839	0
4840	0
4841	0
4842	0
4843	0
4844	0
4845	0
4846	0
4847	0
4848	0
4849	0
4850	0
4851	0
4852	0
4853	0
4854	0
4855	0
4856	0
4857	0
4858	0
4859	0
4860	0
4861	0
4862	0
4863	0
4864	0
4865	0
4866	0
4867	0
4868	0
4869	0
4870	0
4871	0
4872	0
4873	0
4874	0
4875	0
4876	0
4877	0
4878	0
4879	0
4880	0
4881	0
4882	0
4883	0
4884	0
4885	0
4886	0
4887	0
4888	0
4889	0
4890	0
4891	0
4892	0
4893	0
4894	0
4895	0
4896	0
4897	0
4898	0
4899	0
4900	0
4901	0
4902	0
4903	0
4904	0
4905	0
4906	0
4907	0
4908	0
4909	0
4910	0
4911	0
4912	0
4913	0
4914	0
4915	0
4916	0
4917	0
4918	0
4919	0
4920	0
4921	0
4922	0
4923	0
4924	0
4925	0
4926	0
4927	0
4928	0
4929	0
4930	0
4931	0
4932	0
4933	0
4934	0
4935	0
4936	0
4937	0
4938	0
4939	0
4940	0
4941	0
4942	0
4943	0
4944	0
4945	0
4946	0
4947	0
4948	0
4949	0
4950	0
4951	0
4952	0
4953	0
4954	0
4955	0
4956	0
4957	0
4958	0
4959	0
4960	0
4961	0
4962	0
4963	0
4964	0
4965	0
4966	0
4967	0
4968	0
4969	0
4970	0
4971	0
4972	0
4973	0
4974	0
4975	0
4976	0
4977	0
4978	0
4979	0
4980	0
4981	0
4982	0
4983	0
4984	0
4985	0
4986	0
4987	0
4988	0
4989	0
4990	0
4991	0
4992	0
4993	0
4994	0
4995	0
4996	0
4997	0
4998	0
4999	0
5000	0
5001	0
5002	0
5003	0
5004	0
5005	0
5006	0
5007	0
5008	0
5009	0
5010	0
5011	0
5012	0
5013	0
5014	0
5015	0
5016	0
5017	0
5018	0
5019	0
5020	0
5021	0
5022	0
5023	0
5024	0
5025	0
5026	0
5027	0
5028	0
5029	0
5030	0
5031	0
5032	0
5033	0
5034	0
5035	0
5036	0
5037	0
5038	0
5039	0
5040	0
5041	0
5042	0
5043	0
5044	0
5045	0
5046	0
5047	0
5048	0
5049	0
5050	0
5051	0
5052	0
5053	0
5054	0
5055	0
5056	0
5057	0
5058	0
5059	0
5060	0
5061	0
5062	0
5063	0
5064	0
5065	0
5066	0
5067	0
5068	0
5069	0
5070	0
5071	0
5072	0
5073	0
5074	0
5075	0
5076	0
5077	0
5078	0
5079	0
5080	0
5081	0
5082	0
5083	0
5084	0
5085	0
5086	0
5087	0
5088	0
5089	0
5090	0
5091	0
5092	0
5093	0
5094	0
5095	0
5096	0
5097	0
5098	0
5099	0
5100	0
5101	0
5102	0
5103	0
5104	0
5105	0
5106	0
5107	0
5108	0
5109	0
5110	0
5111	0
5112	0
5113	0
5114	0
5115	0
5116	0
5117	0
5118	0
5119	0
5120	0
5121	0
5122	0
5123	0
5124	0
5125	0
5126	0
5127	0
5128	0
5129	0
5130	0
5131	0
5132	0
5133	0
5134	0
5135	0
5136	0
5137	0
5138	0
5139	0
5140	0
5141	0
5142	0
5143	0
5144	0
5145	0
5146	0
5147	0
5148	0
5149	0
5150	0
5151	0
5152	0
5153	0
5154	0
5155	0
5156	0
5157	0
5158	0
5159	0
5160	0
5161	0
5162	0
5163	0
5164	0
5165	0
5166	0
5167	0
5168	0
5169	0
5170	0
5171	0
5172	0
5173	0
5174	0
5175	0
5176	0
5177	0
5178	0
5179	0
5180	0
5181	0
5182	0
5183	0
5184	0
5185	0
5186	0
5187	0
5188	0
5189	0
5190	0
5191	0
5192	0
5193	0
5194	0
5195	0
5196	0
5197	0
5198	0
5199	0
5200	0
5201	0
5202	0
5203	0
5204	0
5205	0
5206	0
5207	0
5208	0
5209	0
5210	0
5211	0
5212	0
5213	0
5214	0
5215	0
5216	0
5217	0
5218	0
5219	0
5220	0
5221	0
5222	0
5223	0
5224	0
5225	0
5226	0
5227	0
5228	0
5229	0
5230	0
5231	0
5232	0
5233	0
5234	0
5235	0
5236	0
5237	0
5238	0
5239	0
5240	0
5241	0
5242	0
5243	0
5244	0
5245	0
5246	0
5247	0
5248	0
5249	0
5250	0
5251	0
5252	0
5253	0
5254	0
5255	0
5256	0
5257	0
5258	0
5259	0
5260	0
5261	0
5262	0
5263	0
5264	0
5265	0
5266	0
5267	0
5268	0
5269	0
5270	0
5271	0
5272	0
5273	0
5274	0
5275	0
5276	0
5277	0
5278	0
5279	0
5280	0
5281	0
5282	0
5283	0
5284	0
5285	0
5286	0
5287	0
5288	0
5289	0
5290	0
5291	0
5292	0
5293	0
5294	0
5295	0
5296	0
5297	0
5298	0
5299	0
5300	0
5301	0
5302	0
5303	0
5304	0
5305	0
5306	0
5307	1
5308	1
5309	2
5310	0
5311	3
5312	2
5313	3
5314	5
5315	4
5316	5
5317	1
5318	3
5319	3
5320	3
5321	0
5322	3
5323	1
5324	3
5325	2
5326	2
5327	2
5328	1
5329	5
5330	3
5331	3
5332	1
5333	2
5334	1
5335	4
5336	1
5337	9
5338	2
5339	0
5340	2
5341	4
5342	4
5343	2
5344	5
5345	3
5346	2
5347	4
5348	3
5349	1
5350	2
5351	3
5352	1
5353	2
5354	5
5355	5
5356	5
5357	4
5358	0
5359	1
5360	3
5361	4
5362	4
5363	2
5364	4
5365	2
5366	5
5367	2
5368	1
5369	3
5370	2
5371	3
5372	1
5373	2
5374	1
5375	2
5376	3
5377	2
5378	5
5379	2
5380	5
5381	5
5382	1
5383	3
5384	4
5385	4
5386	5
5387	2
5388	2
5389	7
5390	2
5391	3
5392	5
5393	3
5394	3
5395	2
5396	2
5397	3
5398	2
5399	2
5400	1
5401	3
5402	7
5403	2
5404	4
5405	3
5406	1
5407	3
5408	3
5409	4
5410	3
5411	5
5412	2
5413	2
5414	3
5415	2
5416	2
5417	2
5418	5
5419	3
5420	1
5421	3
5422	3
5423	0
5424	3
5425	3
5426	1
5427	2
5428	1
5429	1
5430	2
5431	1
5432	2
5433	4
5434	5
5435	5
5436	2
5437	3
5438	3
5439	3
5440	5
5441	3
5442	1
5443	5
5444	2
5445	2
5446	2
5447	3
5448	4
5449	3
5450	3
5451	3
5452	0
5453	0
5454	2
5455	3
5456	3
5457	5
5458	3
5459	2
5460	1
5461	1
5462	4
5463	4
5464	2
5465	2
5466	1
5467	5
5468	3
5469	2
5470	2
5471	1
5472	2
5473	1
5474	3
5475	4
5476	2
5477	2
5478	3
5479	4
5480	4
5481	3
5482	2
5483	1
5484	2
5485	3
5486	2
5487	1
5488	0
5489	4
5490	4
5491	0
5492	4
5493	1
5494	1
5495	1
5496	5
5497	3
5498	3
5499	0
5500	2
5501	3
5502	2
5503	0
5504	3
5505	6
5506	6
5507	4
5508	1
5509	3
5510	2
5511	2
5512	3
5513	0
5514	6
5515	0
5516	3
5517	4
5518	3
5519	3
5520	4
5521	0
5522	2
5523	6
5524	0
5525	3
5526	6
5527	5
5528	7
5529	1
5530	4
5531	1
5532	3
5533	4
5534	5
5535	2
5536	1
5537	5
5538	1
5539	2
5540	1
5541	5
5542	3
5543	4
5544	1
5545	1
5546	1
5547	2
5548	0
5549	2
5550	1
5551	2
5552	5
5553	5
5554	2
5555	2
5556	0
5557	5
5558	2
5559	2
5560	4
5561	2
5562	5
5563	5
5564	3
5565	2
5566	5
5567	2
5568	3
5569	2
5570	3
5571	6
5572	2
5573	2
5574	1
5575	3
5576	1
5577	4
5578	2
5579	3
5580	0
5581	4
5582	2
5583	4
5584	0
5585	3
5586	4
5587	5
5588	2
5589	4
5590	2
5591	1
5592	3
5593	2
5594	2
5595	0
5596	4
5597	2
5598	7
5599	2
5600	4
5601	5
5602	2
5603	0
5604	2
5605	3
5606	1
5607	2
5608	0
5609	0
5610	3
5611	0
5612	1
5613	2
5614	8
5615	2
5616	3
5617	3
5618	4
5619	2
5620	3
5621	2
5622	3
5623	1
5624	2
5625	2
5626	6
5627	4
5628	6
5629	5
5630	2
5631	2
5632	0
5633	4
5634	3
5635	2
5636	0
5637	5
5638	3
5639	6
5640	3
5641	7
5642	4
5643	2
5644	1
5645	1
5646	2
5647	2
5648	5
5649	3
5650	3
5651	4
5652	2
5653	4
5654	3
5655	4
5656	5
5657	2
5658	0
5659	2
5660	4
5661	2
5662	5
5663	2
5664	3
5665	2
5666	5
5667	2
5668	1
5669	3
5670	3
5671	2
5672	3
5673	3
5674	7
5675	2
5676	1
5677	2
5678	2
5679	5
5680	5
5681	1
5682	2
5683	4
5684	0
5685	2
5686	7
5687	9
5688	4
5689	4
5690	0
5691	0
5692	2
5693	3
5694	2
5695	4
5696	4
5697	2
5698	2
5699	0
5700	2
5701	1
5702	0
5703	1
5704	3
5705	6
5706	2
5707	4
5708	2
5709	4
5710	0
5711	4
5712	2
5713	1
5714	2
5715	1
5716	4
5717	3
5718	6
5719	6
5720	2
5721	1
5722	3
5723	5
5724	4
5725	3
5726	6
5727	3
5728	8
5729	6
5730	2
5731	4
5732	2
5733	2
5734	4
5735	4
5736	5
5737	4
5738	1
5739	2
5740	3
5741	2
5742	3
5743	2
5744	3
5745	0
5746	1
5747	5
5748	3
5749	2
5750	5
5751	3
5752	1
5753	3
5754	0
5755	3
5756	3
5757	2
5758	3
5759	4
5760	5
5761	4
5762	3
5763	3
5764	4
5765	8
5766	4
5767	0
5768	3
5769	0
5770	7
5771	5
5772	2
5773	4
5774	6
5775	4
5776	1
5777	4
5778	2
5779	4
5780	1
5781	3
5782	3
5783	3
5784	3
5785	2
5786	6
5787	1
5788	1
5789	4
5790	2
5791	4
5792	5
5793	4
5794	6
5795	3
5796	4
5797	5
5798	5
5799	2
5800	2
5801	1
5802	3
5803	2
5804	4
5805	6
5806	6
5807	4
5808	2
5809	8
5810	4
5811	4
5812	1
5813	9
5814	6
5815	4
5816	7
5817	5
5818	4
5819	9
5820	4
5821	4
5822	2
5823	4
5824	3
5825	5
5826	6
5827	6
5828	7
5829	1
5830	7
5831	2
5832	5
5833	4
5834	3
5835	3
5836	5
5837	6
5838	6
5839	6
5840	5
5841	5
5842	5
5843	6
5844	4
5845	7
5846	9
5847	5
5848	6
5849	8
5850	2
5851	6
5852	5
5853	4
5854	7
5855	2
5856	5
5857	5
5858	5
5859	9
5860	1
5861	4
5862	7
5863	11
5864	5
5865	3
5866	5
5867	3
5868	3
5869	4
5870	3
5871	4
5872	4
5873	4
5874	5
5875	5
5876	5
5877	10
5878	10
5879	1
5880	4
5881	1
5882	7
5883	4
5884	3
5885	3
5886	7
5887	4
5888	9
5889	5
5890	3
5891	3
5892	8
5893	9
5894	4
5895	6
5896	4
5897	7
5898	6
5899	4
5900	8
5901	5
5902	8
5903	8
5904	6
5905	7
5906	5
5907	13
5908	8
5909	4
5910	9
5911	7
5912	5
5913	5
5914	6
5915	4
5916	3
5917	11
5918	9
5919	6
5920	5
5921	3
5922	9
5923	3
5924	3
5925	3
5926	7
5927	8
5928	5
5929	11
5930	6
5931	9
5932	2
5933	5
5934	10
5935	7
5936	7
5937	7
5938	4
5939	4
5940	4
5941	5
5942	5
5943	4
5944	5
5945	5
5946	6
5947	12
5948	3
5949	8
5950	9
5951	7
5952	5
5953	10
5954	8
5955	6
5956	3
5957	5
5958	8
5959	7
5960	7
5961	7
5962	6
5963	3
5964	9
5965	6
5966	8
5967	6
5968	6
5969	7
5970	2
5971	7
5972	8
5973	5
5974	4
5975	6
5976	3
5977	4
5978	6
5979	8
5980	4
5981	9
5982	5
5983	9
5984	7
5985	9
5986	8
5987	8
5988	5
5989	6
5990	7
5991	8
5992	5
5993	8
5994	3
5995	6
5996	7
5997	14
5998	9
5999	5
6000	11
6001	12
6002	9
6003	11
6004	6
6005	13
6006	10
6007	6
6008	5
6009	5
6010	5
6011	4
6012	6
6013	12
6014	7
6015	9
6016	7
6017	12
6018	14
6019	9
6020	14
6021	6
6022	8
6023	16
6024	7
6025	8
6026	8
6027	15
6028	10
6029	10
6030	7
6031	8
6032	9
6033	9
6034	9
6035	9
6036	10
6037	10
6038	10
6039	11
6040	11
6041	6
6042	13
6043	13
6044	5
6045	11
6046	16
6047	8
6048	12
6049	11
6050	5
6051	9
6052	9
6053	7
6054	11
6055	13
6056	12
6057	3
6058	14
6059	13
6060	7
6061	10
6062	10
6063	7
6064	9
6065	17
6066	14
6067	20
6068	13
6069	5
6070	10
6071	6
6072	19
6073	13
6074	9
6075	8
6076	13
6077	13
6078	10
6079	15
6080	10
6081	8
6082	11
6083	5
6084	9
6085	14
6086	8
6087	14
6088	10
6089	9
6090	17
6091	14
6092	11
6093	4
6094	17
6095	9
6096	12
6097	12
6098	12
6099	7
6100	10
6101	14
6102	11
6103	6
6104	16
6105	17
6106	13
6107	17
6108	10
6109	15
6110	12
6111	13
6112	8
6113	22
6114	14
6115	9
6116	10
6117	12
6118	16
6119	11
6120	11
6121	17
6122	19
6123	10
6124	11
6125	10
6126	3
6127	16
6128	14
6129	9
6130	22
6131	11
6132	12
6133	8
6134	12
6135	21
6136	14
6137	20
6138	14
6139	16
6140	8
6141	11
6142	19
6143	14
6144	17
6145	21
6146	20
6147	17
6148	13
6149	8
6150	14
6151	17
6152	19
6153	7
6154	13
6155	12
6156	10
6157	17
6158	12
6159	9
6160	20
6161	15
6162	12
6163	21
6164	15
6165	13
6166	20
6167	17
6168	23
6169	16
6170	18
6171	11
6172	11
6173	14
6174	20
6175	11
6176	16
6177	18
6178	16
6179	16
6180	14
6181	17
6182	15
6183	22
6184	19
6185	16
6186	15
6187	13
6188	21
6189	15
6190	16
6191	17
6192	14
6193	16
6194	17
6195	15
6196	17
6197	14
6198	18
6199	20
6200	17
6201	16
6202	14
6203	24
6204	14
6205	20
6206	17
6207	19
6208	15
6209	22
6210	12
6211	17
6212	20
6213	21
6214	15
6215	9
6216	15
6217	12
6218	19
6219	15
6220	22
6221	18
6222	24
6223	14
6224	22
6225	16
6226	21
6227	14
6228	19
6229	20
6230	18
6231	15
6232	17
6233	16
6234	16
6235	26
6236	21
6237	21
6238	14
6239	23
6240	13
6241	13
6242	17
6243	20
6244	21
6245	14
6246	25
6247	16
6248	17
6249	19
6250	28
6251	19
6252	19
6253	16
6254	16
6255	22
6256	25
6257	14
6258	19
6259	20
6260	24
6261	19
6262	13
6263	19
6264	17
6265	24
6266	21
6267	18
6268	20
6269	16
6270	23
6271	24
6272	17
6273	22
6274	15
6275	22
6276	18
6277	15
6278	17
6279	17
6280	15
6281	27
6282	30
6283	13
6284	15
6285	13
6286	29
6287	13
6288	17
6289	22
6290	17
6291	18
6292	20
6293	24
6294	19
6295	20
6296	22
6297	26
6298	13
6299	17
6300	25
6301	22
6302	25
6303	23
6304	20
6305	20
6306	25
6307	19
6308	27
6309	20
6310	22
6311	18
6312	17
6313	19
6314	19
6315	20
6316	20
6317	26
6318	12
6319	20
6320	14
6321	12
6322	17
6323	17
6324	19
6325	30
6326	25
6327	15
6328	17
6329	14
6330	18
6331	31
6332	22
6333	19
6334	17
6335	22
6336	20
6337	30
6338	28
6339	37
6340	15
6341	23
6342	18
6343	24
6344	20
6345	20
6346	22
6347	21
6348	26
6349	18
6350	28
6351	22
6352	23
6353	22
6354	19
6355	25
6356	22
6357	22
6358	26
6359	24
6360	17
6361	27
6362	31
6363	16
6364	30
6365	22
6366	24
6367	16
6368	33
6369	26
6370	26
6371	31
6372	22
6373	30
6374	26
6375	21
6376	19
6377	36
6378	40
6379	21
6380	18
6381	29
6382	31
6383	25
6384	26
6385	27
6386	25
6387	29
6388	19
6389	24
6390	20
6391	19
6392	23
6393	39
6394	27
6395	29
6396	28
6397	29
6398	33
6399	22
6400	22
6401	25
6402	32
6403	25
6404	30
6405	27
6406	28
6407	23
6408	15
6409	37
6410	29
6411	33
6412	22
6413	30
6414	27
6415	20
6416	20
6417	32
6418	22
6419	30
6420	18
6421	17
6422	21
6423	23
6424	30
6425	26
6426	26
6427	26
6428	24
6429	25
6430	27
6431	26
6432	19
6433	30
6434	30
6435	21
6436	31
6437	16
6438	39
6439	24
6440	34
6441	30
6442	18
6443	33
6444	19
6445	28
6446	27
6447	31
6448	42
6449	30
6450	32
6451	15
6452	22
6453	18
6454	29
6455	44
6456	17
6457	23
6458	21
6459	26
6460	29
6461	26
6462	28
6463	22
6464	32
6465	32
6466	23
6467	38
6468	17
6469	29
6470	24
6471	36
6472	31
6473	26
6474	26
6475	34
6476	15
6477	40
6478	22
6479	19
6480	29
6481	9
6482	32
6483	25
6484	32
6485	28
6486	31
6487	40
6488	30
6489	26
6490	21
6491	27
6492	24
6493	22
6494	24
6495	23
6496	32
6497	26
6498	24
6499	30
6500	26
6501	29
6502	28
6503	30
6504	27
6505	29
6506	25
6507	22
6508	35
6509	38
6510	18
6511	25
6512	36
6513	25
6514	26
6515	27
6516	27
6517	26
6518	27
6519	27
6520	34
6521	21
6522	21
6523	22
6524	21
6525	30
6526	40
6527	27
6528	26
6529	29
6530	28
6531	27
6532	30
6533	24
6534	23
6535	25
6536	34
6537	23
6538	30
6539	18
6540	22
6541	30
6542	27
6543	26
6544	33
6545	23
6546	28
6547	32
6548	30
6549	23
6550	21
6551	15
6552	21
6553	29
6554	21
6555	22
6556	22
6557	24
6558	33
6559	28
6560	27
6561	25
6562	23
6563	21
6564	26
6565	33
6566	21
6567	33
6568	33
6569	27
6570	27
6571	34
6572	21
6573	22
6574	25
6575	30
6576	19
6577	27
6578	22
6579	28
6580	32
6581	21
6582	18
6583	21
6584	27
6585	15
6586	23
6587	19
6588	19
6589	28
6590	19
6591	30
6592	29
6593	25
6594	20
6595	33
6596	26
6597	20
6598	31
6599	28
6600	24
6601	27
6602	40
6603	28
6604	26
6605	25
6606	20
6607	32
6608	29
6609	25
6610	20
6611	24
6612	24
6613	13
6614	14
6615	30
6616	28
6617	23
6618	25
6619	21
6620	30
6621	26
6622	17
6623	17
6624	32
6625	21
6626	27
6627	23
6628	23
6629	27
6630	28
6631	15
6632	20
6633	25
6634	27
6635	17
6636	26
6637	28
6638	26
6639	27
6640	25
6641	21
6642	19
6643	38
6644	13
6645	25
6646	21
6647	21
6648	24
6649	19
6650	24
6651	25
6652	25
6653	27
6654	18
6655	31
6656	22
6657	18
6658	28
6659	20
6660	18
6661	15
6662	26
6663	28
6664	20
6665	26
6666	25
6667	23
6668	17
6669	22
6670	23
6671	23
6672	16
6673	22
6674	17
6675	27
6676	30
6677	25
6678	18
6679	30
6680	30
6681	23
6682	21
6683	27
6684	23
6685	22
6686	29
6687	19
6688	20
6689	27
6690	26
6691	31
6692	22
6693	24
6694	22
6695	15
6696	25
6697	23
6698	26
6699	19
6700	24
6701	23
6702	28
6703	26
6704	25
6705	17
6706	29
6707	28
6708	22
6709	19
6710	28
6711	21
6712	14
6713	18
6714	22
6715	19
6716	23
6717	19
6718	32
6719	18
6720	17
6721	23
6722	27
6723	16
6724	19
6725	30
6726	17
6727	27
6728	21
6729	12
6730	23
6731	27
6732	31
6733	20
6734	17
6735	20
6736	18
6737	25
6738	19
6739	19
6740	6
6741	22
6742	24
6743	24
6744	14
6745	15
6746	20
6747	10
6748	23
6749	10
6750	18
6751	30
6752	13
6753	14
6754	28
6755	22
6756	8
6757	21
6758	21
6759	17
6760	17
6761	9
6762	19
6763	23
6764	27
6765	23
6766	18
6767	30
6768	23
6769	24
6770	24
6771	30
6772	20
6773	18
6774	19
6775	22
6776	16
6777	22
6778	18
6779	17
6780	17
6781	21
6782	24
6783	14
6784	17
6785	14
6786	21
6787	17
6788	17
6789	20
6790	24
6791	16
6792	22
6793	14
6794	14
6795	24
6796	27
6797	17
6798	9
6799	21
6800	16
6801	11
6802	18
6803	18
6804	20
6805	14
6806	19
6807	18
6808	13
6809	16
6810	21
6811	13
6812	19
6813	18
6814	18
6815	15
6816	13
6817	18
6818	19
6819	15
6820	18
6821	18
6822	15
6823	19
6824	19
6825	19
6826	14
6827	16
6828	15
6829	15
6830	24
6831	21
6832	12
6833	17
6834	19
6835	14
6836	16
6837	21
6838	16
6839	8
6840	22
6841	23
6842	13
6843	15
6844	22
6845	22
6846	16
6847	24
6848	23
6849	12
6850	13
6851	19
6852	13
6853	8
6854	20
6855	12
6856	16
6857	16
6858	8
6859	9
6860	15
6861	16
6862	9
6863	13
6864	24
6865	24
6866	10
6867	21
6868	13
6869	19
6870	19
6871	19
6872	14
6873	10
6874	15
6875	11
6876	8
6877	15
6878	10
6879	16
6880	17
6881	20
6882	13
6883	15
6884	17
6885	15
6886	10
6887	13
6888	13
6889	12
6890	16
6891	12
6892	15
6893	17
6894	17
6895	11
6896	16
6897	12
6898	13
6899	20
6900	16
6901	19
6902	20
6903	13
6904	13
6905	12
6906	10
6907	14
6908	22
6909	11
6910	15
6911	10
6912	19
6913	20
6914	13
6915	15
6916	18
6917	13
6918	10
6919	13
6920	12
6921	9
6922	11
6923	12
6924	8
6925	7
6926	12
6927	15
6928	10
6929	13
6930	12
6931	17
6932	14
6933	11
6934	14
6935	12
6936	19
6937	13
6938	9
6939	11
6940	14
6941	11
6942	9
6943	10
6944	8
6945	10
6946	13
6947	11
6948	9
6949	9
6950	5
6951	17
6952	11
6953	12
6954	12
6955	6
6956	9
6957	8
6958	12
6959	12
6960	15
6961	20
6962	10
6963	7
6964	8
6965	12
6966	18
6967	15
6968	7
6969	9
6970	8
6971	8
6972	11
6973	8
6974	14
6975	13
6976	12
6977	10
6978	13
6979	10
6980	12
6981	11
6982	11
6983	10
6984	11
6985	11
6986	13
6987	17
6988	13
6989	10
6990	9
6991	9
6992	11
6993	19
6994	11
6995	13
6996	8
6997	9
6998	8
6999	7
7000	16
7001	13
7002	7
7003	15
7004	8
7005	11
7006	8
7007	10
7008	9
7009	8
7010	11
7011	13
7012	8
7013	10
7014	11
7015	11
7016	5
7017	9
7018	9
7019	15
7020	8
7021	10
7022	6
7023	12
7024	11
7025	12
7026	6
7027	6
7028	17
7029	3
7030	11
7031	9
7032	6
7033	4
7034	9
7035	6
7036	10
7037	2
7038	8
7039	9
7040	11
7041	11
7042	6
7043	11
7044	11
7045	4
7046	11
7047	12
7048	5
7049	11
7050	9
7051	9
7052	8
7053	5
7054	8
7055	11
7056	7
7057	4
7058	8
7059	6
7060	11
7061	9
7062	5
7063	3
7064	7
7065	5
7066	7
7067	8
7068	11
7069	11
7070	5
7071	8
7072	6
7073	10
7074	7
7075	6
7076	5
7077	6
7078	11
7079	5
7080	6
7081	6
7082	15
7083	6
7084	8
7085	11
7086	10
7087	8
7088	7
7089	5
7090	8
7091	6
7092	7
7093	6
7094	6
7095	8
7096	10
7097	7
7098	8
7099	6
7100	2
7101	9
7102	6
7103	6
7104	5
7105	8
7106	12
7107	7
7108	5
7109	5
7110	4
7111	6
7112	12
7113	10
7114	8
7115	5
7116	8
7117	3
7118	8
7119	6
7120	11
7121	4
7122	6
7123	6
7124	6
7125	5
7126	2
7127	12
7128	9
7129	7
7130	5
7131	10
7132	5
7133	5
7134	3
7135	7
7136	7
7137	11
7138	4
7139	8
7140	4
7141	8
7142	10
7143	1
7144	3
7145	7
7146	6
7147	7
7148	2
7149	4
7150	3
7151	7
7152	6
7153	9
7154	5
7155	10
7156	7
7157	6
7158	3
7159	6
7160	6
7161	3
7162	15
7163	6
7164	5
7165	4
7166	5
7167	9
7168	10
7169	9
7170	6
7171	3
7172	5
7173	4
7174	1
7175	5
7176	5
7177	5
7178	5
7179	5
7180	3
7181	4
7182	9
7183	5
7184	9
7185	4
7186	4
7187	2
7188	3
7189	4
7190	6
7191	5
7192	3
7193	11
7194	3
7195	5
7196	9
7197	2
7198	3
7199	5
7200	3
7201	5
7202	3
7203	9
7204	10
7205	6
7206	6
7207	8
7208	4
7209	6
7210	6
7211	5
7212	3
7213	8
7214	2
7215	8
7216	9
7217	2
7218	2
7219	2
7220	3
7221	7
7222	6
7223	6
7224	7
7225	7
7226	9
7227	5
7228	5
7229	3
7230	3
7231	5
7232	2
7233	4
7234	5
7235	4
7236	10
7237	4
7238	6
7239	1
7240	5
7241	2
7242	2
7243	1
7244	5
7245	2
7246	2
7247	8
7248	5
7249	5
7250	2
7251	7
7252	3
7253	2
7254	2
7255	3
7256	1
7257	1
7258	4
7259	5
7260	6
7261	5
7262	6
7263	5
7264	5
7265	0
7266	4
7267	3
7268	1
7269	7
7270	2
7271	6
7272	4
7273	7
7274	5
7275	2
7276	1
7277	1
7278	6
7279	8
7280	3
7281	6
7282	4
7283	6
7284	4
7285	6
7286	5
7287	1
7288	4
7289	3
7290	2
7291	5
7292	5
7293	1
7294	5
7295	4
7296	5
7297	1
7298	4
7299	3
7300	2
7301	4
7302	3
7303	2
7304	1
7305	1
7306	4
7307	1
7308	3
7309	2
7310	1
7311	4
7312	6
7313	5
7314	4
7315	0
7316	3
7317	7
7318	2
7319	9
7320	2
7321	3
7322	4
7323	3
7324	4
7325	2
7326	8
7327	1
7328	4
7329	1
7330	4
7331	2
7332	2
7333	5
7334	4
7335	3
7336	4
7337	4
7338	5
7339	1
7340	1
7341	1
7342	5
7343	1
7344	3
7345	3
7346	2
7347	5
7348	5
7349	3
7350	4
7351	4
7352	3
7353	2
7354	7
7355	5
7356	3
7357	2
7358	6
7359	3
7360	5
7361	4
7362	4
7363	2
7364	3
7365	4
7366	3
7367	1
7368	4
7369	3
7370	3
7371	5
7372	5
7373	5
7374	1
7375	2
7376	2
7377	2
7378	7
7379	2
7380	6
7381	1
7382	4
7383	4
7384	4
7385	3
7386	1
7387	3
7388	3
7389	2
7390	5
7391	6
7392	4
7393	2
7394	6
7395	1
7396	2
7397	5
7398	2
7399	3
7400	5
7401	3
7402	1
7403	1
7404	3
7405	4
7406	4
7407	2
7408	4
7409	4
7410	5
7411	2
7412	3
7413	2
7414	2
7415	2
7416	4
7417	0
7418	3
7419	3
7420	3
7421	1
7422	2
7423	2
7424	2
7425	0
7426	3
7427	2
7428	2
7429	2
7430	4
7431	1
7432	2
7433	1
7434	3
7435	1
7436	5
7437	5
7438	3
7439	1
7440	2
7441	3
7442	2
7443	3
7444	8
7445	5
7446	2
7447	2
7448	5
7449	1
7450	2
7451	4
7452	3
7453	3
7454	3
7455	4
7456	3
7457	2
7458	1
7459	4
7460	2
7461	2
7462	2
7463	1
7464	1
7465	0
7466	2
7467	4
7468	1
7469	3
7470	1
7471	2
7472	2
7473	4
7474	2
7475	1
7476	0
7477	1
7478	1
7479	1
7480	3
7481	1
7482	6
7483	4
7484	1
7485	1
7486	1
7487	0
7488	1
7489	4
7490	2
7491	2
7492	2
7493	1
7494	3
7495	4
7496	6
7497	1
7498	0
7499	4
7500	1
7501	1
7502	2
7503	4
7504	1
7505	1
7506	3
7507	2
7508	1
7509	0
7510	1
7511	4
7512	2
7513	3
7514	3
7515	1
7516	2
7517	2
7518	4
7519	2
7520	2
7521	1
7522	2
7523	4
7524	3
7525	4
7526	4
7527	2
7528	4
7529	3
7530	1
7531	2
7532	3
7533	4
7534	4
7535	3
7536	3
7537	3
7538	0
7539	3
7540	5
7541	3
7542	4
7543	1
7544	2
7545	1
7546	1
7547	2
7548	1
7549	2
7550	3
7551	3
7552	2
7553	4
7554	3
7555	1
7556	1
7557	3
7558	2
7559	2
7560	2
7561	0
7562	5
7563	2
7564	6
7565	2
7566	3
7567	0
7568	0
7569	1
7570	1
7571	2
7572	4
7573	2
7574	5
7575	5
7576	4
7577	3
7578	3
7579	1
7580	1
7581	3
7582	3
7583	3
7584	5
7585	0
7586	1
7587	1
7588	4
7589	2
7590	2
7591	3
7592	1
7593	1
7594	1
7595	1
7596	3
7597	5
7598	3
7599	1
7600	2
7601	1
7602	0
7603	4
7604	4
7605	5
7606	3
7607	1
7608	3
7609	2
7610	2
7611	5
7612	2
7613	5
7614	5
7615	3
7616	3
7617	3
7618	1
7619	2
7620	0
7621	0
7622	4
7623	3
7624	3
7625	3
7626	1
7627	1
7628	0
7629	5
7630	2
7631	4
7632	3
7633	1
7634	4
7635	3
7636	3
7637	0
7638	1
7639	1
7640	1
7641	2
7642	2
7643	1
7644	1
7645	3
7646	2
7647	2
7648	0
7649	1
7650	0
7651	3
7652	2
7653	1
7654	3
7655	1
7656	2
7657	2
7658	3
7659	3
7660	1
7661	1
7662	1
7663	0
7664	1
7665	2
7666	1
7667	1
7668	1
7669	2
7670	1
7671	2
7672	2
7673	0
7674	2
7675	3
7676	3
7677	0
7678	3
7679	5
7680	1
7681	4
7682	2
7683	1
7684	1
7685	6
7686	3
7687	1
7688	1
7689	5
7690	2
7691	5
7692	3
7693	1
7694	2
7695	3
7696	1
7697	1
7698	2
7699	0
7700	4
7701	2
7702	2
7703	1
7704	0
7705	1
7706	2
7707	1
7708	1
7709	1
7710	4
7711	2
7712	1
7713	1
7714	2
7715	1
7716	4
7717	1
7718	1
7719	1
7720	4
7721	0
7722	2
7723	1
7724	2
7725	4
7726	0
7727	1
7728	3
7729	0
7730	2
7731	2
7732	4
7733	0
7734	3
7735	1
7736	4
7737	0
7738	3
7739	1
7740	2
7741	0
7742	1
7743	1
7744	0
7745	3
7746	1
7747	3
7748	1
7749	0
7750	0
7751	0
7752	0
7753	0
7754	1
7755	1
7756	2
7757	1
7758	2
7759	3
7760	2
7761	0
7762	0
7763	2
7764	1
7765	3
7766	1
7767	5
7768	1
7769	4
7770	1
7771	1
7772	2
7773	0
7774	2
7775	2
7776	2
7777	2
7778	0
7779	1
7780	3
7781	1
7782	1
7783	2
7784	6
7785	0
7786	1
7787	2
7788	2
7789	1
7790	4
7791	1
7792	2
7793	2
7794	3
7795	4
7796	3
7797	0
7798	1
7799	3
7800	3
7801	0
7802	1
7803	2
7804	3
7805	2
7806	3
7807	3
7808	1
7809	1
7810	0
7811	6
7812	2
7813	4
7814	1
7815	0
7816	3
7817	3
7818	1
7819	1
7820	2
7821	4
7822	2
7823	0
7824	3
7825	1
7826	2
7827	1
7828	1
7829	5
7830	4
7831	2
7832	1
7833	4
7834	1
7835	0
7836	3
7837	2
7838	2
7839	3
7840	1
7841	0
7842	3
7843	3
7844	4
7845	1
7846	2
7847	1
7848	2
7849	4
7850	1
7851	3
7852	3
7853	5
7854	1
7855	3
7856	4
7857	1
7858	3
7859	1
7860	1
7861	2
7862	0
7863	1
7864	4
7865	2
7866	5
7867	0
7868	2
7869	2
7870	1
7871	1
7872	1
7873	1
7874	1
7875	0
7876	1
7877	1
7878	1
7879	0
7880	0
7881	1
7882	1
7883	1
7884	2
7885	0
7886	0
7887	0
7888	0
7889	0
7890	0
7891	0
7892	0
7893	0
7894	0
7895	0
7896	0
7897	0
7898	0
7899	0
7900	0
7901	0
7902	0
7903	0
7904	0
7905	0
7906	0
7907	0
7908	0
7909	0
7910	0
7911	0
7912	0
7913	0
7914	0
7915	0
7916	0
7917	0
7918	0
7919	0
7920	0
7921	0
7922	0
7923	0
7924	0
7925	0
7926	0
7927	0
7928	0
7929	0
7930	0
7931	0
7932	0
7933	0
7934	0
7935	0
7936	0
7937	0
7938	0
7939	0
7940	0
7941	0
7942	0
7943	0
7944	0
7945	0
7946	0
7947	0
7948	0
7949	0
7950	0
7951	0
7952	0
7953	0
7954	0
7955	0
7956	0
7957	0
7958	0
7959	0
7960	0
7961	0
7962	0
7963	0
7964	0
7965	0
7966	0
7967	0
7968	0
7969	0
7970	0
7971	0
7972	0
7973	0
7974	0
7975	0
7976	0
7977	0
7978	0
7979	0
7980	0
7981	0
7982	0
7983	0
7984	0
7985	0
7986	0
7987	0
7988	0
7989	0
7990	0
7991	0
7992	0
7993	0
7994	0
7995	0
7996	0
7997	0
7998	0
7999	0
8000	0
8001	0
8002	0
8003	0
8004	0
8005	0
8006	0
8007	0
8008	0
8009	0
8010	0
8011	0
8012	0
8013	0
8014	0
8015	0
8016	0
8017	0
8018	0
8019	0
8020	0
8021	0
8022	0
8023	0
8024	0
8025	0
8026	0
8027	0
8028	0
8029	0
8030	0
8031	0
8032	0
8033	0
8034	0
8035	0
8036	0
8037	0
8038	0
8039	0
8040	0
8041	0
8042	0
8043	0
8044	0
8045	0
8046	0
8047	0
8048	0
8049	0
8050	0
8051	0
8052	0
8053	0
8054	0
8055	0
8056	0
8057	0
8058	0
8059	0
8060	0
8061	0
8062	0
8063	0
8064	0
8065	0
8066	0
8067	0
8068	0
8069	0
8070	0
8071	0
8072	0
8073	0
8074	0
8075	0
8076	0
8077	0
8078	0
8079	0
8080	0
8081	0
8082	0
8083	0
8084	0
8085	0
8086	0
8087	0
8088	0
8089	0
8090	0
8091	0
8092	0
8093	0
8094	0
8095	0
8096	0
8097	0
8098	0
8099	0
8100	0
8101	0
8102	0
8103	0
8104	0
8105	0
8106	0
8107	0
8108	0
8109	0
8110	0
8111	0
8112	0
8113	0
8114	0
8115	0
8116	0
8117	0
8118	0
8119	0
8120	0
8121	0
8122	0
8123	0
8124	0
8125	0
8126	0
8127	0
8128	0
8129	0
8130	0
8131	0
8132	0
8133	0
8134	0
8135	0
8136	0
8137	0
8138	0
8139	0
8140	0
8141	0
8142	0
8143	0
8144	0
8145	0
8146	0
8147	0
8148	0
8149	0
8150	0
8151	0
8152	0
8153	0
8154	0
8155	0
8156	0
8157	0
8158	0
8159	0
8160	0
8161	0
8162	0
8163	0
8164	0
8165	0
8166	0
8167	0
8168	0
8169	0
8170	0
8171	0
8172	0
8173	0
8174	0
8175	0
8176	0
8177	0
8178	0
8179	0
8180	0
8181	0
8182	0
8183	0
8184	0
8185	0
8186	0
8187	0
8188	0
8189	0
8190	0
8191	0
