0	0
1	0
2	0
3	0
4	0
5	0
6	0
7	0
8	0
9	0
10	0
11	0
12	0
13	0
14	0
15	0
16	0
17	0
18	0
19	0
20	0
21	0
22	0
23	0
24	0
25	0
26	1
27	1
28	0
29	0
30	1
31	0
32	9
33	96
34	514
35	1143
36	1373
37	1335
38	1305
39	1299
40	1364
41	1304
42	1242
43	1274
44	1151
45	1169
46	1098
47	1080
48	1122
49	988
50	1049
51	976
52	963
53	922
54	1003
55	907
56	950
57	856
58	838
59	844
60	838
61	828
62	815
63	820
64	798
65	800
66	699
67	671
68	668
69	750
70	724
71	734
72	710
73	653
74	680
75	656
76	665
77	661
78	656
79	661
80	599
81	648
82	607
83	563
84	629
85	602
86	639
87	663
88	600
89	616
90	568
91	553
92	567
93	577
94	591
95	607
96	558
97	588
98	588
99	574
100	519
101	576
102	552
103	548
104	582
105	546
106	546
107	534
108	532
109	520
110	535
111	530
112	516
113	554
114	538
115	553
116	553
117	567
118	560
119	558
120	528
121	495
122	507
123	520
124	561
125	529
126	535
127	566
128	547
129	543
130	569
131	555
132	573
133	532
134	532
135	572
136	528
137	580
138	571
139	546
140	579
141	523
142	528
143	537
144	603
145	558
146	568
147	537
148	600
149	552
150	602
151	509
152	549
153	551
154	552
155	581
156	538
157	551
158	550
159	561
160	584
161	556
162	557
163	544
164	579
165	617
166	615
167	627
168	599
169	606
170	584
171	566
172	571
173	569
174	609
175	598
176	586
177	627
178	650
179	569
180	585
181	631
182	610
183	642
184	610
185	630
186	661
187	615
188	619
189	608
190	658
191	698
192	649
193	699
194	719
195	634
196	657
197	714
198	690
199	717
200	615
201	705
202	649
203	721
204	725
205	691
206	746
207	711
208	745
209	761
210	728
211	759
212	763
213	770
214	803
215	815
216	871
217	841
218	855
219	838
220	893
221	893
222	874
223	900
224	916
225	928
226	940
227	948
228	947
229	1076
230	1039
231	994
232	1103
233	1113
234	1075
235	1095
236	1219
237	1134
238	1170
239	1214
240	1235
241	1274
242	1319
243	1379
244	1320
245	1347
246	1483
247	1453
248	1449
249	1571
250	1586
251	1612
252	1692
253	1681
254	1659
255	1754
256	1875
257	1891
258	1913
259	1963
260	2029
261	1996
262	2218
263	2223
264	2201
265	2358
266	2401
267	2396
268	2569
269	2462
270	2600
271	2654
272	2756
273	2833
274	2866
275	3035
276	3067
277	3168
278	3304
279	3369
280	3412
281	3420
282	3646
283	3792
284	3828
285	3920
286	4104
287	4247
288	4276
289	4447
290	4453
291	4537
292	4817
293	4752
294	4991
295	4987
296	5238
297	5271
298	5529
299	5690
300	5770
301	5984
302	5977
303	6291
304	6392
305	6558
306	6636
307	6846
308	6966
309	7108
310	7227
311	7507
312	7568
313	7818
314	7886
315	8060
316	8532
317	8362
318	8668
319	8864
320	9046
321	9316
322	9493
323	9521
324	9651
325	9859
326	9992
327	10307
328	10480
329	10563
330	10961
331	10971
332	11286
333	11241
334	11299
335	11511
336	11949
337	12334
338	12171
339	12359
340	12526
341	12619
342	12997
343	13224
344	13379
345	13302
346	13512
347	13656
348	13923
349	14047
350	14276
351	14305
352	14550
353	14463
354	14934
355	14807
356	15147
357	15185
358	15436
359	15665
360	15855
361	15873
362	15845
363	16314
364	16124
365	16149
366	16270
367	16662
368	16616
369	16659
370	16647
371	16810
372	16775
373	17019
374	17000
375	16851
376	17067
377	17112
378	17259
379	17332
380	17091
381	17368
382	17367
383	17498
384	17521
385	17303
386	17638
387	17399
388	17708
389	17377
390	17439
391	17504
392	17587
393	17507
394	17492
395	17256
396	17577
397	17233
398	17175
399	16980
400	17325
401	17158
402	17110
403	17081
404	16633
405	16989
406	16973
407	16702
408	16621
409	16578
410	16341
411	16438
412	16201
413	16415
414	16055
415	15954
416	15992
417	15656
418	15757
419	15620
420	15455
421	15429
422	14932
423	15061
424	14793
425	14818
426	14611
427	14437
428	14426
429	14359
430	14485
431	14043
432	13709
433	13563
434	13453
435	13511
436	13319
437	12878
438	12974
439	12744
440	12577
441	12535
442	12300
443	12164
444	11962
445	11811
446	11619
447	11521
448	11499
449	11222
450	11109
451	10967
452	10803
453	10803
454	10509
455	10596
456	10155
457	9962
458	9893
459	9885
460	9619
461	9451
462	9224
463	9156
464	9088
465	8834
466	8847
467	8473
468	8448
469	8494
470	8296
471	8016
472	7811
473	7809
474	7486
475	7462
476	7390
477	7334
478	7103
479	6992
480	6926
481	6799
482	6694
483	6451
484	6410
485	6391
486	6156
487	6011
488	5776
489	5876
490	5701
491	5651
492	5390
493	5298
494	5316
495	5216
496	5086
497	5031
498	4942
499	4757
500	4617
501	4690
502	4569
503	4420
504	4378
505	4285
506	4126
507	4096
508	3979
509	3859
510	3815
511	3781
512	3680
513	3619
514	3650
515	3336
516	3529
517	3315
518	3346
519	3152
520	3129
521	3183
522	3160
523	3037
524	2929
525	2808
526	2814
527	2746
528	2674
529	2677
530	2682
531	2566
532	2597
533	2539
534	2423
535	2421
536	2358
537	2209
538	2259
539	2258
540	2231
541	2137
542	2250
543	2158
544	2109
545	2010
546	2027
547	2014
548	1904
549	1967
550	1863
551	1922
552	1817
553	1830
554	1840
555	1803
556	1753
557	1667
558	1709
559	1775
560	1700
561	1659
562	1643
563	1629
564	1540
565	1586
566	1573
567	1511
568	1589
569	1590
570	1582
571	1477
572	1500
573	1555
574	1474
575	1497
576	1528
577	1537
578	1556
579	1495
580	1455
581	1415
582	1423
583	1415
584	1453
585	1484
586	1392
587	1492
588	1438
589	1449
590	1475
591	1391
592	1353
593	1502
594	1499
595	1400
596	1377
597	1445
598	1429
599	1376
600	1466
601	1403
602	1446
603	1470
604	1455
605	1481
606	1370
607	1417
608	1455
609	1424
610	1427
611	1435
612	1449
613	1514
614	1484
615	1480
616	1443
617	1489
618	1486
619	1529
620	1524
621	1531
622	1516
623	1490
624	1524
625	1492
626	1499
627	1496
628	1593
629	1536
630	1519
631	1573
632	1559
633	1534
634	1581
635	1581
636	1620
637	1610
638	1631
639	1554
640	1645
641	1578
642	1649
643	1587
644	1661
645	1663
646	1711
647	1631
648	1610
649	1633
650	1683
651	1767
652	1757
653	1655
654	1738
655	1738
656	1653
657	1680
658	1741
659	1705
660	1738
661	1720
662	1711
663	1804
664	1719
665	1728
666	1849
667	1715
668	1863
669	1805
670	1707
671	1804
672	1719
673	1836
674	1796
675	1818
676	1870
677	1804
678	1876
679	1797
680	1832
681	1805
682	1913
683	1815
684	1877
685	1869
686	1806
687	1867
688	1844
689	1817
690	1845
691	1845
692	1943
693	1821
694	1948
695	1833
696	1814
697	1934
698	1791
699	1918
700	1877
701	1915
702	1928
703	1842
704	1892
705	1901
706	1871
707	1845
708	1911
709	1911
710	1946
711	1863
712	1919
713	1831
714	1884
715	1933
716	1881
717	1911
718	1898
719	1902
720	1832
721	1887
722	1899
723	1918
724	1887
725	1967
726	1904
727	1883
728	1916
729	1933
730	1940
731	1888
732	1910
733	1885
734	1987
735	1948
736	1839
737	1886
738	1977
739	1827
740	1904
741	1899
742	1905
743	1871
744	1947
745	1924
746	1923
747	1898
748	1933
749	1846
750	1943
751	1832
752	1970
753	1907
754	1881
755	1919
756	1891
757	1929
758	1851
759	1935
760	1916
761	1868
762	1879
763	1930
764	1969
765	1920
766	1903
767	1838
768	1928
769	1868
770	1889
771	1860
772	1873
773	1952
774	1947
775	1926
776	2027
777	1831
778	1903
779	1855
780	1860
781	1952
782	1949
783	1893
784	1898
785	1936
786	1934
787	1859
788	1970
789	1932
790	1915
791	1904
792	1893
793	1932
794	1932
795	1914
796	1894
797	1940
798	1893
799	2026
800	1933
801	1830
802	1892
803	1974
804	1940
805	1952
806	1904
807	1926
808	1947
809	1950
810	1937
811	1964
812	2000
813	1961
814	1983
815	1963
816	1947
817	1940
818	1866
819	1930
820	1951
821	1942
822	1891
823	1983
824	1943
825	1966
826	1991
827	1968
828	2037
829	1933
830	1997
831	1859
832	2044
833	2007
834	1949
835	2003
836	1979
837	1991
838	2018
839	1994
840	2064
841	2094
842	2051
843	2004
844	1998
845	2036
846	2014
847	2030
848	2037
849	2102
850	2059
851	2053
852	2154
853	2107
854	2155
855	2126
856	2102
857	1999
858	2168
859	2083
860	2043
861	2106
862	2104
863	2107
864	2022
865	2144
866	2150
867	2078
868	2081
869	2168
870	2129
871	2114
872	2109
873	2261
874	2218
875	2086
876	2210
877	2155
878	2138
879	2234
880	2247
881	2209
882	2191
883	2276
884	2142
885	2239
886	2166
887	2177
888	2262
889	2286
890	2308
891	2340
892	2301
893	2294
894	2284
895	2267
896	2292
897	2425
898	2328
899	2305
900	2358
901	2332
902	2348
903	2379
904	2336
905	2396
906	2356
907	2347
908	2463
909	2470
910	2479
911	2465
912	2460
913	2544
914	2461
915	2471
916	2420
917	2587
918	2473
919	2579
920	2565
921	2638
922	2609
923	2627
924	2659
925	2689
926	2715
927	2689
928	2723
929	2773
930	2815
931	2730
932	2793
933	2760
934	2864
935	2832
936	2865
937	2976
938	2819
939	2932
940	3033
941	2936
942	2946
943	3018
944	2985
945	3088
946	3055
947	3149
948	3143
949	3160
950	3170
951	3346
952	3093
953	3240
954	3411
955	3361
956	3351
957	3312
958	3383
959	3529
960	3453
961	3423
962	3579
963	3499
964	3634
965	3640
966	3660
967	3705
968	3721
969	3835
970	3861
971	3711
972	3940
973	3854
974	3845
975	3982
976	4057
977	3943
978	4175
979	4088
980	4176
981	4135
982	4195
983	4260
984	4294
985	4392
986	4335
987	4375
988	4497
989	4529
990	4563
991	4617
992	4650
993	4786
994	4699
995	4743
996	4823
997	4892
998	4924
999	4852
1000	5156
1001	5083
1002	5134
1003	5247
1004	5235
1005	5159
1006	5223
1007	5430
1008	5271
1009	5360
1010	5365
1011	5369
1012	5475
1013	5617
1014	5579
1015	5577
1016	5813
1017	5646
1018	5797
1019	5686
1020	5911
1021	5891
1022	5977
1023	5892
1024	6025
1025	6052
1026	6175
1027	6192
1028	6270
1029	6325
1030	6272
1031	6505
1032	6418
1033	6296
1034	6441
1035	6511
1036	6539
1037	6559
1038	6536
1039	6715
1040	6645
1041	6895
1042	6664
1043	6666
1044	6785
1045	6765
1046	6835
1047	6822
1048	6927
1049	7058
1050	7126
1051	6973
1052	7177
1053	7202
1054	7129
1055	7345
1056	7375
1057	7426
1058	7173
1059	7344
1060	7661
1061	7428
1062	7463
1063	7411
1064	7393
1065	7484
1066	7558
1067	7643
1068	7540
1069	7507
1070	7663
1071	7781
1072	7613
1073	7742
1074	7802
1075	7724
1076	7808
1077	7580
1078	7896
1079	7889
1080	7624
1081	7696
1082	7905
1083	8189
1084	8040
1085	8010
1086	8029
1087	7914
1088	8006
1089	7875
1090	8059
1091	7931
1092	8049
1093	7892
1094	8108
1095	8004
1096	7950
1097	7988
1098	8050
1099	8111
1100	7970
1101	8122
1102	7902
1103	8044
1104	8026
1105	8017
1106	8055
1107	8036
1108	7948
1109	7922
1110	7914
1111	7991
1112	8048
1113	7844
1114	7862
1115	7974
1116	7922
1117	7991
1118	7756
1119	7756
1120	7713
1121	7715
1122	7868
1123	7710
1124	7704
1125	7819
1126	7707
1127	7638
1128	7632
1129	7648
1130	7680
1131	7752
1132	7532
1133	7623
1134	7523
1135	7567
1136	7477
1137	7372
1138	7337
1139	7490
1140	7357
1141	7363
1142	7166
1143	7169
1144	7221
1145	7255
1146	7163
1147	7163
1148	7125
1149	6972
1150	7082
1151	6972
1152	6924
1153	6970
1154	6854
1155	6647
1156	6731
1157	6796
1158	6751
1159	6762
1160	6643
1161	6584
1162	6598
1163	6584
1164	6365
1165	6476
1166	6427
1167	6381
1168	6350
1169	6417
1170	6243
1171	6165
1172	6119
1173	5935
1174	6051
1175	6132
1176	5996
1177	5914
1178	5950
1179	5863
1180	5738
1181	5773
1182	5691
1183	5729
1184	5581
1185	5692
1186	5479
1187	5425
1188	5409
1189	5348
1190	5544
1191	5291
1192	5187
1193	5130
1194	5289
1195	5173
1196	5060
1197	5118
1198	4939
1199	4947
1200	4894
1201	4773
1202	4770
1203	4668
1204	4794
1205	4626
1206	4609
1207	4448
1208	4587
1209	4603
1210	4335
1211	4268
1212	4364
1213	4342
1214	4241
1215	4166
1216	4150
1217	4019
1218	4152
1219	4055
1220	4087
1221	3987
1222	3979
1223	3833
1224	3855
1225	3772
1226	3791
1227	3761
1228	3640
1229	3540
1230	3583
1231	3560
1232	3503
1233	3473
1234	3419
1235	3505
1236	3340
1237	3317
1238	3338
1239	3194
1240	3253
1241	3115
1242	3159
1243	3036
1244	3072
1245	3069
1246	2930
1247	2998
1248	2914
1249	2930
1250	2868
1251	2846
1252	2746
1253	2751
1254	2665
1255	2660
1256	2596
1257	2551
1258	2563
1259	2603
1260	2503
1261	2537
1262	2414
1263	2436
1264	2458
1265	2294
1266	2441
1267	2396
1268	2380
1269	2246
1270	2236
1271	2256
1272	2319
1273	2102
1274	2136
1275	2062
1276	2081
1277	2088
1278	2122
1279	2091
1280	1998
1281	2077
1282	1951
1283	1909
1284	1909
1285	1937
1286	1836
1287	1909
1288	1860
1289	1846
1290	1711
1291	1845
1292	1779
1293	1715
1294	1627
1295	1722
1296	1714
1297	1700
1298	1592
1299	1679
1300	1581
1301	1620
1302	1613
1303	1539
1304	1562
1305	1509
1306	1525
1307	1492
1308	1522
1309	1462
1310	1508
1311	1525
1312	1410
1313	1363
1314	1388
1315	1354
1316	1429
1317	1434
1318	1408
1319	1305
1320	1330
1321	1355
1322	1364
1323	1340
1324	1279
1325	1270
1326	1242
1327	1276
1328	1281
1329	1309
1330	1204
1331	1236
1332	1241
1333	1145
1334	1190
1335	1225
1336	1180
1337	1191
1338	1154
1339	1118
1340	1107
1341	1100
1342	1148
1343	1190
1344	1109
1345	1097
1346	1087
1347	1151
1348	1089
1349	1189
1350	1109
1351	1039
1352	1073
1353	1083
1354	1041
1355	1085
1356	1033
1357	1054
1358	1049
1359	1066
1360	1055
1361	1032
1362	1008
1363	962
1364	1022
1365	1020
1366	1048
1367	1039
1368	990
1369	975
1370	1054
1371	992
1372	982
1373	1007
1374	966
1375	929
1376	892
1377	948
1378	962
1379	1029
1380	994
1381	1036
1382	998
1383	944
1384	1041
1385	916
1386	988
1387	967
1388	997
1389	992
1390	1000
1391	946
1392	907
1393	960
1394	900
1395	971
1396	963
1397	978
1398	942
1399	949
1400	978
1401	952
1402	975
1403	941
1404	1010
1405	973
1406	951
1407	960
1408	944
1409	962
1410	947
1411	965
1412	951
1413	945
1414	907
1415	964
1416	1026
1417	986
1418	971
1419	995
1420	994
1421	1000
1422	993
1423	1016
1424	986
1425	1031
1426	948
1427	975
1428	976
1429	996
1430	963
1431	1019
1432	1043
1433	996
1434	1051
1435	1054
1436	1035
1437	1076
1438	1064
1439	1026
1440	1017
1441	955
1442	1007
1443	1003
1444	1013
1445	1038
1446	1003
1447	1119
1448	1050
1449	1067
1450	971
1451	1023
1452	1071
1453	1002
1454	1099
1455	1076
1456	1039
1457	1059
1458	1073
1459	1043
1460	1050
1461	1057
1462	1071
1463	1100
1464	1111
1465	1091
1466	1098
1467	1055
1468	1055
1469	1118
1470	1058
1471	1083
1472	1068
1473	1053
1474	1076
1475	1161
1476	1135
1477	1105
1478	1092
1479	1103
1480	1081
1481	1122
1482	1151
1483	1147
1484	1083
1485	1143
1486	1140
1487	1135
1488	1136
1489	1110
1490	1109
1491	1116
1492	1157
1493	1111
1494	1148
1495	1139
1496	1177
1497	1155
1498	1136
1499	1094
1500	1150
1501	1159
1502	1143
1503	1220
1504	1141
1505	1233
1506	1154
1507	1196
1508	1180
1509	1129
1510	1194
1511	1147
1512	1199
1513	1152
1514	1171
1515	1145
1516	1147
1517	1148
1518	1180
1519	1235
1520	1220
1521	1249
1522	1138
1523	1152
1524	1184
1525	1187
1526	1175
1527	1145
1528	1264
1529	1161
1530	1139
1531	1172
1532	1193
1533	1149
1534	1122
1535	1170
1536	1213
1537	1268
1538	1115
1539	1204
1540	1176
1541	1249
1542	1163
1543	1183
1544	1207
1545	1249
1546	1215
1547	1240
1548	1214
1549	1315
1550	1260
1551	1208
1552	1217
1553	1276
1554	1242
1555	1253
1556	1233
1557	1217
1558	1290
1559	1113
1560	1239
1561	1192
1562	1184
1563	1240
1564	1257
1565	1254
1566	1273
1567	1263
1568	1245
1569	1146
1570	1243
1571	1212
1572	1204
1573	1189
1574	1204
1575	1162
1576	1226
1577	1226
1578	1154
1579	1253
1580	1193
1581	1202
1582	1171
1583	1266
1584	1214
1585	1244
1586	1202
1587	1248
1588	1250
1589	1225
1590	1190
1591	1210
1592	1174
1593	1227
1594	1287
1595	1159
1596	1235
1597	1135
1598	1200
1599	1198
1600	1177
1601	1148
1602	1217
1603	1175
1604	1208
1605	1210
1606	1210
1607	1140
1608	1199
1609	1169
1610	1193
1611	1195
1612	1230
1613	1147
1614	1178
1615	1162
1616	1213
1617	1157
1618	1211
1619	1190
1620	1206
1621	1187
1622	1156
1623	1164
1624	1161
1625	1184
1626	1200
1627	1177
1628	1091
1629	1150
1630	1193
1631	1120
1632	1194
1633	1183
1634	1112
1635	1202
1636	1180
1637	1185
1638	1080
1639	1170
1640	1158
1641	1131
1642	1109
1643	1172
1644	1189
1645	1105
1646	1111
1647	1094
1648	1097
1649	1188
1650	1122
1651	1130
1652	1101
1653	1108
1654	1160
1655	1160
1656	1029
1657	1111
1658	1102
1659	1098
1660	1062
1661	1099
1662	1079
1663	1094
1664	1099
1665	1047
1666	1055
1667	1090
1668	1032
1669	1042
1670	1064
1671	1059
1672	1093
1673	1061
1674	1097
1675	1051
1676	1072
1677	1058
1678	1068
1679	1093
1680	1026
1681	1024
1682	1040
1683	1083
1684	1074
1685	1019
1686	1038
1687	1090
1688	1043
1689	1015
1690	1057
1691	1066
1692	1059
1693	1016
1694	964
1695	975
1696	1041
1697	992
1698	1013
1699	953
1700	972
1701	1047
1702	1073
1703	1050
1704	1043
1705	1007
1706	986
1707	1031
1708	1046
1709	1021
1710	973
1711	1033
1712	1023
1713	1024
1714	1031
1715	976
1716	922
1717	993
1718	1015
1719	1024
1720	997
1721	991
1722	996
1723	995
1724	968
1725	1010
1726	1034
1727	1007
1728	964
1729	951
1730	954
1731	989
1732	1003
1733	968
1734	975
1735	958
1736	1058
1737	1007
1738	947
1739	1021
1740	991
1741	930
1742	932
1743	946
1744	966
1745	984
1746	940
1747	990
1748	979
1749	991
1750	966
1751	1004
1752	919
1753	979
1754	957
1755	959
1756	953
1757	942
1758	956
1759	1019
1760	976
1761	944
1762	967
1763	951
1764	933
1765	983
1766	921
1767	1002
1768	912
1769	964
1770	917
1771	1022
1772	968
1773	946
1774	949
1775	936
1776	930
1777	938
1778	920
1779	963
1780	945
1781	950
1782	919
1783	995
1784	977
1785	929
1786	949
1787	926
1788	956
1789	917
1790	920
1791	996
1792	979
1793	950
1794	999
1795	926
1796	977
1797	986
1798	1000
1799	983
1800	921
1801	993
1802	1004
1803	929
1804	905
1805	939
1806	893
1807	909
1808	929
1809	921
1810	993
1811	963
1812	935
1813	927
1814	1000
1815	951
1816	1019
1817	992
1818	953
1819	1000
1820	949
1821	993
1822	970
1823	949
1824	1020
1825	991
1826	962
1827	962
1828	1027
1829	971
1830	1031
1831	953
1832	998
1833	979
1834	959
1835	1014
1836	997
1837	943
1838	969
1839	983
1840	987
1841	998
1842	976
1843	966
1844	1045
1845	1000
1846	1074
1847	1024
1848	1050
1849	1048
1850	1017
1851	1000
1852	1006
1853	1019
1854	980
1855	985
1856	977
1857	1005
1858	1031
1859	1003
1860	992
1861	977
1862	1020
1863	984
1864	982
1865	1092
1866	1003
1867	968
1868	1035
1869	1026
1870	1020
1871	1003
1872	1037
1873	1060
1874	1104
1875	1049
1876	1047
1877	1049
1878	1066
1879	1072
1880	1057
1881	1012
1882	1073
1883	1037
1884	1032
1885	1130
1886	1105
1887	1110
1888	1076
1889	1086
1890	1041
1891	1063
1892	1079
1893	1080
1894	1078
1895	1052
1896	1095
1897	1048
1898	1026
1899	1042
1900	1034
1901	1105
1902	1069
1903	1118
1904	1043
1905	1101
1906	1039
1907	1184
1908	1135
1909	1122
1910	1079
1911	1081
1912	1089
1913	1122
1914	1094
1915	1082
1916	1153
1917	1092
1918	1039
1919	1176
1920	1136
1921	1117
1922	1139
1923	1135
1924	1091
1925	1150
1926	1145
1927	1117
1928	1124
1929	1096
1930	1120
1931	1126
1932	1171
1933	1180
1934	1139
1935	1137
1936	1152
1937	1146
1938	1185
1939	1091
1940	1157
1941	1089
1942	1102
1943	1178
1944	1117
1945	1195
1946	1205
1947	1169
1948	1142
1949	1130
1950	1163
1951	1111
1952	1151
1953	1128
1954	1228
1955	1163
1956	1210
1957	1181
1958	1144
1959	1184
1960	1151
1961	1162
1962	1169
1963	1237
1964	1239
1965	1175
1966	1119
1967	1191
1968	1154
1969	1164
1970	1217
1971	1260
1972	1208
1973	1158
1974	1218
1975	1159
1976	1229
1977	1262
1978	1245
1979	1175
1980	1187
1981	1110
1982	1207
1983	1216
1984	1114
1985	1234
1986	1183
1987	1211
1988	1239
1989	1256
1990	1225
1991	1223
1992	1193
1993	1201
1994	1232
1995	1199
1996	1246
1997	1235
1998	1217
1999	1212
2000	1253
2001	1210
2002	1214
2003	1233
2004	1179
2005	1173
2006	1198
2007	1194
2008	1263
2009	1215
2010	1208
2011	1257
2012	1182
2013	1218
2014	1252
2015	1193
2016	1222
2017	1213
2018	1240
2019	1260
2020	1282
2021	1252
2022	1213
2023	1228
2024	1194
2025	1221
2026	1279
2027	1257
2028	1198
2029	1249
2030	1255
2031	1258
2032	1272
2033	1252
2034	1237
2035	1237
2036	1284
2037	1239
2038	1275
2039	1226
2040	1237
2041	1244
2042	1263
2043	1343
2044	1190
2045	1247
2046	1288
2047	1262
2048	1232
2049	1389
2050	1224
2051	1197
2052	1235
2053	1282
2054	1274
2055	1256
2056	1281
2057	1225
2058	1223
2059	1249
2060	1263
2061	1232
2062	1276
2063	1280
2064	1307
2065	1311
2066	1280
2067	1325
2068	1265
2069	1182
2070	1333
2071	1261
2072	1371
2073	1273
2074	1277
2075	1297
2076	1328
2077	1273
2078	1291
2079	1322
2080	1283
2081	1308
2082	1283
2083	1221
2084	1322
2085	1242
2086	1265
2087	1214
2088	1292
2089	1271
2090	1241
2091	1305
2092	1266
2093	1253
2094	1353
2095	1301
2096	1237
2097	1222
2098	1249
2099	1299
2100	1290
2101	1342
2102	1290
2103	1281
2104	1234
2105	1245
2106	1269
2107	1301
2108	1288
2109	1243
2110	1346
2111	1317
2112	1291
2113	1302
2114	1350
2115	1259
2116	1298
2117	1282
2118	1308
2119	1284
2120	1214
2121	1296
2122	1235
2123	1252
2124	1235
2125	1336
2126	1305
2127	1232
2128	1290
2129	1256
2130	1312
2131	1300
2132	1341
2133	1233
2134	1298
2135	1214
2136	1239
2137	1198
2138	1321
2139	1272
2140	1281
2141	1244
2142	1289
2143	1347
2144	1310
2145	1239
2146	1259
2147	1319
2148	1263
2149	1310
2150	1250
2151	1251
2152	1243
2153	1304
2154	1231
2155	1260
2156	1210
2157	1245
2158	1274
2159	1273
2160	1294
2161	1277
2162	1277
2163	1275
2164	1208
2165	1269
2166	1297
2167	1321
2168	1301
2169	1267
2170	1268
2171	1192
2172	1252
2173	1237
2174	1243
2175	1195
2176	1247
2177	1288
2178	1269
2179	1248
2180	1208
2181	1247
2182	1228
2183	1202
2184	1216
2185	1188
2186	1219
2187	1218
2188	1215
2189	1307
2190	1286
2191	1268
2192	1184
2193	1214
2194	1266
2195	1257
2196	1206
2197	1173
2198	1174
2199	1185
2200	1210
2201	1186
2202	1216
2203	1282
2204	1191
2205	1238
2206	1252
2207	1247
2208	1215
2209	1193
2210	1231
2211	1289
2212	1186
2213	1278
2214	1185
2215	1183
2216	1310
2217	1194
2218	1201
2219	1241
2220	1154
2221	1211
2222	1253
2223	1208
2224	1190
2225	1172
2226	1224
2227	1220
2228	1241
2229	1252
2230	1233
2231	1208
2232	1159
2233	1215
2234	1208
2235	1177
2236	1205
2237	1194
2238	1218
2239	1212
2240	1216
2241	1220
2242	1231
2243	1153
2244	1135
2245	1200
2246	1177
2247	1203
2248	1220
2249	1223
2250	1186
2251	1197
2252	1137
2253	1133
2254	1212
2255	1194
2256	1198
2257	1189
2258	1202
2259	1163
2260	1166
2261	1148
2262	1154
2263	1192
2264	1185
2265	1156
2266	1165
2267	1212
2268	1174
2269	1136
2270	1122
2271	1179
2272	1189
2273	1180
2274	1126
2275	1116
2276	1172
2277	1145
2278	1172
2279	1152
2280	1166
2281	1148
2282	1172
2283	1204
2284	1111
2285	1116
2286	1074
2287	1105
2288	1147
2289	1125
2290	1162
2291	1180
2292	1125
2293	1124
2294	1063
2295	1153
2296	1139
2297	1116
2298	1102
2299	1202
2300	1129
2301	1108
2302	1125
2303	1178
2304	1116
2305	1057
2306	1077
2307	1128
2308	1123
2309	1144
2310	1133
2311	1075
2312	1102
2313	1113
2314	1191
2315	1069
2316	1100
2317	1107
2318	1101
2319	1101
2320	1094
2321	1070
2322	1116
2323	1137
2324	1083
2325	1055
2326	1130
2327	1109
2328	1163
2329	1179
2330	1076
2331	1071
2332	1123
2333	1094
2334	1057
2335	1030
2336	1125
2337	1082
2338	1072
2339	1065
2340	1113
2341	1088
2342	1144
2343	1071
2344	1081
2345	1104
2346	1071
2347	1147
2348	1073
2349	1083
2350	1024
2351	1109
2352	1079
2353	1116
2354	1029
2355	1086
2356	1030
2357	1062
2358	1035
2359	1021
2360	1041
2361	1146
2362	1064
2363	1029
2364	1031
2365	1080
2366	1016
2367	1035
2368	1014
2369	1030
2370	1080
2371	1035
2372	1034
2373	1027
2374	1085
2375	1047
2376	1000
2377	1035
2378	1036
2379	1012
2380	1036
2381	1025
2382	1088
2383	1036
2384	1035
2385	986
2386	1053
2387	1001
2388	1009
2389	1008
2390	1028
2391	1024
2392	970
2393	990
2394	1029
2395	1020
2396	941
2397	995
2398	1050
2399	1054
2400	1103
2401	1033
2402	1000
2403	1009
2404	1025
2405	1020
2406	1045
2407	991
2408	994
2409	971
2410	991
2411	1005
2412	969
2413	1005
2414	961
2415	1004
2416	988
2417	1053
2418	979
2419	1009
2420	988
2421	1031
2422	1033
2423	990
2424	1024
2425	971
2426	989
2427	969
2428	984
2429	992
2430	980
2431	965
2432	974
2433	1017
2434	1031
2435	976
2436	972
2437	981
2438	956
2439	995
2440	993
2441	912
2442	985
2443	960
2444	925
2445	962
2446	961
2447	913
2448	992
2449	1001
2450	923
2451	1006
2452	929
2453	941
2454	1026
2455	994
2456	992
2457	986
2458	933
2459	920
2460	914
2461	910
2462	986
2463	919
2464	974
2465	951
2466	940
2467	912
2468	862
2469	950
2470	931
2471	918
2472	919
2473	955
2474	960
2475	928
2476	922
2477	946
2478	909
2479	999
2480	943
2481	917
2482	933
2483	887
2484	1014
2485	970
2486	946
2487	938
2488	948
2489	960
2490	967
2491	947
2492	930
2493	937
2494	902
2495	940
2496	924
2497	906
2498	988
2499	929
2500	915
2501	924
2502	918
2503	894
2504	878
2505	912
2506	902
2507	913
2508	962
2509	869
2510	860
2511	914
2512	947
2513	909
2514	876
2515	864
2516	913
2517	904
2518	934
2519	927
2520	876
2521	890
2522	870
2523	894
2524	940
2525	876
2526	873
2527	907
2528	864
2529	880
2530	869
2531	896
2532	901
2533	833
2534	892
2535	826
2536	836
2537	873
2538	895
2539	910
2540	869
2541	870
2542	874
2543	903
2544	878
2545	878
2546	853
2547	870
2548	852
2549	871
2550	902
2551	824
2552	852
2553	859
2554	887
2555	892
2556	854
2557	842
2558	837
2559	874
2560	875
2561	800
2562	822
2563	832
2564	854
2565	817
2566	882
2567	866
2568	868
2569	853
2570	844
2571	848
2572	886
2573	815
2574	870
2575	794
2576	868
2577	824
2578	815
2579	872
2580	872
2581	845
2582	839
2583	820
2584	886
2585	789
2586	818
2587	841
2588	836
2589	872
2590	840
2591	796
2592	845
2593	834
2594	821
2595	782
2596	847
2597	824
2598	859
2599	809
2600	794
2601	792
2602	821
2603	838
2604	821
2605	789
2606	801
2607	844
2608	808
2609	796
2610	811
2611	837
2612	871
2613	789
2614	811
2615	836
2616	776
2617	798
2618	802
2619	798
2620	798
2621	817
2622	741
2623	802
2624	784
2625	798
2626	828
2627	805
2628	780
2629	812
2630	773
2631	785
2632	782
2633	775
2634	762
2635	790
2636	765
2637	762
2638	755
2639	803
2640	785
2641	755
2642	787
2643	793
2644	740
2645	792
2646	759
2647	788
2648	795
2649	809
2650	763
2651	748
2652	712
2653	823
2654	766
2655	794
2656	763
2657	786
2658	791
2659	777
2660	800
2661	774
2662	679
2663	773
2664	781
2665	800
2666	759
2667	778
2668	794
2669	721
2670	789
2671	790
2672	790
2673	745
2674	740
2675	745
2676	716
2677	724
2678	781
2679	742
2680	743
2681	732
2682	766
2683	747
2684	766
2685	741
2686	751
2687	724
2688	707
2689	770
2690	741
2691	712
2692	737
2693	749
2694	722
2695	726
2696	702
2697	726
2698	721
2699	759
2700	757
2701	687
2702	730
2703	724
2704	723
2705	751
2706	702
2707	698
2708	695
2709	724
2710	773
2711	759
2712	720
2713	707
2714	708
2715	721
2716	724
2717	712
2718	771
2719	743
2720	719
2721	741
2722	700
2723	738
2724	712
2725	728
2726	701
2727	692
2728	725
2729	701
2730	688
2731	688
2732	691
2733	710
2734	710
2735	712
2736	719
2737	725
2738	693
2739	692
2740	681
2741	742
2742	717
2743	697
2744	716
2745	672
2746	675
2747	686
2748	693
2749	690
2750	691
2751	704
2752	659
2753	667
2754	653
2755	685
2756	674
2757	737
2758	651
2759	671
2760	677
2761	641
2762	676
2763	676
2764	690
2765	722
2766	692
2767	620
2768	708
2769	698
2770	675
2771	698
2772	648
2773	678
2774	714
2775	682
2776	668
2777	623
2778	647
2779	710
2780	648
2781	695
2782	680
2783	676
2784	656
2785	654
2786	654
2787	695
2788	621
2789	660
2790	736
2791	709
2792	654
2793	625
2794	694
2795	674
2796	660
2797	648
2798	597
2799	649
2800	656
2801	682
2802	670
2803	702
2804	634
2805	626
2806	652
2807	653
2808	633
2809	655
2810	658
2811	653
2812	667
2813	646
2814	635
2815	658
2816	669
2817	623
2818	659
2819	611
2820	611
2821	627
2822	652
2823	657
2824	682
2825	655
2826	649
2827	665
2828	621
2829	666
2830	632
2831	599
2832	654
2833	636
2834	604
2835	677
2836	607
2837	644
2838	630
2839	654
2840	669
2841	609
2842	648
2843	592
2844	628
2845	655
2846	583
2847	609
2848	626
2849	590
2850	623
2851	649
2852	554
2853	620
2854	653
2855	634
2856	635
2857	631
2858	595
2859	605
2860	581
2861	608
2862	593
2863	614
2864	607
2865	627
2866	601
2867	610
2868	617
2869	633
2870	602
2871	612
2872	605
2873	607
2874	592
2875	579
2876	588
2877	624
2878	595
2879	610
2880	548
2881	630
2882	565
2883	624
2884	600
2885	635
2886	617
2887	610
2888	577
2889	575
2890	574
2891	566
2892	592
2893	575
2894	624
2895	610
2896	587
2897	623
2898	642
2899	604
2900	598
2901	622
2902	614
2903	611
2904	580
2905	602
2906	574
2907	590
2908	586
2909	625
2910	554
2911	595
2912	601
2913	625
2914	565
2915	615
2916	565
2917	562
2918	618
2919	620
2920	579
2921	616
2922	610
2923	600
2924	578
2925	568
2926	583
2927	592
2928	589
2929	578
2930	582
2931	608
2932	581
2933	586
2934	577
2935	594
2936	615
2937	582
2938	597
2939	542
2940	586
2941	581
2942	555
2943	585
2944	590
2945	572
2946	528
2947	576
2948	529
2949	566
2950	541
2951	557
2952	552
2953	589
2954	560
2955	555
2956	529
2957	574
2958	536
2959	564
2960	582
2961	616
2962	560
2963	550
2964	580
2965	576
2966	563
2967	517
2968	546
2969	588
2970	521
2971	509
2972	507
2973	555
2974	545
2975	563
2976	542
2977	556
2978	505
2979	546
2980	524
2981	544
2982	495
2983	531
2984	584
2985	572
2986	536
2987	567
2988	541
2989	510
2990	572
2991	534
2992	550
2993	549
2994	526
2995	525
2996	533
2997	498
2998	543
2999	592
3000	547
3001	536
3002	535
3003	564
3004	530
3005	552
3006	552
3007	515
3008	563
3009	519
3010	567
3011	516
3012	579
3013	582
3014	536
3015	555
3016	566
3017	548
3018	530
3019	543
3020	570
3021	522
3022	517
3023	565
3024	573
3025	497
3026	544
3027	519
3028	572
3029	510
3030	519
3031	528
3032	578
3033	532
3034	493
3035	490
3036	506
3037	530
3038	519
3039	511
3040	547
3041	529
3042	560
3043	493
3044	546
3045	567
3046	537
3047	541
3048	519
3049	550
3050	496
3051	515
3052	544
3053	500
3054	543
3055	522
3056	511
3057	500
3058	507
3059	514
3060	557
3061	539
3062	508
3063	536
3064	495
3065	479
3066	520
3067	487
3068	532
3069	529
3070	529
3071	513
3072	479
3073	505
3074	511
3075	532
3076	545
3077	528
3078	533
3079	499
3080	509
3081	512
3082	489
3083	518
3084	481
3085	483
3086	460
3087	548
3088	536
3089	523
3090	506
3091	558
3092	492
3093	475
3094	506
3095	494
3096	547
3097	549
3098	515
3099	509
3100	485
3101	472
3102	476
3103	487
3104	472
3105	526
3106	529
3107	538
3108	513
3109	518
3110	528
3111	523
3112	552
3113	501
3114	522
3115	513
3116	544
3117	486
3118	487
3119	489
3120	481
3121	503
3122	468
3123	521
3124	489
3125	542
3126	504
3127	508
3128	526
3129	504
3130	501
3131	517
3132	480
3133	546
3134	521
3135	545
3136	514
3137	519
3138	539
3139	528
3140	501
3141	508
3142	510
3143	479
3144	505
3145	539
3146	508
3147	497
3148	479
3149	500
3150	493
3151	529
3152	529
3153	463
3154	567
3155	515
3156	559
3157	509
3158	484
3159	477
3160	513
3161	535
3162	486
3163	482
3164	529
3165	493
3166	545
3167	524
3168	508
3169	469
3170	525
3171	510
3172	539
3173	530
3174	494
3175	492
3176	526
3177	501
3178	508
3179	528
3180	489
3181	500
3182	520
3183	519
3184	550
3185	512
3186	529
3187	508
3188	480
3189	527
3190	528
3191	501
3192	543
3193	536
3194	545
3195	527
3196	531
3197	535
3198	511
3199	526
3200	534
3201	520
3202	515
3203	517
3204	506
3205	526
3206	533
3207	524
3208	524
3209	514
3210	542
3211	528
3212	509
3213	503
3214	524
3215	532
3216	527
3217	546
3218	525
3219	519
3220	500
3221	529
3222	502
3223	533
3224	549
3225	523
3226	563
3227	517
3228	578
3229	526
3230	522
3231	552
3232	542
3233	557
3234	489
3235	539
3236	542
3237	527
3238	496
3239	548
3240	532
3241	517
3242	565
3243	530
3244	554
3245	531
3246	538
3247	544
3248	589
3249	512
3250	555
3251	587
3252	568
3253	577
3254	513
3255	555
3256	525
3257	553
3258	578
3259	543
3260	597
3261	601
3262	579
3263	598
3264	513
3265	524
3266	555
3267	562
3268	514
3269	575
3270	589
3271	564
3272	563
3273	603
3274	584
3275	612
3276	575
3277	570
3278	582
3279	621
3280	590
3281	579
3282	529
3283	556
3284	613
3285	600
3286	586
3287	570
3288	577
3289	607
3290	552
3291	582
3292	593
3293	595
3294	596
3295	596
3296	581
3297	596
3298	556
3299	581
3300	552
3301	599
3302	595
3303	593
3304	551
3305	639
3306	594
3307	601
3308	564
3309	593
3310	607
3311	603
3312	569
3313	596
3314	591
3315	642
3316	623
3317	652
3318	595
3319	637
3320	593
3321	608
3322	610
3323	606
3324	606
3325	612
3326	568
3327	622
3328	621
3329	610
3330	653
3331	639
3332	617
3333	634
3334	635
3335	683
3336	646
3337	652
3338	651
3339	637
3340	639
3341	635
3342	642
3343	648
3344	674
3345	626
3346	660
3347	668
3348	650
3349	673
3350	634
3351	667
3352	651
3353	645
3354	630
3355	640
3356	669
3357	670
3358	662
3359	648
3360	650
3361	679
3362	729
3363	674
3364	694
3365	649
3366	613
3367	681
3368	689
3369	649
3370	675
3371	696
3372	680
3373	690
3374	704
3375	696
3376	680
3377	669
3378	709
3379	712
3380	733
3381	659
3382	692
3383	691
3384	707
3385	680
3386	730
3387	759
3388	706
3389	692
3390	686
3391	674
3392	700
3393	714
3394	730
3395	705
3396	757
3397	748
3398	704
3399	698
3400	760
3401	735
3402	734
3403	738
3404	741
3405	716
3406	722
3407	721
3408	693
3409	744
3410	733
3411	673
3412	700
3413	705
3414	755
3415	720
3416	807
3417	769
3418	741
3419	739
3420	723
3421	723
3422	754
3423	767
3424	775
3425	735
3426	782
3427	726
3428	758
3429	784
3430	799
3431	783
3432	804
3433	729
3434	739
3435	816
3436	796
3437	777
3438	770
3439	755
3440	735
3441	812
3442	785
3443	794
3444	799
3445	785
3446	784
3447	840
3448	785
3449	790
3450	762
3451	816
3452	806
3453	814
3454	758
3455	810
3456	851
3457	831
3458	817
3459	833
3460	876
3461	825
3462	790
3463	790
3464	842
3465	818
3466	816
3467	835
3468	829
3469	811
3470	824
3471	870
3472	860
3473	838
3474	848
3475	875
3476	812
3477	830
3478	878
3479	865
3480	876
3481	851
3482	802
3483	856
3484	878
3485	843
3486	889
3487	806
3488	825
3489	903
3490	843
3491	834
3492	902
3493	827
3494	877
3495	865
3496	908
3497	905
3498	877
3499	896
3500	864
3501	921
3502	891
3503	935
3504	921
3505	880
3506	916
3507	916
3508	945
3509	885
3510	942
3511	933
3512	908
3513	882
3514	870
3515	939
3516	908
3517	914
3518	924
3519	929
3520	919
3521	903
3522	929
3523	910
3524	952
3525	920
3526	894
3527	961
3528	950
3529	888
3530	957
3531	976
3532	925
3533	981
3534	953
3535	977
3536	948
3537	919
3538	932
3539	952
3540	943
3541	983
3542	959
3543	971
3544	993
3545	941
3546	1025
3547	973
3548	994
3549	972
3550	1019
3551	944
3552	1006
3553	960
3554	1011
3555	1001
3556	1031
3557	924
3558	1004
3559	985
3560	1027
3561	996
3562	1015
3563	1025
3564	996
3565	1024
3566	1063
3567	1030
3568	1003
3569	1011
3570	956
3571	1012
3572	977
3573	1073
3574	1023
3575	1025
3576	1034
3577	984
3578	1014
3579	1002
3580	1056
3581	982
3582	1003
3583	1090
3584	1012
3585	1092
3586	1058
3587	1010
3588	1060
3589	1033
3590	1036
3591	1093
3592	1044
3593	1042
3594	1019
3595	1112
3596	1040
3597	1134
3598	1064
3599	1067
3600	1014
3601	1041
3602	1095
3603	1057
3604	1074
3605	1028
3606	1105
3607	1098
3608	1106
3609	1056
3610	1127
3611	1081
3612	1024
3613	1069
3614	1055
3615	1134
3616	1143
3617	1107
3618	1128
3619	1080
3620	1085
3621	1064
3622	1141
3623	1117
3624	1109
3625	1115
3626	1131
3627	1148
3628	1134
3629	1141
3630	1156
3631	1144
3632	1180
3633	1107
3634	1129
3635	1096
3636	1104
3637	1166
3638	1147
3639	1122
3640	1213
3641	1070
3642	1165
3643	1187
3644	1159
3645	1134
3646	1154
3647	1182
3648	1080
3649	1136
3650	1134
3651	1198
3652	1146
3653	1099
3654	1199
3655	1130
3656	1159
3657	1133
3658	1162
3659	1172
3660	1143
3661	1184
3662	1198
3663	1192
3664	1182
3665	1184
3666	1184
3667	1193
3668	1184
3669	1204
3670	1192
3671	1143
3672	1322
3673	1231
3674	1262
3675	1206
3676	1151
3677	1234
3678	1219
3679	1231
3680	1245
3681	1125
3682	1242
3683	1241
3684	1167
3685	1236
3686	1174
3687	1211
3688	1308
3689	1251
3690	1259
3691	1286
3692	1225
3693	1248
3694	1252
3695	1182
3696	1259
3697	1222
3698	1233
3699	1214
3700	1225
3701	1196
3702	1216
3703	1314
3704	1279
3705	1263
3706	1249
3707	1254
3708	1254
3709	1218
3710	1215
3711	1340
3712	1260
3713	1297
3714	1247
3715	1251
3716	1305
3717	1292
3718	1271
3719	1256
3720	1239
3721	1262
3722	1250
3723	1272
3724	1299
3725	1289
3726	1305
3727	1254
3728	1245
3729	1350
3730	1317
3731	1256
3732	1252
3733	1313
3734	1275
3735	1306
3736	1329
3737	1273
3738	1324
3739	1391
3740	1365
3741	1302
3742	1312
3743	1249
3744	1351
3745	1320
3746	1317
3747	1327
3748	1358
3749	1318
3750	1320
3751	1313
3752	1358
3753	1397
3754	1323
3755	1306
3756	1317
3757	1337
3758	1385
3759	1308
3760	1368
3761	1316
3762	1363
3763	1318
3764	1403
3765	1364
3766	1311
3767	1341
3768	1363
3769	1327
3770	1404
3771	1327
3772	1325
3773	1262
3774	1374
3775	1346
3776	1349
3777	1330
3778	1376
3779	1306
3780	1371
3781	1287
3782	1368
3783	1413
3784	1390
3785	1291
3786	1357
3787	1367
3788	1293
3789	1340
3790	1365
3791	1304
3792	1367
3793	1288
3794	1405
3795	1379
3796	1334
3797	1356
3798	1356
3799	1396
3800	1310
3801	1358
3802	1354
3803	1302
3804	1325
3805	1368
3806	1355
3807	1352
3808	1454
3809	1404
3810	1361
3811	1425
3812	1388
3813	1368
3814	1355
3815	1367
3816	1459
3817	1317
3818	1339
3819	1375
3820	1313
3821	1427
3822	1402
3823	1414
3824	1396
3825	1400
3826	1404
3827	1386
3828	1339
3829	1392
3830	1384
3831	1479
3832	1418
3833	1371
3834	1367
3835	1379
3836	1399
3837	1354
3838	1365
3839	1413
3840	1392
3841	1377
3842	1371
3843	1417
3844	1402
3845	1420
3846	1380
3847	1405
3848	1358
3849	1404
3850	1341
3851	1352
3852	1352
3853	1429
3854	1371
3855	1371
3856	1400
3857	1452
3858	1363
3859	1317
3860	1404
3861	1433
3862	1369
3863	1393
3864	1393
3865	1334
3866	1401
3867	1372
3868	1424
3869	1487
3870	1344
3871	1401
3872	1365
3873	1402
3874	1376
3875	1402
3876	1468
3877	1434
3878	1388
3879	1418
3880	1434
3881	1316
3882	1365
3883	1368
3884	1446
3885	1420
3886	1407
3887	1361
3888	1389
3889	1362
3890	1390
3891	1403
3892	1438
3893	1426
3894	1336
3895	1381
3896	1409
3897	1438
3898	1371
3899	1393
3900	1427
3901	1379
3902	1475
3903	1405
3904	1435
3905	1370
3906	1352
3907	1444
3908	1370
3909	1374
3910	1392
3911	1386
3912	1403
3913	1361
3914	1390
3915	1444
3916	1313
3917	1346
3918	1357
3919	1393
3920	1434
3921	1326
3922	1347
3923	1377
3924	1347
3925	1331
3926	1365
3927	1461
3928	1412
3929	1400
3930	1339
3931	1388
3932	1351
3933	1399
3934	1434
3935	1449
3936	1436
3937	1311
3938	1334
3939	1380
3940	1357
3941	1417
3942	1434
3943	1411
3944	1398
3945	1340
3946	1415
3947	1457
3948	1420
3949	1369
3950	1335
3951	1318
3952	1343
3953	1358
3954	1381
3955	1391
3956	1358
3957	1363
3958	1401
3959	1393
3960	1366
3961	1364
3962	1391
3963	1393
3964	1330
3965	1376
3966	1414
3967	1406
3968	1374
3969	1399
3970	1383
3971	1443
3972	1351
3973	1419
3974	1318
3975	1353
3976	1428
3977	1334
3978	1412
3979	1325
3980	1314
3981	1341
3982	1335
3983	1333
3984	1432
3985	1350
3986	1396
3987	1357
3988	1394
3989	1315
3990	1346
3991	1364
3992	1341
3993	1345
3994	1364
3995	1311
3996	1308
3997	1424
3998	1307
3999	1420
4000	1324
4001	1346
4002	1289
4003	1327
4004	1344
4005	1384
4006	1344
4007	1381
4008	1398
4009	1320
4010	1291
4011	1369
4012	1376
4013	1339
4014	1353
4015	1404
4016	1410
4017	1341
4018	1394
4019	1253
4020	1360
4021	1351
4022	1327
4023	1375
4024	1311
4025	1346
4026	1312
4027	1371
4028	1333
4029	1313
4030	1351
4031	1249
4032	1366
4033	1361
4034	1290
4035	1308
4036	1382
4037	1369
4038	1315
4039	1285
4040	1350
4041	1372
4042	1373
4043	1293
4044	1408
4045	1338
4046	1376
4047	1389
4048	1350
4049	1317
4050	1315
4051	1307
4052	1336
4053	1350
4054	1253
4055	1357
4056	1368
4057	1334
4058	1421
4059	1376
4060	1347
4061	1414
4062	1304
4063	1369
4064	1342
4065	1440
4066	1360
4067	1378
4068	1322
4069	1374
4070	1291
4071	1346
4072	1358
4073	1319
4074	1364
4075	1357
4076	1368
4077	1298
4078	1331
4079	1354
4080	1345
4081	1316
4082	1317
4083	1320
4084	1364
4085	1328
4086	1363
4087	1343
4088	1319
4089	1428
4090	1267
4091	1370
4092	1398
4093	1385
4094	1399
4095	1365
4096	1337
4097	1399
4098	1367
4099	1324
4100	1382
4101	1422
4102	1336
4103	1319
4104	1294
4105	1349
4106	1332
4107	1386
4108	1369
4109	1431
4110	1339
4111	1359
4112	1391
4113	1353
4114	1373
4115	1354
4116	1370
4117	1405
4118	1382
4119	1372
4120	1395
4121	1357
4122	1333
4123	1386
4124	1461
4125	1398
4126	1332
4127	1394
4128	1375
4129	1458
4130	1407
4131	1416
4132	1310
4133	1403
4134	1394
4135	1284
4136	1414
4137	1467
4138	1384
4139	1408
4140	1479
4141	1362
4142	1402
4143	1357
4144	1434
4145	1445
4146	1416
4147	1460
4148	1430
4149	1460
4150	1343
4151	1458
4152	1322
4153	1439
4154	1513
4155	1437
4156	1442
4157	1433
4158	1440
4159	1474
4160	1496
4161	1391
4162	1410
4163	1499
4164	1444
4165	1402
4166	1452
4167	1442
4168	1441
4169	1438
4170	1468
4171	1447
4172	1521
4173	1508
4174	1485
4175	1543
4176	1484
4177	1491
4178	1502
4179	1505
4180	1517
4181	1498
4182	1460
4183	1535
4184	1494
4185	1484
4186	1512
4187	1479
4188	1498
4189	1483
4190	1506
4191	1517
4192	1538
4193	1537
4194	1529
4195	1535
4196	1559
4197	1564
4198	1578
4199	1607
4200	1611
4201	1537
4202	1451
4203	1548
4204	1561
4205	1621
4206	1614
4207	1572
4208	1589
4209	1632
4210	1578
4211	1584
4212	1607
4213	1596
4214	1648
4215	1648
4216	1599
4217	1591
4218	1561
4219	1607
4220	1635
4221	1619
4222	1649
4223	1617
4224	1618
4225	1645
4226	1611
4227	1638
4228	1619
4229	1710
4230	1665
4231	1649
4232	1654
4233	1660
4234	1670
4235	1702
4236	1720
4237	1647
4238	1736
4239	1747
4240	1714
4241	1714
4242	1721
4243	1762
4244	1708
4245	1695
4246	1680
4247	1817
4248	1775
4249	1750
4250	1758
4251	1713
4252	1717
4253	1700
4254	1735
4255	1795
4256	1720
4257	1700
4258	1788
4259	1757
4260	1676
4261	1809
4262	1754
4263	1806
4264	1806
4265	1799
4266	1802
4267	1759
4268	1812
4269	1848
4270	1844
4271	1800
4272	1821
4273	1843
4274	1845
4275	1924
4276	1869
4277	1797
4278	1814
4279	1926
4280	1886
4281	1824
4282	1822
4283	1918
4284	1902
4285	1834
4286	1872
4287	1893
4288	1937
4289	1827
4290	1909
4291	2001
4292	1843
4293	1961
4294	1925
4295	1959
4296	1910
4297	1915
4298	1959
4299	1960
4300	2001
4301	2054
4302	2038
4303	1938
4304	1985
4305	2014
4306	2037
4307	1971
4308	1913
4309	1956
4310	2115
4311	2088
4312	2097
4313	1974
4314	2019
4315	2071
4316	2075
4317	2046
4318	2084
4319	2060
4320	2080
4321	2082
4322	2048
4323	2080
4324	2152
4325	2045
4326	2036
4327	2064
4328	2206
4329	1979
4330	2150
4331	2093
4332	2155
4333	2194
4334	2082
4335	2146
4336	2128
4337	2140
4338	2144
4339	2128
4340	2207
4341	2212
4342	2172
4343	2126
4344	2096
4345	2168
4346	2190
4347	2150
4348	2147
4349	2143
4350	2169
4351	2278
4352	2254
4353	2331
4354	2306
4355	2188
4356	2284
4357	2225
4358	2257
4359	2271
4360	2248
4361	2253
4362	2427
4363	2318
4364	2306
4365	2350
4366	2288
4367	2284
4368	2307
4369	2255
4370	2324
4371	2323
4372	2332
4373	2335
4374	2297
4375	2433
4376	2326
4377	2391
4378	2332
4379	2285
4380	2387
4381	2361
4382	2331
4383	2333
4384	2320
4385	2489
4386	2456
4387	2393
4388	2382
4389	2286
4390	2505
4391	2323
4392	2408
4393	2460
4394	2416
4395	2447
4396	2449
4397	2470
4398	2510
4399	2377
4400	2468
4401	2444
4402	2479
4403	2509
4404	2470
4405	2492
4406	2455
4407	2477
4408	2505
4409	2545
4410	2425
4411	2560
4412	2603
4413	2493
4414	2530
4415	2529
4416	2549
4417	2576
4418	2542
4419	2566
4420	2532
4421	2595
4422	2537
4423	2448
4424	2550
4425	2498
4426	2568
4427	2569
4428	2634
4429	2597
4430	2608
4431	2684
4432	2654
4433	2575
4434	2606
4435	2585
4436	2619
4437	2688
4438	2676
4439	2660
4440	2608
4441	2666
4442	2572
4443	2638
4444	2704
4445	2665
4446	2744
4447	2693
4448	2641
4449	2659
4450	2719
4451	2693
4452	2638
4453	2634
4454	2714
4455	2742
4456	2685
4457	2633
4458	2706
4459	2776
4460	2741
4461	2775
4462	2684
4463	2706
4464	2673
4465	2734
4466	2773
4467	2736
4468	2768
4469	2770
4470	2857
4471	2827
4472	2681
4473	2792
4474	2676
4475	2731
4476	2813
4477	2825
4478	2786
4479	2728
4480	2738
4481	2750
4482	2800
4483	2783
4484	2701
4485	2777
4486	2808
4487	2862
4488	2772
4489	2756
4490	2817
4491	2871
4492	2809
4493	2736
4494	2984
4495	2812
4496	2866
4497	2878
4498	2865
4499	2761
4500	2880
4501	2904
4502	2785
4503	2886
4504	2837
4505	2799
4506	2861
4507	2859
4508	2938
4509	2880
4510	2945
4511	2866
4512	2885
4513	2872
4514	2843
4515	2872
4516	2843
4517	2852
4518	2871
4519	2868
4520	2850
4521	2761
4522	2877
4523	2816
4524	2879
4525	2987
4526	2916
4527	2960
4528	3027
4529	2775
4530	2929
4531	2891
4532	2819
4533	2824
4534	2865
4535	2922
4536	2990
4537	2890
4538	2885
4539	2911
4540	2886
4541	2810
4542	2953
4543	2850
4544	2868
4545	2879
4546	3027
4547	2934
4548	2904
4549	2905
4550	2879
4551	2864
4552	2876
4553	3020
4554	2991
4555	3000
4556	2920
4557	2917
4558	2945
4559	2939
4560	2921
4561	2985
4562	2985
4563	2969
4564	2951
4565	2862
4566	2901
4567	2908
4568	2985
4569	2915
4570	2922
4571	2987
4572	3002
4573	2912
4574	2957
4575	2863
4576	2903
4577	2943
4578	2873
4579	2888
4580	2995
4581	2995
4582	3029
4583	2901
4584	2906
4585	2898
4586	2820
4587	2945
4588	2853
4589	2930
4590	2845
4591	2939
4592	3065
4593	2901
4594	2945
4595	3006
4596	2933
4597	2915
4598	2988
4599	2882
4600	3043
4601	3028
4602	2996
4603	2941
4604	2862
4605	2982
4606	2937
4607	2885
4608	2891
4609	2800
4610	2878
4611	2927
4612	2929
4613	2895
4614	2997
4615	2909
4616	2840
4617	2834
4618	2753
4619	2882
4620	2885
4621	2823
4622	2898
4623	2865
4624	2879
4625	2959
4626	2873
4627	2790
4628	2873
4629	2927
4630	2801
4631	2836
4632	2936
4633	2762
4634	2940
4635	2880
4636	2866
4637	2832
4638	2844
4639	2866
4640	2856
4641	2861
4642	2764
4643	2900
4644	2769
4645	2840
4646	2892
4647	2808
4648	2798
4649	2790
4650	2847
4651	2815
4652	2883
4653	2867
4654	2763
4655	2827
4656	2794
4657	2873
4658	2887
4659	2755
4660	2746
4661	2763
4662	2770
4663	2789
4664	2792
4665	2823
4666	2794
4667	2816
4668	2830
4669	2848
4670	2795
4671	2715
4672	2745
4673	2805
4674	2721
4675	2781
4676	2707
4677	2719
4678	2815
4679	2688
4680	2835
4681	2686
4682	2683
4683	2754
4684	2647
4685	2767
4686	2726
4687	2651
4688	2662
4689	2660
4690	2790
4691	2688
4692	2706
4693	2717
4694	2732
4695	2651
4696	2690
4697	2746
4698	2704
4699	2632
4700	2714
4701	2643
4702	2707
4703	2708
4704	2672
4705	2725
4706	2690
4707	2673
4708	2636
4709	2582
4710	2557
4711	2640
4712	2629
4713	2615
4714	2602
4715	2655
4716	2549
4717	2661
4718	2586
4719	2622
4720	2645
4721	2482
4722	2599
4723	2711
4724	2533
4725	2604
4726	2430
4727	2665
4728	2496
4729	2563
4730	2580
4731	2518
4732	2575
4733	2575
4734	2567
4735	2593
4736	2465
4737	2504
4738	2512
4739	2460
4740	2597
4741	2524
4742	2563
4743	2460
4744	2520
4745	2433
4746	2506
4747	2469
4748	2455
4749	2459
4750	2576
4751	2484
4752	2403
4753	2480
4754	2471
4755	2437
4756	2507
4757	2562
4758	2504
4759	2468
4760	2400
4761	2451
4762	2446
4763	2353
4764	2410
4765	2459
4766	2424
4767	2359
4768	2394
4769	2263
4770	2411
4771	2326
4772	2418
4773	2368
4774	2414
4775	2353
4776	2328
4777	2392
4778	2388
4779	2341
4780	2383
4781	2280
4782	2323
4783	2412
4784	2363
4785	2377
4786	2285
4787	2385
4788	2381
4789	2349
4790	2283
4791	2308
4792	2288
4793	2305
4794	2285
4795	2285
4796	2218
4797	2256
4798	2288
4799	2227
4800	2229
4801	2205
4802	2320
4803	2246
4804	2131
4805	2234
4806	2250
4807	2285
4808	2290
4809	2241
4810	2223
4811	2175
4812	2216
4813	2140
4814	2255
4815	2208
4816	2062
4817	2170
4818	2216
4819	2135
4820	2120
4821	2149
4822	2143
4823	2066
4824	2145
4825	2084
4826	2058
4827	2114
4828	2104
4829	2132
4830	2057
4831	2033
4832	2219
4833	2087
4834	2148
4835	2092
4836	2056
4837	2105
4838	2060
4839	2043
4840	2095
4841	2004
4842	1996
4843	2131
4844	2001
4845	2123
4846	2097
4847	2092
4848	2052
4849	2012
4850	2050
4851	2003
4852	1994
4853	1960
4854	1957
4855	1973
4856	1984
4857	2029
4858	2066
4859	1988
4860	1988
4861	2086
4862	2022
4863	1987
4864	1902
4865	2060
4866	1938
4867	1936
4868	1926
4869	1970
4870	1901
4871	1902
4872	1884
4873	1932
4874	1888
4875	1959
4876	1929
4877	1792
4878	1930
4879	1850
4880	1941
4881	1868
4882	1961
4883	1913
4884	1820
4885	1800
4886	1851
4887	1889
4888	1883
4889	1875
4890	1876
4891	1827
4892	1796
4893	1878
4894	1844
4895	1793
4896	1823
4897	1849
4898	1796
4899	1802
4900	1807
4901	1824
4902	1782
4903	1691
4904	1776
4905	1841
4906	1836
4907	1752
4908	1815
4909	1747
4910	1724
4911	1794
4912	1767
4913	1700
4914	1736
4915	1718
4916	1741
4917	1763
4918	1707
4919	1708
4920	1726
4921	1680
4922	1670
4923	1684
4924	1699
4925	1654
4926	1694
4927	1710
4928	1714
4929	1707
4930	1648
4931	1643
4932	1637
4933	1737
4934	1632
4935	1723
4936	1618
4937	1590
4938	1614
4939	1634
4940	1555
4941	1634
4942	1602
4943	1708
4944	1700
4945	1645
4946	1605
4947	1608
4948	1634
4949	1620
4950	1597
4951	1561
4952	1637
4953	1532
4954	1562
4955	1606
4956	1602
4957	1581
4958	1576
4959	1525
4960	1549
4961	1495
4962	1537
4963	1576
4964	1490
4965	1471
4966	1528
4967	1538
4968	1496
4969	1510
4970	1444
4971	1481
4972	1572
4973	1490
4974	1459
4975	1579
4976	1467
4977	1470
4978	1503
4979	1525
4980	1457
4981	1421
4982	1431
4983	1473
4984	1474
4985	1395
4986	1463
4987	1447
4988	1447
4989	1453
4990	1438
4991	1415
4992	1414
4993	1393
4994	1406
4995	1427
4996	1395
4997	1456
4998	1434
4999	1377
5000	1420
5001	1355
5002	1392
5003	1351
5004	1351
5005	1396
5006	1391
5007	1344
5008	1302
5009	1346
5010	1341
5011	1400
5012	1276
5013	1345
5014	1329
5015	1369
5016	1336
5017	1348
5018	1262
5019	1338
5020	1348
5021	1334
5022	1321
5023	1259
5024	1322
5025	1238
5026	1375
5027	1275
5028	1274
5029	1293
5030	1286
5031	1246
5032	1246
5033	1330
5034	1307
5035	1288
5036	1296
5037	1241
5038	1212
5039	1318
5040	1212
5041	1278
5042	1278
5043	1165
5044	1298
5045	1266
5046	1187
5047	1192
5048	1210
5049	1225
5050	1176
5051	1199
5052	1228
5053	1231
5054	1223
5055	1179
5056	1221
5057	1259
5058	1177
5059	1130
5060	1172
5061	1126
5062	1216
5063	1144
5064	1188
5065	1181
5066	1078
5067	1097
5068	1118
5069	1215
5070	1184
5071	1149
5072	1162
5073	1131
5074	1147
5075	1069
5076	1100
5077	1136
5078	1070
5079	1114
5080	1094
5081	1153
5082	1120
5083	1126
5084	1092
5085	1163
5086	1104
5087	1117
5088	1142
5089	1048
5090	1093
5091	1090
5092	1052
5093	1138
5094	1053
5095	1072
5096	1062
5097	1097
5098	1093
5099	986
5100	1106
5101	1035
5102	1111
5103	1092
5104	1079
5105	1076
5106	1058
5107	1042
5108	1043
5109	1010
5110	1001
5111	1090
5112	1046
5113	1010
5114	1034
5115	1030
5116	984
5117	1006
5118	1068
5119	992
5120	1030
5121	1000
5122	923
5123	1007
5124	959
5125	1005
5126	994
5127	958
5128	995
5129	934
5130	943
5131	979
5132	974
5133	952
5134	962
5135	947
5136	952
5137	915
5138	955
5139	979
5140	945
5141	921
5142	935
5143	970
5144	953
5145	937
5146	917
5147	1004
5148	911
5149	896
5150	922
5151	948
5152	970
5153	901
5154	940
5155	951
5156	941
5157	898
5158	914
5159	882
5160	900
5161	894
5162	908
5163	907
5164	952
5165	885
5166	846
5167	861
5168	899
5169	888
5170	831
5171	842
5172	877
5173	890
5174	828
5175	851
5176	840
5177	879
5178	890
5179	832
5180	820
5181	818
5182	872
5183	912
5184	857
5185	865
5186	853
5187	853
5188	817
5189	788
5190	837
5191	837
5192	818
5193	789
5194	829
5195	819
5196	784
5197	841
5198	811
5199	800
5200	862
5201	876
5202	799
5203	836
5204	775
5205	764
5206	777
5207	775
5208	788
5209	795
5210	832
5211	765
5212	765
5213	810
5214	775
5215	761
5216	772
5217	764
5218	748
5219	761
5220	777
5221	736
5222	745
5223	727
5224	747
5225	789
5226	750
5227	728
5228	760
5229	742
5230	758
5231	741
5232	721
5233	751
5234	813
5235	725
5236	771
5237	748
5238	794
5239	720
5240	685
5241	722
5242	688
5243	716
5244	716
5245	731
5246	700
5247	726
5248	695
5249	640
5250	698
5251	748
5252	685
5253	670
5254	715
5255	650
5256	684
5257	677
5258	694
5259	657
5260	654
5261	660
5262	693
5263	678
5264	702
5265	723
5266	642
5267	710
5268	700
5269	712
5270	689
5271	698
5272	619
5273	635
5274	682
5275	675
5276	658
5277	694
5278	682
5279	628
5280	647
5281	616
5282	627
5283	638
5284	670
5285	615
5286	615
5287	666
5288	628
5289	698
5290	659
5291	644
5292	659
5293	655
5294	655
5295	614
5296	612
5297	641
5298	624
5299	633
5300	594
5301	611
5302	604
5303	625
5304	649
5305	603
5306	626
5307	625
5308	612
5309	644
5310	612
5311	601
5312	555
5313	598
5314	613
5315	617
5316	624
5317	579
5318	619
5319	633
5320	572
5321	561
5322	578
5323	575
5324	571
5325	598
5326	543
5327	580
5328	609
5329	585
5330	644
5331	554
5332	584
5333	563
5334	594
5335	564
5336	548
5337	589
5338	534
5339	534
5340	578
5341	566
5342	576
5343	571
5344	554
5345	540
5346	573
5347	553
5348	569
5349	563
5350	561
5351	528
5352	537
5353	559
5354	588
5355	500
5356	496
5357	553
5358	542
5359	563
5360	543
5361	533
5362	572
5363	535
5364	565
5365	575
5366	541
5367	505
5368	560
5369	554
5370	525
5371	519
5372	509
5373	566
5374	533
5375	518
5376	494
5377	509
5378	475
5379	529
5380	506
5381	535
5382	499
5383	477
5384	535
5385	538
5386	515
5387	494
5388	554
5389	546
5390	510
5391	527
5392	517
5393	499
5394	474
5395	551
5396	526
5397	457
5398	513
5399	469
5400	499
5401	526
5402	469
5403	515
5404	495
5405	502
5406	449
5407	514
5408	469
5409	458
5410	498
5411	488
5412	489
5413	484
5414	493
5415	526
5416	475
5417	501
5418	492
5419	514
5420	499
5421	510
5422	482
5423	447
5424	500
5425	494
5426	504
5427	431
5428	506
5429	476
5430	496
5431	468
5432	470
5433	457
5434	420
5435	470
5436	485
5437	467
5438	456
5439	468
5440	450
5441	491
5442	482
5443	476
5444	481
5445	440
5446	458
5447	454
5448	435
5449	499
5450	456
5451	495
5452	450
5453	460
5454	483
5455	454
5456	465
5457	440
5458	445
5459	430
5460	439
5461	453
5462	459
5463	449
5464	429
5465	433
5466	444
5467	459
5468	435
5469	473
5470	452
5471	457
5472	429
5473	491
5474	449
5475	425
5476	413
5477	433
5478	452
5479	454
5480	434
5481	418
5482	465
5483	439
5484	435
5485	427
5486	444
5487	441
5488	470
5489	444
5490	396
5491	439
5492	446
5493	458
5494	435
5495	459
5496	435
5497	450
5498	427
5499	453
5500	422
5501	400
5502	452
5503	458
5504	428
5505	397
5506	413
5507	430
5508	389
5509	450
5510	433
5511	413
5512	439
5513	423
5514	466
5515	430
5516	442
5517	456
5518	436
5519	415
5520	432
5521	423
5522	402
5523	414
5524	420
5525	415
5526	448
5527	426
5528	401
5529	401
5530	425
5531	414
5532	393
5533	388
5534	432
5535	456
5536	427
5537	405
5538	406
5539	429
5540	432
5541	397
5542	388
5543	384
5544	445
5545	400
5546	427
5547	402
5548	414
5549	408
5550	426
5551	361
5552	410
5553	390
5554	439
5555	421
5556	404
5557	384
5558	365
5559	409
5560	420
5561	428
5562	463
5563	435
5564	392
5565	421
5566	440
5567	384
5568	442
5569	391
5570	407
5571	390
5572	451
5573	412
5574	392
5575	412
5576	362
5577	420
5578	416
5579	418
5580	387
5581	411
5582	445
5583	362
5584	376
5585	405
5586	412
5587	413
5588	413
5589	420
5590	419
5591	413
5592	409
5593	426
5594	440
5595	409
5596	428
5597	387
5598	455
5599	388
5600	399
5601	413
5602	409
5603	406
5604	376
5605	423
5606	398
5607	379
5608	415
5609	398
5610	414
5611	389
5612	389
5613	415
5614	428
5615	380
5616	408
5617	411
5618	404
5619	355
5620	398
5621	358
5622	375
5623	375
5624	394
5625	380
5626	393
5627	380
5628	393
5629	372
5630	380
5631	404
5632	366
5633	380
5634	367
5635	391
5636	399
5637	430
5638	398
5639	390
5640	383
5641	376
5642	385
5643	321
5644	413
5645	386
5646	377
5647	361
5648	360
5649	370
5650	382
5651	390
5652	370
5653	397
5654	387
5655	337
5656	405
5657	373
5658	355
5659	417
5660	381
5661	381
5662	413
5663	373
5664	396
5665	351
5666	403
5667	372
5668	378
5669	351
5670	379
5671	400
5672	366
5673	352
5674	400
5675	364
5676	336
5677	400
5678	386
5679	346
5680	409
5681	337
5682	392
5683	400
5684	398
5685	365
5686	390
5687	385
5688	348
5689	380
5690	367
5691	425
5692	365
5693	365
5694	368
5695	351
5696	380
5697	349
5698	356
5699	350
5700	390
5701	355
5702	381
5703	356
5704	368
5705	362
5706	383
5707	335
5708	383
5709	367
5710	384
5711	373
5712	382
5713	367
5714	344
5715	361
5716	388
5717	364
5718	384
5719	359
5720	364
5721	330
5722	363
5723	367
5724	332
5725	363
5726	392
5727	357
5728	353
5729	360
5730	357
5731	347
5732	351
5733	376
5734	348
5735	364
5736	341
5737	335
5738	339
5739	334
5740	327
5741	293
5742	349
5743	350
5744	339
5745	350
5746	363
5747	355
5748	365
5749	331
5750	357
5751	343
5752	374
5753	323
5754	338
5755	351
5756	356
5757	370
5758	356
5759	340
5760	318
5761	337
5762	321
5763	329
5764	349
5765	360
5766	346
5767	332
5768	347
5769	337
5770	347
5771	315
5772	360
5773	338
5774	287
5775	334
5776	339
5777	329
5778	317
5779	310
5780	340
5781	354
5782	328
5783	316
5784	311
5785	357
5786	342
5787	341
5788	341
5789	337
5790	315
5791	307
5792	325
5793	336
5794	343
5795	343
5796	324
5797	300
5798	331
5799	316
5800	344
5801	347
5802	314
5803	313
5804	317
5805	334
5806	302
5807	305
5808	307
5809	322
5810	319
5811	335
5812	297
5813	298
5814	314
5815	307
5816	331
5817	350
5818	333
5819	320
5820	314
5821	311
5822	329
5823	327
5824	311
5825	293
5826	294
5827	284
5828	314
5829	303
5830	308
5831	288
5832	325
5833	300
5834	297
5835	312
5836	313
5837	334
5838	325
5839	283
5840	277
5841	294
5842	311
5843	295
5844	301
5845	287
5846	310
5847	291
5848	322
5849	289
5850	300
5851	291
5852	313
5853	292
5854	267
5855	262
5856	289
5857	295
5858	286
5859	308
5860	269
5861	289
5862	280
5863	262
5864	270
5865	281
5866	274
5867	273
5868	291
5869	276
5870	294
5871	275
5872	274
5873	310
5874	288
5875	259
5876	281
5877	272
5878	236
5879	272
5880	289
5881	342
5882	284
5883	269
5884	237
5885	276
5886	261
5887	281
5888	272
5889	280
5890	288
5891	271
5892	241
5893	271
5894	290
5895	277
5896	289
5897	281
5898	263
5899	259
5900	252
5901	262
5902	270
5903	261
5904	246
5905	277
5906	281
5907	267
5908	270
5909	244
5910	271
5911	237
5912	287
5913	263
5914	256
5915	257
5916	280
5917	280
5918	238
5919	258
5920	260
5921	262
5922	270
5923	253
5924	260
5925	274
5926	276
5927	284
5928	262
5929	251
5930	238
5931	243
5932	264
5933	278
5934	241
5935	245
5936	223
5937	265
5938	246
5939	218
5940	222
5941	242
5942	256
5943	239
5944	277
5945	244
5946	246
5947	230
5948	240
5949	243
5950	251
5951	242
5952	232
5953	244
5954	205
5955	247
5956	226
5957	242
5958	233
5959	246
5960	242
5961	217
5962	208
5963	228
5964	221
5965	226
5966	216
5967	219
5968	282
5969	209
5970	229
5971	234
5972	208
5973	202
5974	214
5975	179
5976	195
5977	212
5978	223
5979	227
5980	219
5981	215
5982	260
5983	221
5984	214
5985	227
5986	211
5987	211
5988	212
5989	212
5990	210
5991	224
5992	204
5993	204
5994	220
5995	226
5996	195
5997	224
5998	231
5999	195
6000	199
6001	216
6002	218
6003	199
6004	216
6005	220
6006	191
6007	210
6008	207
6009	226
6010	201
6011	192
6012	211
6013	185
6014	211
6015	217
6016	185
6017	216
6018	184
6019	220
6020	193
6021	197
6022	183
6023	180
6024	196
6025	192
6026	217
6027	196
6028	163
6029	182
6030	167
6031	172
6032	174
6033	196
6034	198
6035	188
6036	190
6037	215
6038	161
6039	215
6040	204
6041	192
6042	171
6043	193
6044	191
6045	184
6046	183
6047	171
6048	186
6049	175
6050	186
6051	171
6052	178
6053	168
6054	187
6055	198
6056	168
6057	175
6058	175
6059	198
6060	166
6061	163
6062	172
6063	172
6064	153
6065	187
6066	179
6067	175
6068	175
6069	153
6070	159
6071	160
6072	167
6073	160
6074	166
6075	161
6076	156
6077	155
6078	189
6079	156
6080	173
6081	157
6082	176
6083	182
6084	144
6085	168
6086	175
6087	150
6088	179
6089	152
6090	152
6091	145
6092	151
6093	174
6094	154
6095	149
6096	148
6097	176
6098	149
6099	129
6100	155
6101	155
6102	128
6103	147
6104	165
6105	147
6106	151
6107	148
6108	136
6109	137
6110	154
6111	143
6112	165
6113	159
6114	154
6115	133
6116	139
6117	154
6118	135
6119	146
6120	134
6121	133
6122	137
6123	157
6124	129
6125	147
6126	143
6127	142
6128	151
6129	126
6130	155
6131	114
6132	130
6133	128
6134	120
6135	113
6136	142
6137	126
6138	145
6139	127
6140	132
6141	123
6142	151
6143	128
6144	149
6145	135
6146	138
6147	117
6148	158
6149	120
6150	132
6151	128
6152	122
6153	121
6154	107
6155	132
6156	127
6157	119
6158	128
6159	126
6160	125
6161	113
6162	129
6163	132
6164	117
6165	119
6166	129
6167	121
6168	122
6169	126
6170	106
6171	107
6172	114
6173	120
6174	121
6175	145
6176	112
6177	133
6178	114
6179	114
6180	109
6181	108
6182	100
6183	112
6184	118
6185	111
6186	136
6187	107
6188	130
6189	107
6190	118
6191	120
6192	115
6193	118
6194	107
6195	126
6196	125
6197	105
6198	120
6199	116
6200	106
6201	99
6202	125
6203	97
6204	101
6205	87
6206	103
6207	87
6208	90
6209	89
6210	98
6211	113
6212	94
6213	108
6214	102
6215	115
6216	116
6217	105
6218	114
6219	98
6220	93
6221	89
6222	84
6223	101
6224	100
6225	81
6226	127
6227	95
6228	88
6229	81
6230	95
6231	110
6232	99
6233	114
6234	107
6235	95
6236	105
6237	97
6238	105
6239	96
6240	90
6241	102
6242	77
6243	79
6244	103
6245	83
6246	102
6247	92
6248	90
6249	95
6250	85
6251	93
6252	62
6253	93
6254	101
6255	95
6256	80
6257	97
6258	91
6259	104
6260	98
6261	85
6262	97
6263	66
6264	71
6265	85
6266	89
6267	98
6268	72
6269	68
6270	90
6271	85
6272	99
6273	86
6274	82
6275	78
6276	80
6277	79
6278	74
6279	78
6280	78
6281	91
6282	91
6283	85
6284	66
6285	82
6286	82
6287	77
6288	68
6289	70
6290	89
6291	82
6292	61
6293	73
6294	81
6295	74
6296	71
6297	90
6298	100
6299	84
6300	71
6301	78
6302	75
6303	74
6304	68
6305	79
6306	86
6307	64
6308	65
6309	63
6310	63
6311	79
6312	67
6313	78
6314	80
6315	80
6316	87
6317	68
6318	74
6319	63
6320	68
6321	72
6322	64
6323	47
6324	74
6325	79
6326	62
6327	73
6328	70
6329	68
6330	88
6331	76
6332	64
6333	66
6334	75
6335	75
6336	70
6337	64
6338	83
6339	76
6340	64
6341	64
6342	74
6343	64
6344	69
6345	57
6346	80
6347	60
6348	63
6349	65
6350	69
6351	66
6352	66
6353	71
6354	73
6355	59
6356	56
6357	55
6358	44
6359	63
6360	84
6361	48
6362	54
6363	66
6364	61
6365	69
6366	51
6367	56
6368	61
6369	63
6370	58
6371	64
6372	64
6373	61
6374	58
6375	60
6376	51
6377	54
6378	52
6379	63
6380	53
6381	62
6382	68
6383	64
6384	66
6385	58
6386	44
6387	63
6388	70
6389	69
6390	55
6391	67
6392	62
6393	61
6394	57
6395	55
6396	60
6397	60
6398	59
6399	56
6400	61
6401	68
6402	51
6403	55
6404	58
6405	69
6406	59
6407	46
6408	43
6409	65
6410	43
6411	58
6412	50
6413	61
6414	52
6415	42
6416	55
6417	59
6418	61
6419	72
6420	51
6421	48
6422	45
6423	54
6424	50
6425	54
6426	43
6427	59
6428	41
6429	48
6430	57
6431	63
6432	49
6433	57
6434	54
6435	61
6436	54
6437	43
6438	61
6439	65
6440	65
6441	60
6442	50
6443	63
6444	42
6445	43
6446	56
6447	55
6448	48
6449	50
6450	48
6451	35
6452	55
6453	35
6454	55
6455	63
6456	48
6457	55
6458	53
6459	54
6460	35
6461	51
6462	51
6463	43
6464	48
6465	62
6466	36
6467	42
6468	51
6469	48
6470	33
6471	44
6472	44
6473	50
6474	42
6475	41
6476	41
6477	52
6478	50
6479	54
6480	51
6481	41
6482	49
6483	43
6484	42
6485	46
6486	57
6487	39
6488	46
6489	49
6490	57
6491	37
6492	49
6493	42
6494	49
6495	35
6496	49
6497	39
6498	55
6499	46
6500	42
6501	29
6502	42
6503	34
6504	38
6505	42
6506	42
6507	35
6508	43
6509	36
6510	39
6511	49
6512	39
6513	34
6514	50
6515	39
6516	36
6517	36
6518	33
6519	44
6520	39
6521	43
6522	47
6523	38
6524	27
6525	35
6526	38
6527	42
6528	28
6529	44
6530	54
6531	41
6532	34
6533	42
6534	56
6535	42
6536	45
6537	48
6538	39
6539	49
6540	43
6541	36
6542	40
6543	40
6544	35
6545	39
6546	40
6547	40
6548	37
6549	30
6550	36
6551	39
6552	29
6553	30
6554	28
6555	31
6556	32
6557	39
6558	36
6559	36
6560	45
6561	36
6562	43
6563	38
6564	39
6565	41
6566	30
6567	38
6568	45
6569	34
6570	37
6571	28
6572	44
6573	30
6574	35
6575	31
6576	42
6577	33
6578	47
6579	41
6580	27
6581	39
6582	37
6583	42
6584	35
6585	37
6586	36
6587	30
6588	22
6589	46
6590	37
6591	27
6592	32
6593	42
6594	38
6595	36
6596	33
6597	32
6598	37
6599	36
6600	27
6601	29
6602	30
6603	30
6604	44
6605	39
6606	32
6607	28
6608	32
6609	35
6610	27
6611	27
6612	42
6613	26
6614	33
6615	27
6616	34
6617	40
6618	33
6619	38
6620	41
6621	24
6622	26
6623	25
6624	29
6625	28
6626	36
6627	33
6628	31
6629	26
6630	44
6631	42
6632	41
6633	42
6634	34
6635	28
6636	32
6637	37
6638	33
6639	25
6640	39
6641	27
6642	25
6643	25
6644	38
6645	32
6646	34
6647	29
6648	23
6649	30
6650	33
6651	32
6652	24
6653	28
6654	23
6655	33
6656	26
6657	29
6658	27
6659	35
6660	24
6661	37
6662	33
6663	29
6664	33
6665	26
6666	34
6667	34
6668	29
6669	31
6670	32
6671	32
6672	24
6673	24
6674	17
6675	27
6676	33
6677	24
6678	37
6679	25
6680	32
6681	30
6682	24
6683	27
6684	19
6685	33
6686	26
6687	26
6688	25
6689	27
6690	23
6691	26
6692	27
6693	36
6694	35
6695	26
6696	30
6697	30
6698	30
6699	30
6700	27
6701	31
6702	22
6703	25
6704	23
6705	27
6706	23
6707	33
6708	18
6709	28
6710	37
6711	27
6712	26
6713	38
6714	24
6715	44
6716	23
6717	22
6718	35
6719	33
6720	19
6721	27
6722	23
6723	16
6724	22
6725	30
6726	21
6727	34
6728	22
6729	23
6730	36
6731	31
6732	21
6733	35
6734	20
6735	37
6736	24
6737	24
6738	24
6739	33
6740	30
6741	24
6742	26
6743	24
6744	14
6745	19
6746	32
6747	30
6748	29
6749	24
6750	22
6751	28
6752	20
6753	24
6754	23
6755	24
6756	27
6757	23
6758	25
6759	21
6760	21
6761	32
6762	25
6763	20
6764	19
6765	28
6766	23
6767	28
6768	27
6769	30
6770	20
6771	27
6772	22
6773	24
6774	20
6775	24
6776	23
6777	35
6778	19
6779	28
6780	20
6781	26
6782	26
6783	28
6784	20
6785	26
6786	23
6787	12
6788	21
6789	22
6790	25
6791	20
6792	22
6793	17
6794	20
6795	25
6796	29
6797	16
6798	26
6799	13
6800	23
6801	21
6802	11
6803	23
6804	20
6805	27
6806	24
6807	23
6808	20
6809	26
6810	16
6811	19
6812	21
6813	21
6814	19
6815	26
6816	25
6817	27
6818	33
6819	17
6820	19
6821	19
6822	28
6823	18
6824	28
6825	24
6826	29
6827	23
6828	25
6829	27
6830	23
6831	26
6832	24
6833	25
6834	22
6835	19
6836	19
6837	21
6838	29
6839	25
6840	31
6841	20
6842	17
6843	27
6844	23
6845	22
6846	27
6847	18
6848	23
6849	23
6850	27
6851	28
6852	21
6853	20
6854	22
6855	23
6856	28
6857	21
6858	10
6859	19
6860	19
6861	22
6862	16
6863	19
6864	20
6865	25
6866	23
6867	30
6868	14
6869	21
6870	20
6871	16
6872	19
6873	25
6874	29
6875	12
6876	22
6877	26
6878	19
6879	16
6880	21
6881	17
6882	20
6883	17
6884	21
6885	15
6886	27
6887	24
6888	19
6889	25
6890	21
6891	15
6892	22
6893	23
6894	21
6895	26
6896	22
6897	33
6898	21
6899	24
6900	13
6901	27
6902	17
6903	28
6904	18
6905	14
6906	23
6907	18
6908	18
6909	20
6910	34
6911	15
6912	18
6913	12
6914	22
6915	21
6916	16
6917	26
6918	26
6919	19
6920	28
6921	18
6922	23
6923	30
6924	19
6925	29
6926	14
6927	18
6928	24
6929	10
6930	12
6931	24
6932	7
6933	21
6934	28
6935	19
6936	27
6937	18
6938	22
6939	24
6940	20
6941	19
6942	26
6943	12
6944	21
6945	26
6946	22
6947	15
6948	22
6949	22
6950	18
6951	23
6952	14
6953	18
6954	29
6955	18
6956	19
6957	17
6958	22
6959	24
6960	14
6961	13
6962	18
6963	19
6964	20
6965	11
6966	17
6967	25
6968	16
6969	23
6970	20
6971	25
6972	18
6973	14
6974	31
6975	24
6976	19
6977	12
6978	20
6979	28
6980	19
6981	15
6982	24
6983	13
6984	18
6985	23
6986	22
6987	18
6988	13
6989	22
6990	14
6991	28
6992	19
6993	19
6994	20
6995	16
6996	18
6997	13
6998	13
6999	16
7000	24
7001	22
7002	16
7003	23
7004	24
7005	13
7006	18
7007	25
7008	17
7009	17
7010	17
7011	20
7012	10
7013	19
7014	22
7015	21
7016	18
7017	15
7018	14
7019	19
7020	24
7021	16
7022	17
7023	28
7024	18
7025	15
7026	19
7027	17
7028	9
7029	24
7030	16
7031	20
7032	24
7033	26
7034	17
7035	21
7036	24
7037	17
7038	21
7039	18
7040	16
7041	11
7042	20
7043	27
7044	20
7045	19
7046	20
7047	17
7048	21
7049	13
7050	24
7051	14
7052	17
7053	15
7054	19
7055	18
7056	12
7057	25
7058	18
7059	20
7060	22
7061	14
7062	9
7063	23
7064	23
7065	15
7066	23
7067	17
7068	10
7069	16
7070	18
7071	20
7072	21
7073	16
7074	23
7075	14
7076	18
7077	20
7078	18
7079	19
7080	20
7081	15
7082	14
7083	18
7084	14
7085	22
7086	18
7087	21
7088	10
7089	15
7090	13
7091	14
7092	18
7093	16
7094	17
7095	16
7096	12
7097	18
7098	16
7099	22
7100	17
7101	20
7102	14
7103	14
7104	13
7105	14
7106	18
7107	18
7108	23
7109	21
7110	19
7111	21
7112	13
7113	11
7114	11
7115	26
7116	21
7117	19
7118	21
7119	19
7120	17
7121	23
7122	25
7123	22
7124	20
7125	13
7126	13
7127	16
7128	16
7129	15
7130	13
7131	13
7132	12
7133	28
7134	21
7135	14
7136	19
7137	17
7138	24
7139	18
7140	9
7141	18
7142	17
7143	14
7144	22
7145	10
7146	20
7147	20
7148	19
7149	20
7150	12
7151	12
7152	18
7153	11
7154	20
7155	19
7156	20
7157	21
7158	16
7159	15
7160	9
7161	13
7162	6
7163	10
7164	17
7165	15
7166	21
7167	17
7168	10
7169	14
7170	18
7171	16
7172	16
7173	16
7174	12
7175	12
7176	11
7177	16
7178	10
7179	13
7180	8
7181	17
7182	13
7183	17
7184	13
7185	16
7186	12
7187	18
7188	19
7189	19
7190	15
7191	15
7192	12
7193	14
7194	14
7195	13
7196	17
7197	15
7198	16
7199	11
7200	11
7201	19
7202	21
7203	16
7204	13
7205	13
7206	19
7207	14
7208	13
7209	18
7210	11
7211	12
7212	17
7213	16
7214	15
7215	15
7216	21
7217	10
7218	12
7219	10
7220	14
7221	15
7222	11
7223	14
7224	15
7225	11
7226	11
7227	16
7228	11
7229	17
7230	17
7231	17
7232	14
7233	16
7234	14
7235	22
7236	11
7237	9
7238	16
7239	21
7240	24
7241	18
7242	16
7243	19
7244	13
7245	13
7246	12
7247	11
7248	12
7249	19
7250	13
7251	12
7252	10
7253	21
7254	13
7255	17
7256	10
7257	16
7258	19
7259	11
7260	10
7261	15
7262	12
7263	16
7264	16
7265	12
7266	13
7267	7
7268	12
7269	12
7270	11
7271	15
7272	10
7273	25
7274	10
7275	11
7276	14
7277	8
7278	17
7279	27
7280	15
7281	12
7282	11
7283	10
7284	14
7285	19
7286	15
7287	9
7288	13
7289	12
7290	19
7291	17
7292	14
7293	11
7294	16
7295	7
7296	6
7297	12
7298	19
7299	17
7300	8
7301	16
7302	10
7303	14
7304	13
7305	11
7306	16
7307	17
7308	15
7309	15
7310	15
7311	11
7312	12
7313	17
7314	19
7315	11
7316	13
7317	17
7318	18
7319	17
7320	14
7321	8
7322	16
7323	13
7324	15
7325	13
7326	17
7327	7
7328	13
7329	13
7330	11
7331	26
7332	14
7333	16
7334	15
7335	16
7336	20
7337	14
7338	10
7339	10
7340	18
7341	15
7342	16
7343	16
7344	10
7345	15
7346	9
7347	15
7348	13
7349	20
7350	15
7351	15
7352	15
7353	14
7354	16
7355	19
7356	19
7357	9
7358	12
7359	8
7360	14
7361	10
7362	12
7363	12
7364	15
7365	15
7366	8
7367	11
7368	13
7369	12
7370	14
7371	10
7372	11
7373	8
7374	14
7375	10
7376	12
7377	16
7378	12
7379	8
7380	6
7381	11
7382	13
7383	16
7384	11
7385	16
7386	16
7387	11
7388	13
7389	10
7390	15
7391	14
7392	16
7393	13
7394	11
7395	16
7396	10
7397	21
7398	14
7399	11
7400	13
7401	19
7402	18
7403	17
7404	12
7405	12
7406	11
7407	7
7408	12
7409	14
7410	13
7411	9
7412	20
7413	15
7414	18
7415	11
7416	10
7417	12
7418	10
7419	12
7420	14
7421	18
7422	15
7423	12
7424	15
7425	7
7426	15
7427	13
7428	16
7429	10
7430	14
7431	13
7432	12
7433	14
7434	14
7435	11
7436	13
7437	10
7438	12
7439	9
7440	23
7441	15
7442	10
7443	15
7444	8
7445	12
7446	13
7447	13
7448	11
7449	10
7450	17
7451	16
7452	12
7453	12
7454	9
7455	16
7456	9
7457	19
7458	11
7459	9
7460	9
7461	6
7462	12
7463	17
7464	14
7465	12
7466	23
7467	13
7468	16
7469	21
7470	11
7471	12
7472	10
7473	13
7474	16
7475	17
7476	14
7477	10
7478	14
7479	11
7480	13
7481	11
7482	14
7483	15
7484	11
7485	13
7486	20
7487	9
7488	13
7489	14
7490	11
7491	10
7492	13
7493	13
7494	13
7495	10
7496	12
7497	16
7498	13
7499	8
7500	8
7501	10
7502	14
7503	12
7504	8
7505	14
7506	14
7507	8
7508	14
7509	11
7510	12
7511	11
7512	19
7513	12
7514	14
7515	9
7516	10
7517	12
7518	14
7519	14
7520	10
7521	16
7522	9
7523	11
7524	10
7525	10
7526	13
7527	10
7528	13
7529	13
7530	13
7531	10
7532	13
7533	18
7534	13
7535	7
7536	12
7537	5
7538	11
7539	10
7540	13
7541	12
7542	16
7543	16
7544	12
7545	15
7546	11
7547	10
7548	14
7549	14
7550	9
7551	11
7552	16
7553	11
7554	8
7555	10
7556	11
7557	17
7558	19
7559	11
7560	14
7561	10
7562	9
7563	8
7564	12
7565	9
7566	15
7567	8
7568	14
7569	9
7570	12
7571	10
7572	5
7573	11
7574	8
7575	16
7576	8
7577	18
7578	8
7579	8
7580	15
7581	19
7582	11
7583	12
7584	12
7585	10
7586	10
7587	13
7588	7
7589	7
7590	12
7591	12
7592	13
7593	11
7594	11
7595	16
7596	8
7597	15
7598	13
7599	6
7600	10
7601	18
7602	12
7603	14
7604	4
7605	11
7606	14
7607	12
7608	14
7609	12
7610	10
7611	13
7612	11
7613	8
7614	15
7615	7
7616	17
7617	15
7618	13
7619	16
7620	11
7621	5
7622	16
7623	12
7624	16
7625	15
7626	13
7627	11
7628	14
7629	11
7630	11
7631	8
7632	12
7633	8
7634	13
7635	8
7636	11
7637	15
7638	15
7639	11
7640	15
7641	4
7642	9
7643	12
7644	15
7645	7
7646	17
7647	11
7648	11
7649	12
7650	16
7651	9
7652	17
7653	11
7654	14
7655	5
7656	11
7657	13
7658	12
7659	11
7660	14
7661	7
7662	5
7663	5
7664	14
7665	11
7666	17
7667	9
7668	13
7669	20
7670	8
7671	11
7672	16
7673	14
7674	17
7675	12
7676	13
7677	9
7678	11
7679	15
7680	11
7681	7
7682	10
7683	11
7684	11
7685	12
7686	8
7687	7
7688	12
7689	15
7690	16
7691	10
7692	15
7693	10
7694	14
7695	8
7696	12
7697	12
7698	20
7699	9
7700	12
7701	10
7702	13
7703	11
7704	8
7705	8
7706	22
7707	4
7708	9
7709	8
7710	19
7711	14
7712	16
7713	13
7714	10
7715	7
7716	16
7717	13
7718	15
7719	10
7720	17
7721	12
7722	16
7723	10
7724	12
7725	14
7726	9
7727	11
7728	13
7729	5
7730	16
7731	7
7732	10
7733	12
7734	12
7735	10
7736	8
7737	14
7738	10
7739	7
7740	12
7741	7
7742	12
7743	14
7744	12
7745	17
7746	11
7747	13
7748	9
7749	14
7750	12
7751	7
7752	11
7753	12
7754	8
7755	11
7756	8
7757	10
7758	7
7759	11
7760	6
7761	13
7762	17
7763	17
7764	10
7765	16
7766	14
7767	7
7768	9
7769	13
7770	12
7771	12
7772	7
7773	18
7774	7
7775	12
7776	8
7777	14
7778	15
7779	6
7780	10
7781	15
7782	10
7783	13
7784	10
7785	13
7786	10
7787	15
7788	8
7789	14
7790	15
7791	8
7792	12
7793	6
7794	13
7795	9
7796	10
7797	8
7798	13
7799	6
7800	10
7801	6
7802	10
7803	3
7804	9
7805	8
7806	10
7807	8
7808	8
7809	7
7810	9
7811	3
7812	6
7813	6
7814	4
7815	9
7816	5
7817	9
7818	10
7819	11
7820	6
7821	7
7822	13
7823	5
7824	8
7825	8
7826	9
7827	6
7828	6
7829	3
7830	9
7831	7
7832	5
7833	10
7834	5
7835	15
7836	7
7837	5
7838	8
7839	5
7840	5
7841	7
7842	13
7843	8
7844	4
7845	8
7846	3
7847	6
7848	7
7849	6
7850	5
7851	5
7852	3
7853	9
7854	6
7855	5
7856	10
7857	6
7858	4
7859	8
7860	6
7861	11
7862	10
7863	5
7864	7
7865	5
7866	4
7867	11
7868	7
7869	6
7870	3
7871	10
7872	6
7873	7
7874	9
7875	5
7876	4
7877	9
7878	7
7879	3
7880	6
7881	2
7882	5
7883	2
7884	8
7885	3
7886	6
7887	4
7888	6
7889	2
7890	5
7891	4
7892	7
7893	6
7894	11
7895	7
7896	6
7897	2
7898	4
7899	9
7900	8
7901	2
7902	3
7903	2
7904	8
7905	2
7906	5
7907	1
7908	3
7909	2
7910	3
7911	1
7912	1
7913	7
7914	7
7915	5
7916	2
7917	3
7918	2
7919	2
7920	4
7921	4
7922	6
7923	3
7924	3
7925	5
7926	5
7927	6
7928	6
7929	2
7930	2
7931	3
7932	2
7933	1
7934	1
7935	4
7936	1
7937	3
7938	10
7939	4
7940	2
7941	3
7942	4
7943	5
7944	2
7945	1
7946	1
7947	0
7948	5
7949	4
7950	3
7951	3
7952	4
7953	1
7954	3
7955	1
7956	2
7957	2
7958	4
7959	1
7960	4
7961	2
7962	3
7963	0
7964	2
7965	2
7966	1
7967	4
7968	0
7969	0
7970	1
7971	5
7972	3
7973	2
7974	3
7975	2
7976	2
7977	2
7978	2
7979	4
7980	3
7981	4
7982	5
7983	2
7984	1
7985	2
7986	1
7987	4
7988	2
7989	0
7990	1
7991	1
7992	0
7993	4
7994	2
7995	1
7996	3
7997	0
7998	2
7999	1
8000	0
8001	2
8002	1
8003	0
8004	3
8005	4
8006	1
8007	3
8008	0
8009	0
8010	2
8011	1
8012	1
8013	0
8014	1
8015	1
8016	2
8017	2
8018	1
8019	1
8020	1
8021	1
8022	1
8023	0
8024	0
8025	2
8026	0
8027	0
8028	0
8029	0
8030	1
8031	0
8032	0
8033	0
8034	2
8035	1
8036	0
8037	1
8038	0
8039	1
8040	0
8041	0
8042	2
8043	0
8044	0
8045	1
8046	2
8047	1
8048	0
8049	1
8050	1
8051	0
8052	1
8053	2
8054	0
8055	0
8056	1
8057	0
8058	0
8059	2
8060	1
8061	1
8062	0
8063	0
8064	0
8065	0
8066	0
8067	0
8068	1
8069	0
8070	1
8071	1
8072	0
8073	0
8074	1
8075	0
8076	0
8077	0
8078	0
8079	0
8080	0
8081	0
8082	0
8083	1
8084	1
8085	0
8086	0
8087	0
8088	0
8089	0
8090	0
8091	0
8092	0
8093	0
8094	0
8095	0
8096	0
8097	1
8098	0
8099	0
8100	0
8101	0
8102	0
8103	0
8104	0
8105	0
8106	0
8107	0
8108	0
8109	0
8110	0
8111	0
8112	0
8113	0
8114	0
8115	0
8116	0
8117	0
8118	0
8119	0
8120	0
8121	0
8122	0
8123	0
8124	1
8125	0
8126	0
8127	0
8128	0
8129	0
8130	0
8131	0
8132	0
8133	0
8134	0
8135	0
8136	0
8137	0
8138	0
8139	0
8140	0
8141	0
8142	0
8143	0
8144	0
8145	0
8146	0
8147	0
8148	0
8149	0
8150	0
8151	0
8152	0
8153	0
8154	0
8155	0
8156	0
8157	0
8158	0
8159	0
8160	0
8161	0
8162	0
8163	0
8164	0
8165	0
8166	0
8167	0
8168	0
8169	0
8170	0
8171	0
8172	0
8173	0
8174	0
8175	0
8176	0
8177	0
8178	0
8179	0
8180	0
8181	0
8182	0
8183	0
8184	0
8185	0
8186	0
8187	0
8188	0
8189	0
8190	0
8191	0
