0	0
1	0
2	0
3	0
4	0
5	0
6	0
7	0
8	0
9	0
10	0
11	0
12	0
13	0
14	0
15	0
16	0
17	0
18	0
19	0
20	0
21	0
22	0
23	0
24	0
25	0
26	0
27	0
28	0
29	0
30	0
31	0
32	0
33	0
34	0
35	0
36	0
37	0
38	0
39	0
40	0
41	0
42	0
43	0
44	0
45	0
46	0
47	0
48	0
49	0
50	0
51	0
52	0
53	0
54	0
55	0
56	0
57	0
58	0
59	0
60	0
61	0
62	0
63	0
64	0
65	0
66	0
67	0
68	0
69	0
70	0
71	0
72	0
73	0
74	0
75	0
76	0
77	0
78	0
79	0
80	0
81	0
82	0
83	0
84	0
85	0
86	0
87	0
88	0
89	0
90	0
91	0
92	0
93	0
94	0
95	0
96	0
97	0
98	0
99	0
100	0
101	0
102	0
103	0
104	0
105	0
106	0
107	0
108	0
109	0
110	0
111	0
112	0
113	0
114	0
115	0
116	0
117	0
118	0
119	0
120	0
121	0
122	0
123	0
124	0
125	0
126	0
127	0
128	0
129	0
130	0
131	0
132	0
133	0
134	0
135	0
136	0
137	0
138	0
139	0
140	0
141	0
142	0
143	0
144	0
145	0
146	0
147	0
148	0
149	0
150	0
151	0
152	0
153	0
154	0
155	0
156	0
157	0
158	0
159	0
160	0
161	0
162	0
163	0
164	0
165	0
166	0
167	0
168	0
169	0
170	0
171	0
172	0
173	0
174	0
175	0
176	0
177	0
178	0
179	0
180	0
181	0
182	0
183	0
184	0
185	0
186	0
187	0
188	0
189	0
190	0
191	0
192	0
193	0
194	0
195	0
196	0
197	0
198	0
199	0
200	0
201	0
202	0
203	0
204	0
205	0
206	0
207	0
208	0
209	0
210	0
211	0
212	0
213	0
214	0
215	0
216	0
217	0
218	0
219	0
220	0
221	0
222	0
223	0
224	0
225	0
226	0
227	0
228	0
229	0
230	0
231	0
232	0
233	0
234	0
235	0
236	0
237	0
238	0
239	0
240	0
241	0
242	0
243	0
244	0
245	0
246	0
247	0
248	0
249	0
250	0
251	0
252	0
253	0
254	0
255	0
256	0
257	0
258	0
259	0
260	0
261	0
262	0
263	0
264	0
265	0
266	0
267	0
268	0
269	0
270	0
271	0
272	0
273	0
274	0
275	0
276	0
277	0
278	0
279	0
280	0
281	0
282	0
283	0
284	0
285	0
286	0
287	0
288	0
289	0
290	0
291	0
292	0
293	0
294	0
295	0
296	0
297	0
298	1
299	0
300	0
301	0
302	0
303	0
304	0
305	0
306	0
307	0
308	0
309	0
310	0
311	0
312	0
313	0
314	0
315	0
316	0
317	0
318	0
319	0
320	0
321	0
322	0
323	0
324	0
325	1
326	0
327	0
328	0
329	0
330	0
331	0
332	0
333	0
334	0
335	0
336	0
337	0
338	0
339	0
340	0
341	0
342	0
343	0
344	0
345	0
346	0
347	0
348	0
349	0
350	0
351	0
352	0
353	0
354	0
355	0
356	0
357	0
358	0
359	0
360	0
361	0
362	0
363	0
364	1
365	0
366	0
367	0
368	0
369	0
370	0
371	1
372	0
373	0
374	0
375	0
376	0
377	0
378	0
379	1
380	0
381	0
382	0
383	0
384	0
385	0
386	0
387	0
388	0
389	0
390	1
391	1
392	0
393	0
394	0
395	0
396	0
397	0
398	0
399	0
400	0
401	0
402	0
403	0
404	0
405	0
406	0
407	0
408	0
409	0
410	0
411	0
412	0
413	0
414	0
415	1
416	0
417	0
418	0
419	0
420	0
421	0
422	0
423	0
424	0
425	0
426	0
427	0
428	1
429	0
430	0
431	1
432	0
433	1
434	1
435	0
436	1
437	0
438	0
439	0
440	0
441	0
442	0
443	0
444	0
445	0
446	0
447	0
448	0
449	0
450	0
451	0
452	0
453	0
454	0
455	0
456	0
457	0
458	0
459	0
460	0
461	0
462	0
463	0
464	1
465	1
466	0
467	0
468	0
469	0
470	0
471	0
472	0
473	0
474	0
475	0
476	0
477	0
478	0
479	0
480	0
481	0
482	0
483	0
484	0
485	0
486	0
487	0
488	0
489	0
490	0
491	0
492	0
493	0
494	0
495	0
496	0
497	0
498	0
499	0
500	0
501	0
502	0
503	0
504	0
505	0
506	1
507	0
508	0
509	0
510	0
511	0
512	0
513	0
514	0
515	0
516	0
517	0
518	0
519	0
520	0
521	0
522	0
523	0
524	0
525	0
526	0
527	0
528	0
529	0
530	0
531	0
532	0
533	0
534	0
535	0
536	0
537	0
538	0
539	0
540	0
541	0
542	0
543	0
544	0
545	1
546	0
547	0
548	1
549	0
550	0
551	0
552	0
553	1
554	0
555	0
556	0
557	0
558	0
559	0
560	0
561	0
562	0
563	0
564	0
565	0
566	0
567	0
568	0
569	0
570	0
571	0
572	0
573	0
574	0
575	0
576	0
577	0
578	0
579	0
580	0
581	0
582	0
583	0
584	0
585	0
586	0
587	0
588	0
589	0
590	0
591	0
592	0
593	0
594	0
595	0
596	0
597	0
598	0
599	0
600	0
601	0
602	0
603	0
604	0
605	0
606	0
607	0
608	0
609	0
610	0
611	1
612	0
613	0
614	0
615	0
616	0
617	0
618	0
619	0
620	0
621	0
622	0
623	0
624	1
625	0
626	0
627	0
628	0
629	0
630	0
631	0
632	0
633	0
634	0
635	0
636	0
637	0
638	0
639	0
640	0
641	0
642	0
643	0
644	0
645	1
646	0
647	0
648	0
649	0
650	0
651	0
652	0
653	0
654	0
655	0
656	0
657	0
658	0
659	0
660	0
661	0
662	0
663	0
664	0
665	0
666	0
667	0
668	0
669	0
670	0
671	0
672	0
673	0
674	0
675	0
676	0
677	0
678	0
679	0
680	0
681	0
682	0
683	0
684	0
685	0
686	0
687	0
688	0
689	0
690	0
691	0
692	0
693	0
694	0
695	0
696	0
697	0
698	0
699	0
700	0
701	0
702	0
703	0
704	0
705	0
706	0
707	0
708	0
709	0
710	0
711	0
712	0
713	0
714	0
715	0
716	0
717	0
718	1
719	0
720	0
721	0
722	0
723	0
724	0
725	0
726	0
727	0
728	0
729	0
730	0
731	0
732	0
733	0
734	0
735	0
736	0
737	0
738	0
739	0
740	0
741	0
742	0
743	0
744	0
745	0
746	0
747	0
748	0
749	0
750	0
751	0
752	0
753	0
754	0
755	0
756	0
757	0
758	0
759	0
760	1
761	0
762	0
763	0
764	0
765	1
766	0
767	0
768	0
769	0
770	0
771	0
772	0
773	0
774	0
775	0
776	0
777	0
778	0
779	0
780	0
781	0
782	0
783	0
784	0
785	0
786	0
787	0
788	0
789	0
790	0
791	0
792	0
793	0
794	0
795	0
796	0
797	0
798	0
799	0
800	0
801	0
802	0
803	0
804	0
805	0
806	0
807	0
808	0
809	0
810	0
811	0
812	0
813	0
814	0
815	0
816	0
817	0
818	0
819	0
820	0
821	0
822	0
823	0
824	0
825	0
826	0
827	0
828	0
829	0
830	0
831	0
832	0
833	0
834	0
835	0
836	0
837	0
838	0
839	0
840	0
841	0
842	0
843	0
844	0
845	0
846	0
847	0
848	0
849	0
850	0
851	0
852	0
853	0
854	0
855	0
856	0
857	0
858	0
859	0
860	0
861	0
862	0
863	0
864	0
865	0
866	0
867	0
868	0
869	0
870	0
871	0
872	0
873	0
874	0
875	0
876	0
877	0
878	0
879	0
880	0
881	0
882	0
883	0
884	0
885	0
886	0
887	0
888	0
889	0
890	0
891	0
892	0
893	0
894	0
895	0
896	0
897	0
898	0
899	0
900	0
901	0
902	0
903	0
904	0
905	0
906	0
907	0
908	0
909	0
910	0
911	0
912	0
913	0
914	0
915	1
916	0
917	0
918	0
919	0
920	0
921	1
922	0
923	0
924	0
925	0
926	0
927	0
928	0
929	0
930	0
931	0
932	0
933	0
934	0
935	0
936	0
937	0
938	2
939	1
940	0
941	0
942	0
943	0
944	0
945	0
946	0
947	0
948	0
949	0
950	0
951	0
952	0
953	0
954	0
955	0
956	0
957	0
958	0
959	0
960	0
961	0
962	0
963	0
964	0
965	0
966	0
967	1
968	0
969	0
970	0
971	0
972	0
973	0
974	0
975	0
976	0
977	0
978	0
979	0
980	0
981	0
982	0
983	0
984	1
985	0
986	0
987	0
988	1
989	0
990	0
991	0
992	0
993	0
994	0
995	0
996	0
997	0
998	0
999	0
1000	0
1001	0
1002	0
1003	0
1004	0
1005	1
1006	0
1007	0
1008	0
1009	0
1010	0
1011	0
1012	0
1013	0
1014	0
1015	0
1016	0
1017	0
1018	0
1019	0
1020	0
1021	0
1022	0
1023	0
1024	0
1025	0
1026	0
1027	1
1028	0
1029	0
1030	0
1031	0
1032	1
1033	0
1034	0
1035	1
1036	0
1037	0
1038	0
1039	1
1040	0
1041	1
1042	0
1043	1
1044	0
1045	0
1046	0
1047	0
1048	0
1049	0
1050	0
1051	0
1052	0
1053	0
1054	0
1055	0
1056	0
1057	0
1058	0
1059	0
1060	0
1061	0
1062	0
1063	0
1064	0
1065	0
1066	0
1067	1
1068	1
1069	0
1070	0
1071	0
1072	1
1073	0
1074	0
1075	0
1076	0
1077	0
1078	0
1079	1
1080	0
1081	1
1082	0
1083	1
1084	0
1085	0
1086	0
1087	0
1088	0
1089	0
1090	0
1091	0
1092	1
1093	0
1094	1
1095	0
1096	1
1097	0
1098	0
1099	1
1100	0
1101	0
1102	1
1103	0
1104	0
1105	0
1106	0
1107	0
1108	0
1109	0
1110	1
1111	1
1112	1
1113	0
1114	1
1115	0
1116	1
1117	0
1118	0
1119	1
1120	0
1121	1
1122	2
1123	1
1124	0
1125	2
1126	0
1127	0
1128	1
1129	0
1130	0
1131	0
1132	0
1133	0
1134	0
1135	1
1136	0
1137	0
1138	1
1139	0
1140	0
1141	0
1142	0
1143	0
1144	0
1145	0
1146	0
1147	0
1148	1
1149	0
1150	0
1151	0
1152	1
1153	0
1154	0
1155	0
1156	0
1157	0
1158	0
1159	0
1160	0
1161	0
1162	0
1163	0
1164	0
1165	0
1166	0
1167	1
1168	0
1169	0
1170	0
1171	1
1172	0
1173	0
1174	0
1175	0
1176	0
1177	1
1178	0
1179	1
1180	1
1181	0
1182	1
1183	0
1184	1
1185	0
1186	0
1187	0
1188	0
1189	0
1190	0
1191	1
1192	0
1193	0
1194	0
1195	0
1196	0
1197	1
1198	0
1199	0
1200	0
1201	1
1202	0
1203	0
1204	0
1205	0
1206	0
1207	0
1208	0
1209	0
1210	0
1211	0
1212	0
1213	0
1214	1
1215	0
1216	0
1217	0
1218	0
1219	0
1220	0
1221	0
1222	0
1223	1
1224	0
1225	0
1226	0
1227	0
1228	0
1229	0
1230	0
1231	1
1232	0
1233	2
1234	1
1235	0
1236	0
1237	0
1238	1
1239	0
1240	0
1241	0
1242	0
1243	0
1244	0
1245	0
1246	0
1247	0
1248	0
1249	0
1250	0
1251	0
1252	0
1253	0
1254	0
1255	0
1256	1
1257	1
1258	0
1259	0
1260	0
1261	1
1262	0
1263	0
1264	0
1265	0
1266	0
1267	0
1268	0
1269	0
1270	0
1271	0
1272	0
1273	0
1274	1
1275	0
1276	0
1277	0
1278	0
1279	0
1280	0
1281	0
1282	0
1283	0
1284	0
1285	0
1286	1
1287	0
1288	0
1289	0
1290	0
1291	0
1292	0
1293	0
1294	1
1295	0
1296	0
1297	0
1298	0
1299	0
1300	0
1301	0
1302	0
1303	0
1304	0
1305	0
1306	0
1307	0
1308	1
1309	0
1310	0
1311	0
1312	0
1313	0
1314	0
1315	0
1316	0
1317	0
1318	0
1319	0
1320	0
1321	0
1322	0
1323	1
1324	0
1325	0
1326	0
1327	0
1328	0
1329	0
1330	0
1331	0
1332	1
1333	0
1334	0
1335	0
1336	0
1337	0
1338	0
1339	0
1340	0
1341	0
1342	0
1343	0
1344	0
1345	0
1346	0
1347	0
1348	0
1349	0
1350	0
1351	0
1352	0
1353	0
1354	0
1355	0
1356	0
1357	0
1358	0
1359	0
1360	0
1361	0
1362	0
1363	0
1364	0
1365	0
1366	0
1367	0
1368	0
1369	0
1370	0
1371	0
1372	0
1373	0
1374	1
1375	0
1376	0
1377	0
1378	0
1379	0
1380	0
1381	0
1382	0
1383	0
1384	0
1385	0
1386	0
1387	0
1388	0
1389	0
1390	0
1391	1
1392	0
1393	0
1394	0
1395	0
1396	0
1397	0
1398	0
1399	0
1400	0
1401	0
1402	0
1403	0
1404	0
1405	0
1406	0
1407	0
1408	0
1409	0
1410	0
1411	0
1412	0
1413	0
1414	0
1415	0
1416	0
1417	0
1418	0
1419	0
1420	0
1421	0
1422	0
1423	0
1424	0
1425	0
1426	0
1427	0
1428	0
1429	0
1430	0
1431	0
1432	1
1433	0
1434	0
1435	0
1436	0
1437	0
1438	0
1439	0
1440	0
1441	0
1442	0
1443	0
1444	0
1445	0
1446	0
1447	0
1448	0
1449	0
1450	0
1451	0
1452	0
1453	0
1454	0
1455	0
1456	0
1457	0
1458	0
1459	0
1460	0
1461	0
1462	0
1463	1
1464	0
1465	0
1466	0
1467	0
1468	0
1469	0
1470	0
1471	0
1472	0
1473	0
1474	0
1475	0
1476	0
1477	0
1478	0
1479	0
1480	0
1481	0
1482	0
1483	0
1484	1
1485	0
1486	0
1487	0
1488	0
1489	0
1490	0
1491	1
1492	0
1493	0
1494	1
1495	0
1496	0
1497	0
1498	0
1499	0
1500	0
1501	0
1502	0
1503	1
1504	0
1505	0
1506	0
1507	0
1508	0
1509	0
1510	1
1511	0
1512	0
1513	0
1514	0
1515	0
1516	0
1517	0
1518	0
1519	0
1520	0
1521	0
1522	0
1523	0
1524	0
1525	0
1526	0
1527	0
1528	0
1529	0
1530	0
1531	0
1532	0
1533	0
1534	0
1535	0
1536	0
1537	0
1538	0
1539	0
1540	0
1541	0
1542	0
1543	0
1544	0
1545	0
1546	0
1547	0
1548	0
1549	0
1550	0
1551	0
1552	0
1553	0
1554	1
1555	0
1556	0
1557	0
1558	0
1559	0
1560	0
1561	0
1562	1
1563	0
1564	0
1565	0
1566	0
1567	0
1568	0
1569	0
1570	0
1571	0
1572	0
1573	0
1574	1
1575	0
1576	0
1577	1
1578	0
1579	0
1580	0
1581	0
1582	0
1583	0
1584	0
1585	0
1586	0
1587	0
1588	0
1589	0
1590	0
1591	0
1592	0
1593	0
1594	0
1595	0
1596	0
1597	0
1598	0
1599	0
1600	1
1601	0
1602	0
1603	0
1604	0
1605	0
1606	0
1607	0
1608	1
1609	0
1610	0
1611	0
1612	0
1613	0
1614	0
1615	0
1616	0
1617	0
1618	0
1619	0
1620	1
1621	0
1622	0
1623	0
1624	0
1625	0
1626	0
1627	0
1628	0
1629	0
1630	0
1631	0
1632	0
1633	0
1634	1
1635	0
1636	0
1637	0
1638	0
1639	0
1640	0
1641	0
1642	0
1643	0
1644	0
1645	0
1646	0
1647	0
1648	0
1649	0
1650	0
1651	0
1652	0
1653	0
1654	0
1655	0
1656	0
1657	0
1658	0
1659	0
1660	0
1661	0
1662	0
1663	0
1664	0
1665	0
1666	0
1667	0
1668	0
1669	0
1670	0
1671	0
1672	0
1673	0
1674	0
1675	0
1676	0
1677	0
1678	0
1679	0
1680	0
1681	0
1682	0
1683	0
1684	0
1685	0
1686	0
1687	0
1688	1
1689	0
1690	0
1691	0
1692	0
1693	0
1694	0
1695	0
1696	0
1697	0
1698	0
1699	0
1700	0
1701	0
1702	0
1703	0
1704	0
1705	0
1706	0
1707	0
1708	0
1709	0
1710	0
1711	0
1712	0
1713	0
1714	0
1715	0
1716	0
1717	0
1718	0
1719	0
1720	0
1721	0
1722	0
1723	0
1724	0
1725	0
1726	0
1727	1
1728	0
1729	0
1730	0
1731	0
1732	1
1733	0
1734	0
1735	0
1736	0
1737	2
1738	0
1739	0
1740	0
1741	0
1742	0
1743	0
1744	0
1745	0
1746	0
1747	0
1748	0
1749	0
1750	0
1751	0
1752	0
1753	0
1754	0
1755	0
1756	0
1757	0
1758	0
1759	0
1760	0
1761	0
1762	0
1763	0
1764	0
1765	0
1766	1
1767	0
1768	0
1769	0
1770	0
1771	0
1772	0
1773	0
1774	0
1775	0
1776	0
1777	1
1778	0
1779	0
1780	0
1781	0
1782	0
1783	0
1784	0
1785	0
1786	0
1787	0
1788	0
1789	0
1790	0
1791	0
1792	0
1793	0
1794	0
1795	0
1796	0
1797	0
1798	0
1799	0
1800	0
1801	1
1802	0
1803	0
1804	0
1805	0
1806	0
1807	0
1808	0
1809	0
1810	0
1811	0
1812	0
1813	0
1814	0
1815	0
1816	0
1817	0
1818	0
1819	0
1820	0
1821	0
1822	0
1823	0
1824	0
1825	0
1826	0
1827	0
1828	0
1829	0
1830	0
1831	0
1832	0
1833	0
1834	0
1835	0
1836	0
1837	0
1838	0
1839	0
1840	0
1841	0
1842	0
1843	0
1844	0
1845	0
1846	0
1847	0
1848	0
1849	0
1850	0
1851	0
1852	0
1853	0
1854	0
1855	0
1856	0
1857	0
1858	0
1859	0
1860	0
1861	0
1862	0
1863	0
1864	0
1865	0
1866	0
1867	0
1868	0
1869	0
1870	0
1871	0
1872	0
1873	0
1874	0
1875	0
1876	0
1877	0
1878	0
1879	0
1880	0
1881	0
1882	0
1883	0
1884	0
1885	0
1886	0
1887	0
1888	0
1889	0
1890	0
1891	0
1892	0
1893	0
1894	0
1895	0
1896	0
1897	0
1898	0
1899	1
1900	0
1901	0
1902	0
1903	0
1904	1
1905	0
1906	1
1907	0
1908	0
1909	0
1910	0
1911	0
1912	0
1913	0
1914	0
1915	0
1916	0
1917	0
1918	1
1919	0
1920	0
1921	0
1922	0
1923	1
1924	0
1925	0
1926	0
1927	0
1928	0
1929	0
1930	0
1931	0
1932	0
1933	1
1934	0
1935	0
1936	1
1937	0
1938	0
1939	0
1940	0
1941	0
1942	0
1943	0
1944	0
1945	0
1946	0
1947	0
1948	0
1949	0
1950	0
1951	0
1952	0
1953	0
1954	0
1955	1
1956	0
1957	0
1958	0
1959	0
1960	0
1961	0
1962	0
1963	0
1964	0
1965	0
1966	0
1967	0
1968	0
1969	0
1970	0
1971	0
1972	0
1973	0
1974	0
1975	0
1976	1
1977	1
1978	0
1979	0
1980	1
1981	0
1982	0
1983	0
1984	0
1985	0
1986	0
1987	0
1988	0
1989	0
1990	0
1991	0
1992	0
1993	0
1994	0
1995	0
1996	0
1997	0
1998	1
1999	0
2000	0
2001	0
2002	0
2003	0
2004	0
2005	0
2006	0
2007	0
2008	0
2009	0
2010	0
2011	0
2012	0
2013	0
2014	0
2015	1
2016	0
2017	0
2018	1
2019	0
2020	1
2021	0
2022	0
2023	0
2024	0
2025	0
2026	0
2027	0
2028	1
2029	0
2030	0
2031	0
2032	0
2033	0
2034	0
2035	0
2036	0
2037	0
2038	0
2039	0
2040	0
2041	0
2042	0
2043	0
2044	0
2045	0
2046	0
2047	0
2048	0
2049	0
2050	0
2051	0
2052	0
2053	0
2054	0
2055	0
2056	1
2057	0
2058	0
2059	0
2060	0
2061	0
2062	1
2063	0
2064	0
2065	0
2066	0
2067	0
2068	0
2069	0
2070	0
2071	0
2072	0
2073	0
2074	0
2075	0
2076	0
2077	0
2078	0
2079	0
2080	0
2081	0
2082	0
2083	0
2084	0
2085	0
2086	0
2087	0
2088	0
2089	0
2090	0
2091	0
2092	0
2093	0
2094	0
2095	0
2096	1
2097	1
2098	0
2099	0
2100	0
2101	0
2102	0
2103	0
2104	0
2105	0
2106	0
2107	0
2108	0
2109	0
2110	0
2111	0
2112	0
2113	0
2114	1
2115	0
2116	0
2117	0
2118	0
2119	0
2120	0
2121	0
2122	0
2123	0
2124	0
2125	0
2126	0
2127	0
2128	0
2129	0
2130	0
2131	0
2132	0
2133	0
2134	0
2135	0
2136	0
2137	0
2138	0
2139	0
2140	0
2141	0
2142	0
2143	0
2144	0
2145	0
2146	0
2147	0
2148	0
2149	1
2150	0
2151	0
2152	0
2153	0
2154	0
2155	0
2156	0
2157	1
2158	0
2159	0
2160	1
2161	0
2162	0
2163	0
2164	0
2165	0
2166	0
2167	0
2168	0
2169	0
2170	0
2171	0
2172	0
2173	0
2174	0
2175	0
2176	0
2177	0
2178	0
2179	0
2180	0
2181	1
2182	0
2183	0
2184	0
2185	0
2186	0
2187	0
2188	0
2189	0
2190	0
2191	1
2192	0
2193	1
2194	0
2195	0
2196	0
2197	0
2198	0
2199	0
2200	0
2201	0
2202	0
2203	0
2204	0
2205	0
2206	0
2207	0
2208	0
2209	0
2210	0
2211	0
2212	0
2213	0
2214	0
2215	0
2216	0
2217	0
2218	0
2219	0
2220	0
2221	0
2222	0
2223	0
2224	0
2225	0
2226	0
2227	0
2228	0
2229	0
2230	0
2231	0
2232	0
2233	0
2234	0
2235	0
2236	0
2237	0
2238	0
2239	0
2240	0
2241	1
2242	0
2243	0
2244	0
2245	1
2246	0
2247	0
2248	0
2249	0
2250	0
2251	0
2252	0
2253	0
2254	0
2255	0
2256	0
2257	0
2258	0
2259	0
2260	1
2261	0
2262	0
2263	0
2264	0
2265	0
2266	0
2267	0
2268	0
2269	0
2270	0
2271	0
2272	0
2273	0
2274	0
2275	0
2276	0
2277	0
2278	0
2279	0
2280	0
2281	0
2282	0
2283	1
2284	0
2285	0
2286	0
2287	0
2288	0
2289	0
2290	0
2291	0
2292	0
2293	0
2294	0
2295	0
2296	0
2297	0
2298	0
2299	0
2300	0
2301	1
2302	0
2303	0
2304	0
2305	0
2306	0
2307	1
2308	0
2309	0
2310	0
2311	0
2312	0
2313	0
2314	0
2315	0
2316	0
2317	0
2318	0
2319	0
2320	0
2321	0
2322	0
2323	0
2324	0
2325	0
2326	0
2327	0
2328	0
2329	0
2330	0
2331	0
2332	0
2333	0
2334	0
2335	0
2336	0
2337	0
2338	0
2339	0
2340	0
2341	0
2342	0
2343	0
2344	0
2345	0
2346	0
2347	0
2348	0
2349	0
2350	0
2351	0
2352	0
2353	0
2354	1
2355	1
2356	0
2357	0
2358	0
2359	0
2360	0
2361	0
2362	0
2363	0
2364	0
2365	0
2366	0
2367	0
2368	0
2369	0
2370	0
2371	0
2372	0
2373	0
2374	0
2375	0
2376	0
2377	0
2378	0
2379	0
2380	0
2381	1
2382	0
2383	0
2384	0
2385	0
2386	0
2387	1
2388	0
2389	0
2390	0
2391	0
2392	0
2393	0
2394	0
2395	0
2396	0
2397	0
2398	0
2399	0
2400	1
2401	0
2402	0
2403	0
2404	0
2405	0
2406	0
2407	0
2408	0
2409	0
2410	0
2411	0
2412	0
2413	0
2414	0
2415	0
2416	0
2417	0
2418	0
2419	0
2420	0
2421	0
2422	0
2423	0
2424	0
2425	0
2426	1
2427	0
2428	0
2429	1
2430	0
2431	0
2432	0
2433	0
2434	0
2435	0
2436	0
2437	0
2438	0
2439	0
2440	0
2441	1
2442	0
2443	0
2444	0
2445	0
2446	0
2447	0
2448	0
2449	0
2450	0
2451	0
2452	0
2453	0
2454	0
2455	0
2456	0
2457	0
2458	0
2459	0
2460	0
2461	0
2462	0
2463	0
2464	0
2465	0
2466	0
2467	0
2468	0
2469	0
2470	0
2471	0
2472	0
2473	0
2474	0
2475	0
2476	0
2477	0
2478	0
2479	0
2480	0
2481	0
2482	0
2483	0
2484	0
2485	0
2486	0
2487	0
2488	0
2489	0
2490	0
2491	0
2492	0
2493	0
2494	0
2495	0
2496	0
2497	0
2498	0
2499	0
2500	0
2501	0
2502	0
2503	0
2504	0
2505	0
2506	0
2507	0
2508	2
2509	0
2510	1
2511	0
2512	0
2513	0
2514	0
2515	0
2516	0
2517	0
2518	1
2519	0
2520	0
2521	0
2522	0
2523	0
2524	0
2525	0
2526	0
2527	0
2528	0
2529	1
2530	1
2531	0
2532	0
2533	0
2534	0
2535	0
2536	2
2537	1
2538	0
2539	0
2540	0
2541	0
2542	0
2543	0
2544	0
2545	0
2546	0
2547	0
2548	0
2549	1
2550	0
2551	0
2552	0
2553	0
2554	0
2555	0
2556	0
2557	0
2558	0
2559	1
2560	0
2561	0
2562	0
2563	0
2564	0
2565	0
2566	0
2567	0
2568	0
2569	0
2570	0
2571	0
2572	0
2573	0
2574	0
2575	0
2576	0
2577	0
2578	0
2579	0
2580	0
2581	1
2582	0
2583	0
2584	0
2585	1
2586	0
2587	0
2588	0
2589	0
2590	0
2591	0
2592	0
2593	0
2594	0
2595	0
2596	0
2597	0
2598	0
2599	0
2600	0
2601	0
2602	0
2603	0
2604	0
2605	0
2606	0
2607	0
2608	0
2609	0
2610	0
2611	0
2612	0
2613	0
2614	0
2615	0
2616	0
2617	0
2618	0
2619	1
2620	0
2621	0
2622	0
2623	0
2624	0
2625	1
2626	0
2627	0
2628	0
2629	0
2630	1
2631	0
2632	0
2633	0
2634	0
2635	0
2636	0
2637	0
2638	0
2639	0
2640	0
2641	0
2642	0
2643	0
2644	0
2645	0
2646	0
2647	1
2648	0
2649	0
2650	0
2651	0
2652	0
2653	0
2654	0
2655	0
2656	0
2657	0
2658	1
2659	0
2660	0
2661	0
2662	0
2663	0
2664	0
2665	0
2666	0
2667	0
2668	0
2669	0
2670	0
2671	0
2672	0
2673	0
2674	1
2675	0
2676	0
2677	0
2678	0
2679	1
2680	0
2681	0
2682	1
2683	0
2684	0
2685	0
2686	0
2687	0
2688	0
2689	0
2690	0
2691	0
2692	0
2693	0
2694	0
2695	1
2696	0
2697	0
2698	0
2699	0
2700	0
2701	0
2702	0
2703	0
2704	0
2705	0
2706	0
2707	0
2708	1
2709	0
2710	0
2711	0
2712	0
2713	0
2714	0
2715	0
2716	0
2717	0
2718	0
2719	0
2720	0
2721	0
2722	1
2723	0
2724	0
2725	0
2726	0
2727	0
2728	0
2729	0
2730	0
2731	0
2732	0
2733	0
2734	0
2735	0
2736	0
2737	0
2738	0
2739	1
2740	0
2741	0
2742	0
2743	0
2744	0
2745	0
2746	0
2747	0
2748	0
2749	0
2750	0
2751	0
2752	0
2753	0
2754	0
2755	0
2756	0
2757	0
2758	0
2759	0
2760	0
2761	0
2762	0
2763	0
2764	0
2765	1
2766	0
2767	0
2768	0
2769	0
2770	0
2771	0
2772	0
2773	0
2774	0
2775	0
2776	1
2777	0
2778	0
2779	0
2780	0
2781	0
2782	0
2783	0
2784	0
2785	0
2786	0
2787	0
2788	0
2789	0
2790	0
2791	0
2792	0
2793	0
2794	0
2795	0
2796	0
2797	0
2798	0
2799	0
2800	0
2801	0
2802	1
2803	0
2804	0
2805	0
2806	0
2807	0
2808	0
2809	0
2810	0
2811	0
2812	0
2813	0
2814	0
2815	0
2816	0
2817	0
2818	0
2819	0
2820	1
2821	0
2822	0
2823	0
2824	0
2825	0
2826	0
2827	0
2828	0
2829	0
2830	0
2831	0
2832	0
2833	0
2834	0
2835	0
2836	0
2837	0
2838	0
2839	0
2840	0
2841	0
2842	0
2843	0
2844	0
2845	0
2846	0
2847	0
2848	0
2849	0
2850	0
2851	0
2852	0
2853	0
2854	0
2855	0
2856	0
2857	0
2858	0
2859	0
2860	0
2861	0
2862	0
2863	0
2864	0
2865	0
2866	0
2867	0
2868	0
2869	0
2870	0
2871	1
2872	0
2873	0
2874	0
2875	0
2876	0
2877	0
2878	0
2879	0
2880	0
2881	0
2882	0
2883	0
2884	0
2885	0
2886	0
2887	0
2888	0
2889	0
2890	0
2891	0
2892	0
2893	0
2894	0
2895	0
2896	0
2897	0
2898	0
2899	0
2900	0
2901	0
2902	0
2903	0
2904	0
2905	0
2906	0
2907	0
2908	0
2909	0
2910	0
2911	0
2912	0
2913	0
2914	0
2915	0
2916	0
2917	0
2918	0
2919	0
2920	0
2921	0
2922	0
2923	0
2924	0
2925	0
2926	0
2927	0
2928	0
2929	0
2930	0
2931	0
2932	0
2933	0
2934	0
2935	0
2936	0
2937	0
2938	0
2939	0
2940	0
2941	1
2942	1
2943	0
2944	0
2945	0
2946	0
2947	0
2948	0
2949	0
2950	0
2951	0
2952	0
2953	0
2954	0
2955	0
2956	0
2957	0
2958	0
2959	0
2960	0
2961	0
2962	0
2963	0
2964	0
2965	0
2966	0
2967	0
2968	0
2969	0
2970	0
2971	0
2972	0
2973	0
2974	0
2975	0
2976	0
2977	0
2978	0
2979	0
2980	0
2981	0
2982	0
2983	0
2984	0
2985	0
2986	0
2987	0
2988	0
2989	1
2990	0
2991	0
2992	0
2993	0
2994	0
2995	0
2996	0
2997	0
2998	0
2999	0
3000	0
3001	0
3002	0
3003	0
3004	0
3005	0
3006	0
3007	0
3008	0
3009	0
3010	0
3011	0
3012	0
3013	0
3014	0
3015	0
3016	0
3017	0
3018	0
3019	0
3020	1
3021	0
3022	0
3023	0
3024	0
3025	0
3026	0
3027	0
3028	0
3029	0
3030	0
3031	0
3032	0
3033	0
3034	0
3035	0
3036	0
3037	0
3038	0
3039	0
3040	0
3041	0
3042	0
3043	0
3044	0
3045	0
3046	0
3047	0
3048	0
3049	0
3050	0
3051	0
3052	0
3053	0
3054	0
3055	0
3056	0
3057	0
3058	0
3059	0
3060	0
3061	0
3062	0
3063	0
3064	0
3065	0
3066	0
3067	0
3068	0
3069	0
3070	0
3071	0
3072	0
3073	0
3074	0
3075	0
3076	0
3077	0
3078	0
3079	0
3080	0
3081	0
3082	0
3083	0
3084	0
3085	0
3086	0
3087	0
3088	0
3089	0
3090	0
3091	0
3092	0
3093	0
3094	0
3095	0
3096	0
3097	0
3098	0
3099	0
3100	0
3101	1
3102	0
3103	0
3104	0
3105	0
3106	0
3107	0
3108	0
3109	0
3110	0
3111	0
3112	0
3113	0
3114	0
3115	0
3116	0
3117	0
3118	0
3119	0
3120	0
3121	0
3122	0
3123	0
3124	0
3125	0
3126	0
3127	0
3128	0
3129	0
3130	0
3131	0
3132	0
3133	0
3134	0
3135	0
3136	0
3137	0
3138	0
3139	0
3140	0
3141	0
3142	0
3143	0
3144	0
3145	0
3146	0
3147	0
3148	1
3149	0
3150	0
3151	0
3152	0
3153	0
3154	0
3155	0
3156	0
3157	0
3158	0
3159	0
3160	0
3161	0
3162	0
3163	0
3164	1
3165	0
3166	0
3167	0
3168	0
3169	0
3170	0
3171	0
3172	0
3173	0
3174	0
3175	0
3176	0
3177	0
3178	0
3179	0
3180	0
3181	0
3182	0
3183	0
3184	0
3185	0
3186	0
3187	0
3188	0
3189	0
3190	0
3191	0
3192	0
3193	0
3194	0
3195	0
3196	0
3197	0
3198	0
3199	0
3200	0
3201	0
3202	0
3203	0
3204	0
3205	0
3206	0
3207	0
3208	0
3209	0
3210	0
3211	0
3212	0
3213	0
3214	0
3215	0
3216	0
3217	0
3218	0
3219	0
3220	0
3221	0
3222	0
3223	0
3224	0
3225	0
3226	0
3227	1
3228	0
3229	0
3230	0
3231	0
3232	0
3233	0
3234	0
3235	0
3236	0
3237	0
3238	0
3239	0
3240	0
3241	0
3242	0
3243	0
3244	0
3245	0
3246	0
3247	0
3248	1
3249	0
3250	0
3251	0
3252	0
3253	0
3254	0
3255	0
3256	0
3257	0
3258	0
3259	0
3260	0
3261	0
3262	0
3263	0
3264	0
3265	0
3266	0
3267	0
3268	0
3269	0
3270	1
3271	0
3272	0
3273	0
3274	0
3275	0
3276	1
3277	0
3278	0
3279	0
3280	0
3281	0
3282	0
3283	0
3284	0
3285	0
3286	0
3287	0
3288	0
3289	0
3290	0
3291	0
3292	0
3293	0
3294	0
3295	0
3296	0
3297	0
3298	0
3299	0
3300	0
3301	0
3302	0
3303	0
3304	0
3305	0
3306	0
3307	0
3308	0
3309	0
3310	0
3311	0
3312	0
3313	0
3314	0
3315	0
3316	0
3317	0
3318	0
3319	0
3320	0
3321	0
3322	0
3323	0
3324	0
3325	0
3326	0
3327	0
3328	0
3329	0
3330	0
3331	0
3332	0
3333	0
3334	0
3335	0
3336	0
3337	0
3338	0
3339	0
3340	0
3341	0
3342	1
3343	0
3344	0
3345	0
3346	0
3347	0
3348	0
3349	0
3350	0
3351	0
3352	0
3353	0
3354	0
3355	0
3356	0
3357	1
3358	0
3359	0
3360	0
3361	0
3362	0
3363	0
3364	0
3365	0
3366	0
3367	0
3368	0
3369	0
3370	0
3371	0
3372	0
3373	0
3374	0
3375	0
3376	0
3377	0
3378	0
3379	1
3380	0
3381	0
3382	0
3383	0
3384	0
3385	1
3386	0
3387	1
3388	1
3389	0
3390	0
3391	0
3392	0
3393	1
3394	0
3395	0
3396	0
3397	0
3398	0
3399	0
3400	0
3401	0
3402	0
3403	0
3404	0
3405	0
3406	0
3407	0
3408	0
3409	0
3410	0
3411	0
3412	0
3413	0
3414	0
3415	0
3416	0
3417	0
3418	0
3419	0
3420	0
3421	0
3422	0
3423	0
3424	1
3425	0
3426	0
3427	0
3428	0
3429	0
3430	0
3431	0
3432	0
3433	0
3434	0
3435	1
3436	0
3437	0
3438	0
3439	0
3440	0
3441	0
3442	0
3443	0
3444	1
3445	0
3446	0
3447	0
3448	0
3449	0
3450	0
3451	0
3452	0
3453	1
3454	0
3455	0
3456	0
3457	0
3458	1
3459	0
3460	0
3461	0
3462	0
3463	0
3464	0
3465	0
3466	0
3467	0
3468	0
3469	0
3470	0
3471	0
3472	0
3473	0
3474	0
3475	0
3476	0
3477	1
3478	0
3479	0
3480	0
3481	1
3482	0
3483	0
3484	0
3485	0
3486	0
3487	0
3488	0
3489	0
3490	0
3491	1
3492	0
3493	0
3494	0
3495	1
3496	0
3497	0
3498	0
3499	0
3500	0
3501	0
3502	0
3503	0
3504	0
3505	0
3506	0
3507	0
3508	0
3509	1
3510	0
3511	0
3512	0
3513	0
3514	0
3515	0
3516	0
3517	0
3518	0
3519	2
3520	0
3521	0
3522	0
3523	0
3524	0
3525	0
3526	0
3527	0
3528	0
3529	0
3530	0
3531	0
3532	0
3533	0
3534	0
3535	0
3536	0
3537	0
3538	0
3539	0
3540	0
3541	0
3542	0
3543	0
3544	0
3545	0
3546	1
3547	0
3548	0
3549	0
3550	0
3551	0
3552	0
3553	0
3554	0
3555	0
3556	0
3557	1
3558	1
3559	0
3560	0
3561	0
3562	0
3563	0
3564	0
3565	0
3566	0
3567	0
3568	0
3569	0
3570	0
3571	0
3572	0
3573	0
3574	0
3575	0
3576	0
3577	0
3578	0
3579	0
3580	0
3581	0
3582	0
3583	0
3584	0
3585	0
3586	0
3587	1
3588	0
3589	0
3590	1
3591	0
3592	0
3593	0
3594	0
3595	1
3596	0
3597	0
3598	0
3599	0
3600	0
3601	0
3602	0
3603	0
3604	0
3605	0
3606	0
3607	0
3608	0
3609	0
3610	0
3611	0
3612	0
3613	0
3614	1
3615	0
3616	0
3617	0
3618	0
3619	0
3620	0
3621	0
3622	0
3623	0
3624	0
3625	0
3626	0
3627	0
3628	0
3629	0
3630	0
3631	0
3632	0
3633	0
3634	0
3635	0
3636	0
3637	0
3638	0
3639	1
3640	0
3641	1
3642	0
3643	1
3644	0
3645	1
3646	0
3647	0
3648	0
3649	1
3650	1
3651	0
3652	0
3653	0
3654	0
3655	0
3656	0
3657	0
3658	0
3659	0
3660	0
3661	0
3662	0
3663	0
3664	0
3665	0
3666	0
3667	0
3668	0
3669	0
3670	0
3671	0
3672	2
3673	1
3674	0
3675	0
3676	0
3677	0
3678	0
3679	1
3680	0
3681	0
3682	0
3683	0
3684	1
3685	0
3686	0
3687	0
3688	0
3689	0
3690	0
3691	1
3692	0
3693	0
3694	0
3695	0
3696	0
3697	0
3698	0
3699	0
3700	0
3701	0
3702	0
3703	0
3704	0
3705	1
3706	0
3707	0
3708	0
3709	0
3710	0
3711	0
3712	0
3713	0
3714	0
3715	0
3716	0
3717	0
3718	0
3719	0
3720	1
3721	0
3722	0
3723	0
3724	0
3725	0
3726	0
3727	0
3728	0
3729	0
3730	0
3731	0
3732	0
3733	0
3734	0
3735	0
3736	0
3737	0
3738	1
3739	0
3740	0
3741	1
3742	0
3743	0
3744	0
3745	0
3746	0
3747	0
3748	0
3749	0
3750	0
3751	1
3752	0
3753	0
3754	0
3755	0
3756	0
3757	0
3758	0
3759	0
3760	0
3761	0
3762	0
3763	0
3764	0
3765	0
3766	1
3767	0
3768	0
3769	0
3770	0
3771	0
3772	0
3773	0
3774	0
3775	0
3776	0
3777	1
3778	0
3779	0
3780	0
3781	0
3782	0
3783	0
3784	0
3785	0
3786	1
3787	0
3788	0
3789	0
3790	0
3791	1
3792	0
3793	0
3794	0
3795	0
3796	0
3797	0
3798	0
3799	0
3800	0
3801	0
3802	0
3803	0
3804	0
3805	1
3806	0
3807	0
3808	0
3809	0
3810	0
3811	0
3812	0
3813	0
3814	0
3815	0
3816	0
3817	0
3818	0
3819	0
3820	1
3821	0
3822	1
3823	0
3824	1
3825	0
3826	0
3827	0
3828	0
3829	0
3830	0
3831	0
3832	0
3833	0
3834	0
3835	0
3836	0
3837	0
3838	0
3839	0
3840	0
3841	0
3842	0
3843	0
3844	0
3845	0
3846	0
3847	0
3848	0
3849	1
3850	0
3851	0
3852	0
3853	0
3854	0
3855	0
3856	0
3857	0
3858	0
3859	0
3860	0
3861	0
3862	1
3863	0
3864	0
3865	0
3866	0
3867	1
3868	0
3869	0
3870	1
3871	0
3872	1
3873	0
3874	0
3875	0
3876	0
3877	0
3878	0
3879	0
3880	0
3881	0
3882	0
3883	1
3884	0
3885	0
3886	0
3887	0
3888	0
3889	0
3890	0
3891	0
3892	0
3893	0
3894	0
3895	0
3896	0
3897	0
3898	0
3899	1
3900	1
3901	0
3902	0
3903	0
3904	0
3905	0
3906	2
3907	0
3908	1
3909	0
3910	0
3911	0
3912	0
3913	0
3914	0
3915	0
3916	1
3917	0
3918	0
3919	0
3920	0
3921	0
3922	1
3923	0
3924	0
3925	0
3926	0
3927	0
3928	0
3929	1
3930	0
3931	0
3932	1
3933	0
3934	1
3935	0
3936	1
3937	0
3938	0
3939	0
3940	0
3941	0
3942	0
3943	0
3944	0
3945	0
3946	1
3947	0
3948	0
3949	0
3950	0
3951	1
3952	0
3953	0
3954	0
3955	0
3956	0
3957	0
3958	0
3959	1
3960	1
3961	0
3962	0
3963	0
3964	1
3965	0
3966	0
3967	1
3968	0
3969	0
3970	1
3971	1
3972	1
3973	0
3974	1
3975	0
3976	0
3977	0
3978	0
3979	0
3980	0
3981	0
3982	0
3983	1
3984	0
3985	0
3986	0
3987	0
3988	0
3989	0
3990	0
3991	0
3992	0
3993	0
3994	1
3995	0
3996	0
3997	0
3998	1
3999	0
4000	0
4001	0
4002	0
4003	1
4004	0
4005	0
4006	0
4007	0
4008	0
4009	1
4010	0
4011	1
4012	1
4013	1
4014	0
4015	0
4016	1
4017	1
4018	0
4019	0
4020	0
4021	0
4022	0
4023	0
4024	0
4025	0
4026	0
4027	1
4028	0
4029	0
4030	3
4031	0
4032	0
4033	0
4034	0
4035	0
4036	0
4037	0
4038	0
4039	0
4040	0
4041	0
4042	0
4043	1
4044	0
4045	0
4046	0
4047	0
4048	0
4049	0
4050	1
4051	1
4052	1
4053	0
4054	1
4055	0
4056	0
4057	0
4058	0
4059	0
4060	0
4061	0
4062	0
4063	0
4064	0
4065	0
4066	0
4067	0
4068	0
4069	2
4070	2
4071	7
4072	10
4073	7
4074	13
4075	18
4076	23
4077	24
4078	31
4079	36
4080	42
4081	55
4082	57
4083	73
4084	69
4085	58
4086	73
4087	65
4088	74
4089	68
4090	62
4091	60
4092	77
4093	69
4094	75
4095	62
4096	82
4097	80
4098	63
4099	63
4100	74
4101	74
4102	92
4103	77
4104	71
4105	68
4106	80
4107	62
4108	76
4109	76
4110	70
4111	94
4112	51
4113	77
4114	89
4115	82
4116	85
4117	79
4118	85
4119	74
4120	64
4121	72
4122	56
4123	65
4124	74
4125	82
4126	71
4127	74
4128	77
4129	66
4130	91
4131	83
4132	70
4133	89
4134	58
4135	80
4136	63
4137	74
4138	66
4139	76
4140	72
4141	81
4142	88
4143	72
4144	68
4145	80
4146	81
4147	91
4148	69
4149	74
4150	64
4151	79
4152	71
4153	77
4154	55
4155	82
4156	84
4157	95
4158	67
4159	71
4160	76
4161	84
4162	73
4163	70
4164	91
4165	76
4166	86
4167	84
4168	74
4169	83
4170	85
4171	84
4172	84
4173	97
4174	95
4175	86
4176	86
4177	87
4178	77
4179	82
4180	72
4181	90
4182	95
4183	67
4184	99
4185	85
4186	76
4187	87
4188	79
4189	79
4190	89
4191	92
4192	86
4193	88
4194	84
4195	74
4196	90
4197	82
4198	90
4199	79
4200	82
4201	86
4202	82
4203	103
4204	81
4205	81
4206	82
4207	94
4208	78
4209	96
4210	116
4211	89
4212	96
4213	81
4214	91
4215	93
4216	82
4217	81
4218	95
4219	93
4220	88
4221	81
4222	84
4223	103
4224	79
4225	81
4226	92
4227	81
4228	96
4229	112
4230	86
4231	92
4232	101
4233	105
4234	90
4235	85
4236	101
4237	96
4238	95
4239	77
4240	87
4241	87
4242	94
4243	91
4244	104
4245	100
4246	99
4247	86
4248	92
4249	90
4250	83
4251	125
4252	107
4253	98
4254	73
4255	92
4256	103
4257	105
4258	110
4259	100
4260	86
4261	96
4262	85
4263	87
4264	123
4265	106
4266	104
4267	114
4268	95
4269	96
4270	104
4271	113
4272	98
4273	99
4274	97
4275	110
4276	104
4277	109
4278	98
4279	99
4280	105
4281	102
4282	98
4283	100
4284	100
4285	90
4286	101
4287	112
4288	110
4289	92
4290	92
4291	114
4292	129
4293	113
4294	101
4295	100
4296	112
4297	124
4298	129
4299	115
4300	118
4301	84
4302	95
4303	110
4304	103
4305	117
4306	102
4307	111
4308	107
4309	121
4310	110
4311	110
4312	121
4313	116
4314	120
4315	119
4316	122
4317	107
4318	93
4319	116
4320	105
4321	136
4322	110
4323	109
4324	111
4325	118
4326	143
4327	129
4328	115
4329	110
4330	100
4331	131
4332	101
4333	127
4334	106
4335	113
4336	114
4337	109
4338	126
4339	125
4340	123
4341	114
4342	111
4343	122
4344	115
4345	117
4346	104
4347	140
4348	125
4349	110
4350	144
4351	116
4352	123
4353	111
4354	122
4355	98
4356	127
4357	120
4358	114
4359	132
4360	124
4361	135
4362	126
4363	103
4364	127
4365	132
4366	118
4367	130
4368	124
4369	111
4370	128
4371	123
4372	118
4373	114
4374	118
4375	124
4376	107
4377	126
4378	136
4379	124
4380	150
4381	128
4382	117
4383	120
4384	104
4385	115
4386	136
4387	132
4388	135
4389	125
4390	119
4391	133
4392	134
4393	127
4394	163
4395	132
4396	130
4397	113
4398	147
4399	134
4400	149
4401	141
4402	135
4403	132
4404	133
4405	141
4406	141
4407	153
4408	149
4409	117
4410	147
4411	124
4412	146
4413	138
4414	154
4415	124
4416	155
4417	134
4418	138
4419	136
4420	122
4421	146
4422	156
4423	168
4424	148
4425	155
4426	145
4427	143
4428	149
4429	141
4430	141
4431	156
4432	149
4433	143
4434	136
4435	127
4436	129
4437	130
4438	129
4439	146
4440	150
4441	163
4442	155
4443	142
4444	132
4445	157
4446	133
4447	147
4448	161
4449	145
4450	173
4451	151
4452	161
4453	134
4454	153
4455	163
4456	140
4457	133
4458	153
4459	164
4460	149
4461	143
4462	150
4463	134
4464	157
4465	152
4466	143
4467	141
4468	170
4469	155
4470	162
4471	142
4472	142
4473	161
4474	163
4475	143
4476	156
4477	143
4478	122
4479	181
4480	149
4481	141
4482	156
4483	161
4484	166
4485	165
4486	171
4487	143
4488	152
4489	154
4490	154
4491	145
4492	129
4493	166
4494	144
4495	138
4496	170
4497	140
4498	152
4499	162
4500	156
4501	168
4502	144
4503	152
4504	172
4505	142
4506	153
4507	148
4508	154
4509	152
4510	170
4511	138
4512	142
4513	189
4514	160
4515	148
4516	147
4517	156
4518	177
4519	150
4520	136
4521	153
4522	164
4523	162
4524	143
4525	154
4526	131
4527	164
4528	144
4529	147
4530	164
4531	161
4532	161
4533	154
4534	171
4535	128
4536	160
4537	152
4538	152
4539	135
4540	163
4541	170
4542	162
4543	134
4544	139
4545	148
4546	144
4547	139
4548	153
4549	146
4550	159
4551	171
4552	161
4553	184
4554	150
4555	157
4556	162
4557	169
4558	152
4559	156
4560	169
4561	159
4562	150
4563	173
4564	159
4565	144
4566	176
4567	178
4568	184
4569	169
4570	166
4571	163
4572	186
4573	163
4574	174
4575	193
4576	139
4577	161
4578	154
4579	162
4580	155
4581	155
4582	171
4583	163
4584	147
4585	174
4586	150
4587	143
4588	149
4589	158
4590	163
4591	185
4592	171
4593	153
4594	157
4595	161
4596	141
4597	160
4598	142
4599	145
4600	143
4601	144
4602	150
4603	164
4604	156
4605	141
4606	145
4607	165
4608	149
4609	155
4610	149
4611	147
4612	169
4613	155
4614	142
4615	160
4616	169
4617	140
4618	157
4619	141
4620	154
4621	151
4622	143
4623	176
4624	167
4625	161
4626	171
4627	161
4628	154
4629	151
4630	137
4631	166
4632	149
4633	168
4634	158
4635	148
4636	158
4637	157
4638	180
4639	138
4640	156
4641	173
4642	156
4643	145
4644	153
4645	159
4646	143
4647	156
4648	164
4649	143
4650	167
4651	149
4652	157
4653	126
4654	152
4655	149
4656	157
4657	144
4658	161
4659	158
4660	147
4661	149
4662	152
4663	164
4664	141
4665	160
4666	145
4667	154
4668	149
4669	142
4670	147
4671	139
4672	129
4673	146
4674	147
4675	144
4676	139
4677	151
4678	131
4679	163
4680	148
4681	149
4682	131
4683	162
4684	161
4685	155
4686	136
4687	140
4688	150
4689	141
4690	129
4691	148
4692	171
4693	136
4694	151
4695	133
4696	149
4697	145
4698	143
4699	125
4700	131
4701	157
4702	123
4703	147
4704	145
4705	150
4706	156
4707	141
4708	154
4709	158
4710	150
4711	138
4712	133
4713	138
4714	133
4715	169
4716	133
4717	132
4718	144
4719	135
4720	127
4721	124
4722	135
4723	143
4724	163
4725	136
4726	134
4727	148
4728	155
4729	135
4730	128
4731	139
4732	160
4733	125
4734	128
4735	140
4736	139
4737	121
4738	109
4739	134
4740	138
4741	148
4742	144
4743	137
4744	160
4745	138
4746	146
4747	134
4748	137
4749	144
4750	133
4751	136
4752	135
4753	111
4754	131
4755	138
4756	128
4757	146
4758	119
4759	128
4760	141
4761	122
4762	98
4763	122
4764	125
4765	129
4766	124
4767	140
4768	133
4769	129
4770	122
4771	121
4772	140
4773	119
4774	117
4775	119
4776	120
4777	137
4778	127
4779	115
4780	113
4781	102
4782	120
4783	131
4784	131
4785	124
4786	124
4787	127
4788	133
4789	133
4790	134
4791	137
4792	129
4793	120
4794	123
4795	99
4796	135
4797	115
4798	113
4799	104
4800	120
4801	118
4802	117
4803	97
4804	123
4805	136
4806	102
4807	124
4808	121
4809	104
4810	113
4811	106
4812	98
4813	124
4814	115
4815	107
4816	116
4817	102
4818	128
4819	90
4820	122
4821	126
4822	124
4823	107
4824	109
4825	125
4826	117
4827	105
4828	120
4829	109
4830	109
4831	100
4832	115
4833	110
4834	95
4835	119
4836	102
4837	117
4838	111
4839	106
4840	104
4841	104
4842	117
4843	96
4844	100
4845	106
4846	131
4847	102
4848	113
4849	116
4850	106
4851	118
4852	98
4853	116
4854	99
4855	113
4856	99
4857	114
4858	93
4859	107
4860	114
4861	107
4862	113
4863	96
4864	100
4865	110
4866	98
4867	104
4868	91
4869	107
4870	109
4871	105
4872	111
4873	107
4874	100
4875	127
4876	94
4877	89
4878	98
4879	99
4880	112
4881	105
4882	106
4883	103
4884	90
4885	90
4886	94
4887	105
4888	100
4889	85
4890	101
4891	108
4892	107
4893	117
4894	95
4895	100
4896	84
4897	96
4898	95
4899	100
4900	92
4901	77
4902	82
4903	104
4904	83
4905	86
4906	80
4907	102
4908	97
4909	103
4910	78
4911	82
4912	86
4913	101
4914	93
4915	96
4916	85
4917	100
4918	86
4919	80
4920	97
4921	75
4922	86
4923	95
4924	73
4925	86
4926	80
4927	88
4928	110
4929	90
4930	94
4931	86
4932	79
4933	87
4934	79
4935	106
4936	95
4937	88
4938	92
4939	81
4940	87
4941	84
4942	73
4943	89
4944	72
4945	84
4946	80
4947	94
4948	84
4949	91
4950	86
4951	84
4952	98
4953	88
4954	98
4955	97
4956	79
4957	76
4958	98
4959	72
4960	89
4961	102
4962	101
4963	78
4964	87
4965	76
4966	84
4967	80
4968	83
4969	72
4970	89
4971	88
4972	85
4973	73
4974	83
4975	77
4976	72
4977	82
4978	87
4979	78
4980	87
4981	73
4982	68
4983	83
4984	81
4985	84
4986	71
4987	80
4988	94
4989	77
4990	71
4991	68
4992	65
4993	74
4994	67
4995	73
4996	64
4997	71
4998	74
4999	64
5000	83
5001	70
5002	78
5003	80
5004	64
5005	47
5006	70
5007	83
5008	76
5009	74
5010	72
5011	69
5012	67
5013	76
5014	91
5015	70
5016	73
5017	75
5018	64
5019	84
5020	72
5021	62
5022	62
5023	63
5024	70
5025	65
5026	69
5027	69
5028	71
5029	90
5030	50
5031	77
5032	66
5033	64
5034	64
5035	75
5036	61
5037	68
5038	66
5039	66
5040	64
5041	64
5042	59
5043	75
5044	63
5045	62
5046	71
5047	55
5048	54
5049	78
5050	61
5051	61
5052	68
5053	79
5054	68
5055	73
5056	61
5057	57
5058	59
5059	75
5060	59
5061	61
5062	72
5063	60
5064	46
5065	61
5066	54
5067	60
5068	54
5069	73
5070	64
5071	50
5072	80
5073	69
5074	50
5075	72
5076	46
5077	67
5078	59
5079	56
5080	48
5081	72
5082	55
5083	55
5084	57
5085	62
5086	55
5087	47
5088	61
5089	55
5090	53
5091	49
5092	45
5093	64
5094	65
5095	39
5096	56
5097	50
5098	65
5099	57
5100	66
5101	56
5102	65
5103	68
5104	61
5105	62
5106	59
5107	63
5108	52
5109	56
5110	52
5111	62
5112	62
5113	50
5114	51
5115	60
5116	55
5117	50
5118	67
5119	41
5120	56
5121	40
5122	63
5123	51
5124	50
5125	53
5126	44
5127	50
5128	55
5129	60
5130	64
5131	47
5132	51
5133	42
5134	57
5135	52
5136	45
5137	41
5138	43
5139	47
5140	56
5141	54
5142	53
5143	63
5144	55
5145	59
5146	51
5147	60
5148	42
5149	44
5150	56
5151	50
5152	46
5153	61
5154	49
5155	35
5156	37
5157	45
5158	57
5159	74
5160	38
5161	52
5162	55
5163	52
5164	62
5165	55
5166	45
5167	47
5168	57
5169	48
5170	53
5171	43
5172	48
5173	53
5174	43
5175	46
5176	39
5177	39
5178	41
5179	43
5180	46
5181	48
5182	54
5183	37
5184	46
5185	43
5186	46
5187	48
5188	43
5189	47
5190	36
5191	52
5192	40
5193	39
5194	48
5195	35
5196	46
5197	41
5198	49
5199	45
5200	47
5201	43
5202	36
5203	44
5204	35
5205	48
5206	58
5207	36
5208	28
5209	46
5210	28
5211	44
5212	42
5213	49
5214	42
5215	35
5216	35
5217	37
5218	36
5219	40
5220	33
5221	39
5222	40
5223	36
5224	37
5225	40
5226	44
5227	45
5228	40
5229	51
5230	44
5231	37
5232	32
5233	40
5234	31
5235	37
5236	38
5237	40
5238	44
5239	50
5240	33
5241	46
5242	45
5243	36
5244	39
5245	40
5246	29
5247	46
5248	46
5249	40
5250	40
5251	42
5252	33
5253	45
5254	27
5255	39
5256	28
5257	26
5258	43
5259	32
5260	30
5261	40
5262	38
5263	32
5264	37
5265	37
5266	35
5267	24
5268	33
5269	35
5270	31
5271	50
5272	31
5273	44
5274	38
5275	34
5276	32
5277	38
5278	43
5279	39
5280	42
5281	43
5282	30
5283	40
5284	27
5285	31
5286	37
5287	39
5288	38
5289	31
5290	42
5291	29
5292	34
5293	31
5294	50
5295	35
5296	35
5297	41
5298	36
5299	32
5300	46
5301	33
5302	23
5303	38
5304	40
5305	31
5306	32
5307	40
5308	23
5309	34
5310	33
5311	30
5312	30
5313	34
5314	33
5315	30
5316	37
5317	32
5318	35
5319	38
5320	37
5321	33
5322	33
5323	36
5324	36
5325	35
5326	33
5327	31
5328	28
5329	34
5330	29
5331	29
5332	20
5333	37
5334	33
5335	24
5336	32
5337	23
5338	30
5339	25
5340	25
5341	40
5342	24
5343	32
5344	27
5345	24
5346	36
5347	28
5348	27
5349	32
5350	31
5351	20
5352	24
5353	36
5354	24
5355	30
5356	26
5357	26
5358	32
5359	23
5360	32
5361	32
5362	18
5363	26
5364	17
5365	26
5366	31
5367	25
5368	36
5369	22
5370	29
5371	36
5372	24
5373	31
5374	34
5375	32
5376	30
5377	37
5378	34
5379	30
5380	24
5381	29
5382	28
5383	26
5384	32
5385	21
5386	25
5387	25
5388	17
5389	29
5390	25
5391	25
5392	25
5393	23
5394	24
5395	26
5396	19
5397	25
5398	37
5399	25
5400	31
5401	21
5402	29
5403	21
5404	30
5405	25
5406	30
5407	31
5408	23
5409	33
5410	27
5411	28
5412	20
5413	20
5414	26
5415	24
5416	28
5417	23
5418	27
5419	28
5420	28
5421	33
5422	17
5423	26
5424	24
5425	21
5426	31
5427	29
5428	28
5429	24
5430	33
5431	26
5432	33
5433	27
5434	26
5435	20
5436	23
5437	18
5438	16
5439	16
5440	27
5441	20
5442	29
5443	36
5444	24
5445	28
5446	19
5447	25
5448	30
5449	23
5450	24
5451	26
5452	17
5453	27
5454	26
5455	31
5456	19
5457	22
5458	28
5459	26
5460	27
5461	26
5462	26
5463	27
5464	20
5465	17
5466	28
5467	23
5468	23
5469	18
5470	33
5471	28
5472	25
5473	29
5474	27
5475	16
5476	28
5477	28
5478	18
5479	32
5480	21
5481	23
5482	32
5483	31
5484	28
5485	19
5486	23
5487	27
5488	26
5489	22
5490	21
5491	21
5492	24
5493	20
5494	21
5495	34
5496	29
5497	25
5498	16
5499	30
5500	21
5501	14
5502	19
5503	28
5504	21
5505	33
5506	22
5507	22
5508	20
5509	23
5510	24
5511	18
5512	17
5513	16
5514	31
5515	20
5516	24
5517	28
5518	18
5519	19
5520	30
5521	24
5522	28
5523	15
5524	23
5525	21
5526	26
5527	30
5528	25
5529	27
5530	21
5531	21
5532	22
5533	32
5534	37
5535	26
5536	23
5537	21
5538	14
5539	26
5540	17
5541	22
5542	27
5543	15
5544	26
5545	28
5546	19
5547	19
5548	18
5549	16
5550	17
5551	28
5552	27
5553	22
5554	14
5555	31
5556	18
5557	20
5558	20
5559	22
5560	24
5561	23
5562	22
5563	18
5564	24
5565	19
5566	30
5567	34
5568	28
5569	20
5570	22
5571	26
5572	17
5573	28
5574	18
5575	19
5576	20
5577	14
5578	16
5579	22
5580	16
5581	27
5582	23
5583	20
5584	28
5585	31
5586	26
5587	28
5588	22
5589	19
5590	25
5591	12
5592	23
5593	19
5594	27
5595	31
5596	24
5597	22
5598	25
5599	24
5600	29
5601	17
5602	16
5603	23
5604	21
5605	22
5606	24
5607	30
5608	17
5609	20
5610	23
5611	21
5612	24
5613	31
5614	15
5615	22
5616	17
5617	24
5618	28
5619	25
5620	16
5621	20
5622	20
5623	18
5624	25
5625	21
5626	18
5627	19
5628	17
5629	25
5630	27
5631	21
5632	27
5633	24
5634	15
5635	23
5636	20
5637	25
5638	19
5639	23
5640	19
5641	21
5642	21
5643	22
5644	20
5645	21
5646	20
5647	18
5648	23
5649	17
5650	19
5651	25
5652	19
5653	18
5654	27
5655	22
5656	27
5657	13
5658	21
5659	26
5660	19
5661	19
5662	23
5663	23
5664	22
5665	23
5666	19
5667	16
5668	13
5669	16
5670	16
5671	18
5672	20
5673	28
5674	10
5675	25
5676	21
5677	16
5678	24
5679	20
5680	24
5681	20
5682	19
5683	21
5684	22
5685	18
5686	15
5687	23
5688	18
5689	25
5690	17
5691	22
5692	19
5693	22
5694	17
5695	19
5696	23
5697	24
5698	17
5699	22
5700	20
5701	18
5702	26
5703	28
5704	15
5705	29
5706	19
5707	20
5708	18
5709	22
5710	24
5711	21
5712	28
5713	29
5714	18
5715	14
5716	20
5717	25
5718	11
5719	18
5720	25
5721	13
5722	26
5723	16
5724	20
5725	18
5726	17
5727	18
5728	19
5729	21
5730	11
5731	16
5732	16
5733	24
5734	23
5735	16
5736	17
5737	17
5738	30
5739	16
5740	20
5741	19
5742	18
5743	24
5744	13
5745	21
5746	28
5747	19
5748	25
5749	20
5750	13
5751	24
5752	14
5753	23
5754	12
5755	18
5756	22
5757	19
5758	22
5759	16
5760	16
5761	20
5762	20
5763	17
5764	22
5765	20
5766	16
5767	20
5768	14
5769	13
5770	18
5771	13
5772	19
5773	12
5774	19
5775	21
5776	15
5777	18
5778	20
5779	15
5780	17
5781	17
5782	16
5783	9
5784	18
5785	18
5786	20
5787	17
5788	21
5789	17
5790	20
5791	17
5792	13
5793	19
5794	22
5795	24
5796	18
5797	20
5798	15
5799	16
5800	18
5801	18
5802	18
5803	20
5804	14
5805	19
5806	16
5807	23
5808	12
5809	20
5810	22
5811	12
5812	18
5813	16
5814	17
5815	14
5816	18
5817	15
5818	11
5819	14
5820	20
5821	20
5822	19
5823	23
5824	16
5825	23
5826	18
5827	11
5828	23
5829	16
5830	18
5831	18
5832	22
5833	18
5834	10
5835	20
5836	13
5837	20
5838	19
5839	13
5840	16
5841	17
5842	7
5843	15
5844	14
5845	13
5846	21
5847	15
5848	10
5849	9
5850	20
5851	20
5852	16
5853	15
5854	18
5855	10
5856	17
5857	15
5858	15
5859	18
5860	24
5861	12
5862	18
5863	19
5864	19
5865	11
5866	23
5867	7
5868	13
5869	12
5870	18
5871	16
5872	22
5873	25
5874	17
5875	11
5876	12
5877	18
5878	16
5879	16
5880	12
5881	14
5882	14
5883	15
5884	16
5885	8
5886	13
5887	17
5888	17
5889	13
5890	16
5891	14
5892	17
5893	11
5894	12
5895	17
5896	16
5897	17
5898	22
5899	11
5900	20
5901	17
5902	20
5903	20
5904	16
5905	9
5906	11
5907	9
5908	16
5909	9
5910	12
5911	6
5912	21
5913	9
5914	8
5915	15
5916	20
5917	17
5918	15
5919	15
5920	14
5921	14
5922	11
5923	15
5924	16
5925	15
5926	15
5927	17
5928	21
5929	6
5930	9
5931	8
5932	17
5933	15
5934	18
5935	13
5936	18
5937	16
5938	12
5939	10
5940	14
5941	13
5942	6
5943	11
5944	10
5945	12
5946	11
5947	8
5948	10
5949	10
5950	18
5951	16
5952	10
5953	20
5954	16
5955	10
5956	11
5957	15
5958	18
5959	12
5960	10
5961	16
5962	8
5963	14
5964	14
5965	21
5966	13
5967	5
5968	9
5969	15
5970	11
5971	13
5972	11
5973	13
5974	18
5975	15
5976	15
5977	9
5978	8
5979	12
5980	15
5981	12
5982	17
5983	14
5984	14
5985	17
5986	7
5987	17
5988	13
5989	13
5990	13
5991	11
5992	9
5993	15
5994	14
5995	11
5996	10
5997	9
5998	13
5999	11
6000	8
6001	12
6002	14
6003	10
6004	9
6005	2
6006	10
6007	10
6008	13
6009	14
6010	18
6011	7
6012	11
6013	8
6014	6
6015	11
6016	11
6017	9
6018	5
6019	9
6020	14
6021	14
6022	6
6023	11
6024	10
6025	11
6026	11
6027	14
6028	9
6029	8
6030	7
6031	6
6032	14
6033	11
6034	9
6035	9
6036	8
6037	6
6038	8
6039	6
6040	14
6041	15
6042	14
6043	6
6044	10
6045	11
6046	10
6047	10
6048	8
6049	9
6050	5
6051	10
6052	12
6053	6
6054	10
6055	7
6056	3
6057	10
6058	11
6059	5
6060	7
6061	6
6062	7
6063	15
6064	8
6065	13
6066	8
6067	5
6068	9
6069	5
6070	12
6071	9
6072	12
6073	8
6074	8
6075	4
6076	7
6077	13
6078	4
6079	8
6080	8
6081	5
6082	6
6083	12
6084	8
6085	11
6086	5
6087	5
6088	9
6089	12
6090	5
6091	8
6092	8
6093	8
6094	5
6095	8
6096	11
6097	7
6098	6
6099	6
6100	5
6101	6
6102	6
6103	3
6104	11
6105	6
6106	6
6107	9
6108	12
6109	9
6110	6
6111	9
6112	7
6113	7
6114	6
6115	6
6116	6
6117	6
6118	3
6119	8
6120	6
6121	10
6122	16
6123	9
6124	11
6125	7
6126	7
6127	5
6128	10
6129	8
6130	7
6131	7
6132	2
6133	4
6134	6
6135	10
6136	8
6137	5
6138	5
6139	9
6140	8
6141	6
6142	10
6143	4
6144	11
6145	7
6146	7
6147	6
6148	8
6149	10
6150	4
6151	4
6152	5
6153	2
6154	8
6155	5
6156	5
6157	7
6158	10
6159	6
6160	7
6161	11
6162	9
6163	5
6164	6
6165	3
6166	7
6167	1
6168	11
6169	4
6170	12
6171	10
6172	7
6173	9
6174	6
6175	3
6176	5
6177	6
6178	6
6179	4
6180	4
6181	7
6182	6
6183	7
6184	7
6185	9
6186	6
6187	4
6188	8
6189	7
6190	11
6191	9
6192	3
6193	4
6194	4
6195	6
6196	4
6197	3
6198	5
6199	5
6200	4
6201	2
6202	5
6203	3
6204	6
6205	5
6206	5
6207	6
6208	12
6209	1
6210	1
6211	5
6212	6
6213	9
6214	6
6215	8
6216	7
6217	4
6218	3
6219	4
6220	5
6221	4
6222	6
6223	5
6224	7
6225	1
6226	5
6227	4
6228	6
6229	6
6230	4
6231	5
6232	5
6233	4
6234	0
6235	9
6236	3
6237	4
6238	4
6239	6
6240	5
6241	5
6242	4
6243	6
6244	4
6245	5
6246	7
6247	5
6248	4
6249	3
6250	8
6251	6
6252	4
6253	1
6254	3
6255	6
6256	7
6257	4
6258	3
6259	9
6260	3
6261	7
6262	5
6263	3
6264	5
6265	5
6266	7
6267	4
6268	1
6269	4
6270	5
6271	3
6272	9
6273	7
6274	4
6275	4
6276	5
6277	6
6278	6
6279	2
6280	3
6281	2
6282	5
6283	1
6284	3
6285	6
6286	2
6287	3
6288	4
6289	4
6290	8
6291	6
6292	3
6293	6
6294	4
6295	4
6296	3
6297	4
6298	6
6299	5
6300	1
6301	1
6302	4
6303	7
6304	5
6305	3
6306	3
6307	6
6308	4
6309	5
6310	3
6311	4
6312	3
6313	6
6314	4
6315	4
6316	4
6317	4
6318	5
6319	4
6320	5
6321	5
6322	3
6323	5
6324	5
6325	4
6326	4
6327	2
6328	4
6329	6
6330	1
6331	2
6332	6
6333	3
6334	4
6335	1
6336	6
6337	3
6338	4
6339	2
6340	5
6341	4
6342	3
6343	4
6344	3
6345	1
6346	1
6347	2
6348	2
6349	6
6350	2
6351	4
6352	6
6353	3
6354	4
6355	3
6356	2
6357	3
6358	1
6359	5
6360	0
6361	3
6362	3
6363	1
6364	7
6365	6
6366	3
6367	4
6368	4
6369	1
6370	4
6371	3
6372	6
6373	4
6374	0
6375	5
6376	1
6377	5
6378	1
6379	3
6380	2
6381	5
6382	2
6383	8
6384	4
6385	4
6386	2
6387	1
6388	2
6389	6
6390	1
6391	0
6392	1
6393	2
6394	2
6395	1
6396	2
6397	4
6398	5
6399	4
6400	2
6401	3
6402	2
6403	3
6404	5
6405	3
6406	8
6407	2
6408	4
6409	3
6410	0
6411	4
6412	0
6413	6
6414	3
6415	3
6416	2
6417	3
6418	3
6419	3
6420	0
6421	1
6422	0
6423	1
6424	1
6425	4
6426	3
6427	1
6428	1
6429	1
6430	2
6431	4
6432	2
6433	5
6434	4
6435	1
6436	1
6437	2
6438	2
6439	4
6440	3
6441	4
6442	3
6443	4
6444	4
6445	4
6446	0
6447	3
6448	4
6449	3
6450	5
6451	1
6452	6
6453	2
6454	1
6455	5
6456	0
6457	3
6458	3
6459	5
6460	3
6461	4
6462	3
6463	3
6464	6
6465	1
6466	3
6467	5
6468	1
6469	3
6470	0
6471	3
6472	0
6473	2
6474	3
6475	0
6476	2
6477	6
6478	3
6479	3
6480	0
6481	1
6482	2
6483	1
6484	0
6485	1
6486	1
6487	5
6488	2
6489	1
6490	0
6491	3
6492	1
6493	7
6494	2
6495	3
6496	2
6497	1
6498	5
6499	2
6500	4
6501	2
6502	2
6503	2
6504	0
6505	1
6506	4
6507	1
6508	4
6509	3
6510	2
6511	6
6512	5
6513	2
6514	1
6515	1
6516	2
6517	2
6518	3
6519	5
6520	1
6521	3
6522	1
6523	4
6524	3
6525	0
6526	2
6527	2
6528	0
6529	3
6530	1
6531	3
6532	1
6533	2
6534	2
6535	8
6536	3
6537	3
6538	7
6539	2
6540	1
6541	4
6542	4
6543	4
6544	2
6545	3
6546	2
6547	3
6548	1
6549	0
6550	3
6551	4
6552	1
6553	1
6554	2
6555	0
6556	1
6557	3
6558	4
6559	0
6560	0
6561	1
6562	1
6563	2
6564	1
6565	0
6566	1
6567	1
6568	2
6569	3
6570	3
6571	3
6572	2
6573	4
6574	1
6575	4
6576	1
6577	1
6578	1
6579	1
6580	2
6581	0
6582	2
6583	0
6584	2
6585	2
6586	5
6587	4
6588	3
6589	5
6590	0
6591	0
6592	2
6593	1
6594	2
6595	2
6596	2
6597	0
6598	1
6599	1
6600	1
6601	0
6602	1
6603	2
6604	1
6605	2
6606	1
6607	1
6608	1
6609	1
6610	1
6611	1
6612	3
6613	0
6614	0
6615	0
6616	2
6617	2
6618	2
6619	0
6620	0
6621	2
6622	1
6623	1
6624	1
6625	2
6626	1
6627	3
6628	1
6629	1
6630	2
6631	1
6632	1
6633	1
6634	1
6635	0
6636	3
6637	2
6638	1
6639	1
6640	1
6641	2
6642	0
6643	2
6644	1
6645	3
6646	4
6647	2
6648	2
6649	3
6650	2
6651	1
6652	3
6653	2
6654	3
6655	2
6656	2
6657	1
6658	0
6659	1
6660	1
6661	0
6662	2
6663	0
6664	4
6665	0
6666	4
6667	1
6668	0
6669	0
6670	1
6671	0
6672	3
6673	2
6674	1
6675	4
6676	0
6677	3
6678	2
6679	3
6680	5
6681	1
6682	1
6683	1
6684	0
6685	1
6686	1
6687	2
6688	0
6689	1
6690	3
6691	3
6692	2
6693	0
6694	0
6695	1
6696	2
6697	2
6698	0
6699	1
6700	2
6701	3
6702	1
6703	1
6704	1
6705	2
6706	0
6707	4
6708	4
6709	2
6710	2
6711	1
6712	2
6713	1
6714	4
6715	3
6716	2
6717	1
6718	3
6719	4
6720	1
6721	0
6722	1
6723	1
6724	3
6725	3
6726	0
6727	0
6728	3
6729	0
6730	2
6731	1
6732	0
6733	2
6734	2
6735	1
6736	0
6737	1
6738	2
6739	2
6740	1
6741	1
6742	4
6743	2
6744	0
6745	1
6746	1
6747	0
6748	0
6749	0
6750	1
6751	3
6752	3
6753	5
6754	4
6755	1
6756	1
6757	1
6758	1
6759	1
6760	0
6761	1
6762	1
6763	4
6764	1
6765	1
6766	3
6767	2
6768	0
6769	1
6770	2
6771	1
6772	2
6773	2
6774	2
6775	1
6776	1
6777	3
6778	2
6779	0
6780	0
6781	1
6782	1
6783	1
6784	2
6785	1
6786	3
6787	2
6788	1
6789	0
6790	1
6791	1
6792	1
6793	1
6794	2
6795	1
6796	3
6797	1
6798	2
6799	1
6800	2
6801	1
6802	1
6803	1
6804	1
6805	0
6806	2
6807	3
6808	1
6809	0
6810	1
6811	0
6812	4
6813	1
6814	2
6815	1
6816	0
6817	2
6818	0
6819	1
6820	0
6821	1
6822	0
6823	5
6824	0
6825	2
6826	2
6827	2
6828	1
6829	0
6830	1
6831	1
6832	1
6833	0
6834	0
6835	2
6836	0
6837	1
6838	0
6839	2
6840	2
6841	1
6842	1
6843	1
6844	5
6845	2
6846	2
6847	4
6848	1
6849	1
6850	1
6851	3
6852	1
6853	0
6854	1
6855	0
6856	2
6857	1
6858	1
6859	1
6860	1
6861	2
6862	1
6863	5
6864	1
6865	0
6866	2
6867	1
6868	3
6869	3
6870	3
6871	1
6872	0
6873	3
6874	1
6875	0
6876	0
6877	3
6878	0
6879	3
6880	2
6881	0
6882	2
6883	1
6884	2
6885	1
6886	0
6887	0
6888	0
6889	1
6890	1
6891	1
6892	0
6893	2
6894	0
6895	1
6896	0
6897	2
6898	0
6899	0
6900	3
6901	0
6902	1
6903	2
6904	0
6905	1
6906	0
6907	1
6908	2
6909	0
6910	2
6911	0
6912	1
6913	3
6914	0
6915	0
6916	2
6917	4
6918	0
6919	1
6920	1
6921	3
6922	0
6923	0
6924	2
6925	0
6926	1
6927	1
6928	2
6929	0
6930	3
6931	0
6932	1
6933	3
6934	0
6935	0
6936	1
6937	0
6938	1
6939	1
6940	2
6941	0
6942	1
6943	1
6944	1
6945	2
6946	0
6947	0
6948	1
6949	1
6950	0
6951	1
6952	3
6953	0
6954	1
6955	1
6956	0
6957	0
6958	1
6959	0
6960	0
6961	0
6962	0
6963	1
6964	1
6965	0
6966	1
6967	0
6968	0
6969	1
6970	2
6971	0
6972	1
6973	1
6974	2
6975	0
6976	0
6977	0
6978	1
6979	1
6980	1
6981	0
6982	3
6983	4
6984	0
6985	2
6986	0
6987	2
6988	2
6989	0
6990	2
6991	0
6992	0
6993	0
6994	1
6995	0
6996	3
6997	0
6998	0
6999	0
7000	1
7001	0
7002	0
7003	1
7004	2
7005	1
7006	1
7007	0
7008	2
7009	1
7010	1
7011	0
7012	2
7013	0
7014	2
7015	0
7016	0
7017	1
7018	2
7019	1
7020	0
7021	0
7022	0
7023	1
7024	0
7025	1
7026	1
7027	1
7028	0
7029	1
7030	0
7031	1
7032	2
7033	0
7034	2
7035	0
7036	1
7037	0
7038	2
7039	0
7040	0
7041	0
7042	1
7043	0
7044	1
7045	1
7046	0
7047	0
7048	0
7049	0
7050	2
7051	0
7052	1
7053	0
7054	1
7055	2
7056	1
7057	0
7058	1
7059	0
7060	0
7061	1
7062	2
7063	0
7064	1
7065	1
7066	2
7067	0
7068	2
7069	0
7070	1
7071	2
7072	0
7073	2
7074	0
7075	1
7076	0
7077	1
7078	0
7079	0
7080	1
7081	1
7082	1
7083	0
7084	0
7085	2
7086	2
7087	0
7088	1
7089	1
7090	4
7091	0
7092	1
7093	3
7094	0
7095	1
7096	0
7097	2
7098	0
7099	1
7100	6
7101	1
7102	0
7103	2
7104	0
7105	2
7106	0
7107	1
7108	2
7109	1
7110	1
7111	3
7112	0
7113	1
7114	1
7115	0
7116	1
7117	0
7118	1
7119	0
7120	2
7121	0
7122	1
7123	1
7124	3
7125	1
7126	1
7127	2
7128	2
7129	0
7130	1
7131	1
7132	1
7133	0
7134	1
7135	2
7136	0
7137	0
7138	3
7139	0
7140	1
7141	0
7142	0
7143	0
7144	0
7145	0
7146	2
7147	1
7148	2
7149	4
7150	1
7151	0
7152	0
7153	2
7154	1
7155	0
7156	0
7157	1
7158	2
7159	1
7160	2
7161	0
7162	2
7163	1
7164	1
7165	1
7166	0
7167	0
7168	2
7169	0
7170	2
7171	2
7172	0
7173	1
7174	2
7175	0
7176	0
7177	2
7178	2
7179	1
7180	1
7181	1
7182	1
7183	0
7184	0
7185	1
7186	3
7187	1
7188	2
7189	1
7190	1
7191	4
7192	2
7193	0
7194	1
7195	1
7196	0
7197	0
7198	0
7199	2
7200	2
7201	0
7202	1
7203	0
7204	0
7205	0
7206	2
7207	0
7208	1
7209	2
7210	0
7211	0
7212	0
7213	0
7214	2
7215	1
7216	2
7217	0
7218	1
7219	2
7220	1
7221	0
7222	0
7223	1
7224	0
7225	1
7226	2
7227	0
7228	0
7229	0
7230	1
7231	1
7232	0
7233	2
7234	1
7235	0
7236	0
7237	2
7238	1
7239	1
7240	1
7241	1
7242	1
7243	2
7244	1
7245	1
7246	1
7247	1
7248	0
7249	0
7250	2
7251	0
7252	0
7253	0
7254	1
7255	1
7256	1
7257	0
7258	1
7259	2
7260	1
7261	0
7262	1
7263	1
7264	0
7265	0
7266	1
7267	1
7268	2
7269	1
7270	0
7271	1
7272	1
7273	1
7274	1
7275	0
7276	1
7277	0
7278	0
7279	1
7280	1
7281	0
7282	1
7283	2
7284	2
7285	2
7286	1
7287	4
7288	0
7289	1
7290	0
7291	3
7292	2
7293	1
7294	1
7295	0
7296	1
7297	2
7298	0
7299	0
7300	3
7301	0
7302	1
7303	1
7304	2
7305	2
7306	0
7307	1
7308	2
7309	0
7310	0
7311	0
7312	1
7313	6
7314	1
7315	0
7316	0
7317	2
7318	1
7319	1
7320	0
7321	0
7322	0
7323	2
7324	2
7325	0
7326	2
7327	0
7328	0
7329	0
7330	1
7331	0
7332	0
7333	0
7334	3
7335	0
7336	0
7337	0
7338	1
7339	0
7340	2
7341	0
7342	0
7343	0
7344	0
7345	2
7346	1
7347	0
7348	1
7349	0
7350	1
7351	3
7352	0
7353	1
7354	0
7355	0
7356	0
7357	0
7358	1
7359	1
7360	2
7361	0
7362	2
7363	0
7364	0
7365	1
7366	1
7367	1
7368	0
7369	1
7370	0
7371	0
7372	1
7373	1
7374	0
7375	1
7376	0
7377	1
7378	1
7379	1
7380	0
7381	0
7382	0
7383	0
7384	1
7385	1
7386	0
7387	1
7388	0
7389	0
7390	1
7391	1
7392	2
7393	0
7394	3
7395	1
7396	0
7397	2
7398	2
7399	1
7400	1
7401	0
7402	0
7403	2
7404	1
7405	0
7406	0
7407	0
7408	0
7409	0
7410	0
7411	2
7412	0
7413	0
7414	0
7415	1
7416	2
7417	1
7418	1
7419	2
7420	1
7421	1
7422	0
7423	0
7424	0
7425	1
7426	1
7427	0
7428	0
7429	0
7430	2
7431	0
7432	0
7433	1
7434	0
7435	2
7436	1
7437	1
7438	1
7439	0
7440	0
7441	0
7442	0
7443	2
7444	1
7445	0
7446	0
7447	0
7448	0
7449	1
7450	2
7451	0
7452	1
7453	0
7454	1
7455	0
7456	0
7457	1
7458	3
7459	3
7460	0
7461	2
7462	2
7463	0
7464	0
7465	1
7466	0
7467	2
7468	0
7469	1
7470	1
7471	1
7472	0
7473	0
7474	1
7475	1
7476	0
7477	0
7478	2
7479	0
7480	0
7481	2
7482	2
7483	0
7484	1
7485	1
7486	1
7487	0
7488	0
7489	1
7490	0
7491	1
7492	0
7493	1
7494	0
7495	1
7496	0
7497	3
7498	1
7499	3
7500	0
7501	0
7502	2
7503	2
7504	1
7505	1
7506	0
7507	0
7508	2
7509	0
7510	1
7511	0
7512	0
7513	0
7514	1
7515	1
7516	1
7517	0
7518	2
7519	0
7520	1
7521	0
7522	1
7523	1
7524	1
7525	5
7526	1
7527	1
7528	0
7529	0
7530	2
7531	0
7532	0
7533	0
7534	0
7535	2
7536	1
7537	0
7538	0
7539	2
7540	1
7541	3
7542	0
7543	1
7544	0
7545	0
7546	1
7547	1
7548	0
7549	1
7550	0
7551	2
7552	0
7553	0
7554	0
7555	0
7556	1
7557	0
7558	0
7559	0
7560	1
7561	0
7562	1
7563	0
7564	0
7565	1
7566	1
7567	1
7568	2
7569	2
7570	0
7571	1
7572	1
7573	1
7574	0
7575	0
7576	1
7577	1
7578	1
7579	1
7580	1
7581	0
7582	0
7583	2
7584	0
7585	0
7586	0
7587	0
7588	0
7589	1
7590	1
7591	0
7592	0
7593	1
7594	0
7595	0
7596	2
7597	0
7598	1
7599	1
7600	0
7601	2
7602	0
7603	0
7604	0
7605	0
7606	0
7607	0
7608	0
7609	0
7610	2
7611	0
7612	0
7613	0
7614	1
7615	0
7616	1
7617	0
7618	0
7619	0
7620	0
7621	1
7622	0
7623	0
7624	1
7625	1
7626	3
7627	0
7628	0
7629	0
7630	2
7631	0
7632	1
7633	0
7634	1
7635	1
7636	0
7637	1
7638	0
7639	0
7640	0
7641	1
7642	1
7643	0
7644	0
7645	1
7646	0
7647	0
7648	0
7649	2
7650	0
7651	1
7652	0
7653	0
7654	0
7655	1
7656	0
7657	1
7658	0
7659	0
7660	0
7661	1
7662	1
7663	2
7664	0
7665	1
7666	1
7667	1
7668	0
7669	1
7670	1
7671	2
7672	2
7673	0
7674	1
7675	1
7676	1
7677	0
7678	2
7679	0
7680	0
7681	0
7682	0
7683	0
7684	2
7685	1
7686	1
7687	0
7688	1
7689	0
7690	0
7691	0
7692	0
7693	0
7694	0
7695	0
7696	1
7697	0
7698	2
7699	0
7700	0
7701	0
7702	1
7703	0
7704	1
7705	0
7706	1
7707	0
7708	1
7709	0
7710	0
7711	0
7712	0
7713	1
7714	0
7715	1
7716	0
7717	0
7718	0
7719	1
7720	1
7721	3
7722	1
7723	0
7724	1
7725	1
7726	0
7727	1
7728	1
7729	0
7730	1
7731	0
7732	0
7733	1
7734	1
7735	0
7736	0
7737	2
7738	0
7739	0
7740	0
7741	0
7742	0
7743	1
7744	0
7745	2
7746	2
7747	0
7748	0
7749	1
7750	0
7751	1
7752	0
7753	2
7754	0
7755	2
7756	0
7757	2
7758	1
7759	1
7760	0
7761	0
7762	1
7763	0
7764	0
7765	0
7766	0
7767	0
7768	0
7769	1
7770	0
7771	0
7772	0
7773	0
7774	0
7775	3
7776	0
7777	2
7778	1
7779	0
7780	1
7781	1
7782	2
7783	0
7784	0
7785	1
7786	0
7787	0
7788	1
7789	0
7790	1
7791	0
7792	1
7793	0
7794	1
7795	1
7796	0
7797	2
7798	2
7799	0
7800	0
7801	0
7802	0
7803	0
7804	1
7805	0
7806	1
7807	1
7808	0
7809	0
7810	1
7811	1
7812	1
7813	0
7814	1
7815	0
7816	0
7817	0
7818	1
7819	0
7820	1
7821	0
7822	1
7823	0
7824	0
7825	1
7826	0
7827	0
7828	2
7829	3
7830	1
7831	0
7832	1
7833	0
7834	0
7835	1
7836	0
7837	0
7838	0
7839	0
7840	1
7841	0
7842	1
7843	0
7844	0
7845	0
7846	1
7847	0
7848	0
7849	1
7850	0
7851	0
7852	0
7853	0
7854	1
7855	0
7856	0
7857	0
7858	2
7859	0
7860	1
7861	1
7862	1
7863	0
7864	0
7865	0
7866	0
7867	0
7868	0
7869	1
7870	0
7871	0
7872	1
7873	1
7874	0
7875	0
7876	0
7877	0
7878	0
7879	2
7880	0
7881	1
7882	1
7883	1
7884	0
7885	0
7886	1
7887	1
7888	1
7889	0
7890	0
7891	0
7892	0
7893	1
7894	1
7895	1
7896	0
7897	0
7898	0
7899	0
7900	0
7901	0
7902	0
7903	1
7904	1
7905	0
7906	0
7907	0
7908	2
7909	0
7910	0
7911	0
7912	0
7913	1
7914	1
7915	0
7916	0
7917	0
7918	0
7919	0
7920	0
7921	0
7922	0
7923	0
7924	1
7925	0
7926	0
7927	0
7928	1
7929	0
7930	0
7931	0
7932	0
7933	0
7934	1
7935	0
7936	0
7937	0
7938	0
7939	0
7940	0
7941	0
7942	0
7943	1
7944	0
7945	0
7946	0
7947	0
7948	0
7949	0
7950	0
7951	1
7952	1
7953	0
7954	0
7955	0
7956	0
7957	0
7958	1
7959	0
7960	0
7961	2
7962	0
7963	0
7964	0
7965	0
7966	0
7967	0
7968	0
7969	0
7970	0
7971	0
7972	0
7973	0
7974	1
7975	0
7976	0
7977	0
7978	0
7979	0
7980	0
7981	0
7982	0
7983	0
7984	0
7985	0
7986	0
7987	0
7988	0
7989	0
7990	0
7991	0
7992	1
7993	1
7994	0
7995	0
7996	0
7997	0
7998	0
7999	0
8000	0
8001	0
8002	0
8003	0
8004	0
8005	0
8006	0
8007	0
8008	1
8009	0
8010	0
8011	0
8012	0
8013	0
8014	0
8015	0
8016	0
8017	0
8018	0
8019	0
8020	0
8021	0
8022	0
8023	0
8024	0
8025	0
8026	0
8027	0
8028	0
8029	0
8030	0
8031	0
8032	0
8033	0
8034	0
8035	0
8036	0
8037	0
8038	0
8039	0
8040	0
8041	0
8042	0
8043	0
8044	0
8045	0
8046	0
8047	0
8048	0
8049	0
8050	0
8051	0
8052	0
8053	0
8054	0
8055	0
8056	0
8057	0
8058	0
8059	0
8060	1
8061	0
8062	0
8063	0
8064	0
8065	0
8066	0
8067	0
8068	0
8069	0
8070	0
8071	0
8072	0
8073	0
8074	0
8075	0
8076	0
8077	0
8078	0
8079	0
8080	0
8081	0
8082	0
8083	0
8084	0
8085	0
8086	0
8087	0
8088	0
8089	0
8090	0
8091	0
8092	0
8093	0
8094	0
8095	0
8096	0
8097	0
8098	0
8099	0
8100	0
8101	0
8102	0
8103	0
8104	0
8105	0
8106	0
8107	0
8108	0
8109	0
8110	0
8111	0
8112	0
8113	0
8114	0
8115	0
8116	0
8117	0
8118	0
8119	0
8120	0
8121	0
8122	0
8123	0
8124	0
8125	0
8126	0
8127	0
8128	0
8129	0
8130	0
8131	0
8132	0
8133	0
8134	0
8135	0
8136	0
8137	0
8138	0
8139	0
8140	0
8141	0
8142	0
8143	0
8144	0
8145	0
8146	0
8147	0
8148	0
8149	0
8150	0
8151	0
8152	0
8153	0
8154	0
8155	0
8156	0
8157	0
8158	0
8159	0
8160	0
8161	0
8162	0
8163	0
8164	0
8165	0
8166	0
8167	0
8168	0
8169	0
8170	0
8171	0
8172	0
8173	0
8174	0
8175	0
8176	0
8177	0
8178	0
8179	0
8180	0
8181	0
8182	0
8183	0
8184	0
8185	0
8186	0
8187	0
8188	0
8189	0
8190	0
8191	0
