0	1
1	0
2	0
3	0
4	0
5	0
6	0
7	0
8	1
9	1
10	0
11	0
12	0
13	0
14	1
15	0
16	1
17	1
18	1
19	3
20	3
21	1
22	3
23	2
24	0
25	2
26	8
27	17
28	25
29	27
30	32
31	33
32	14
33	38
34	136
35	628
36	2352
37	6184
38	7837
39	7369
40	7258
41	7091
42	7080
43	6905
44	6681
45	6475
46	6444
47	6261
48	6385
49	6316
50	6226
51	6137
52	6115
53	6371
54	6261
55	6236
56	6274
57	6392
58	6430
59	6575
60	6469
61	6598
62	6707
63	6512
64	6782
65	6804
66	6962
67	7050
68	7096
69	7079
70	7230
71	7313
72	7254
73	7315
74	7434
75	7517
76	7386
77	7452
78	7529
79	7326
80	7415
81	7440
82	7336
83	7573
84	7425
85	7367
86	7308
87	7122
88	7017
89	7083
90	6979
91	6870
92	6798
93	6576
94	6476
95	6432
96	6299
97	6185
98	6237
99	5964
100	5832
101	5917
102	5602
103	5431
104	5288
105	5327
106	4936
107	5083
108	4814
109	4854
110	4647
111	4539
112	4326
113	4128
114	3997
115	4110
116	3858
117	3784
118	3667
119	3622
120	3506
121	3471
122	3261
123	3282
124	3145
125	3048
126	2976
127	2958
128	2871
129	2752
130	2836
131	2752
132	2581
133	2617
134	2576
135	2560
136	2408
137	2384
138	2408
139	2361
140	2308
141	2286
142	2288
143	2231
144	2248
145	2216
146	2215
147	2248
148	2152
149	2144
150	2146
151	2128
152	2149
153	2125
154	2113
155	2155
156	2114
157	2101
158	2136
159	2105
160	2123
161	2093
162	2111
163	2086
164	2025
165	2071
166	2126
167	2060
168	2067
169	2102
170	2137
171	2073
172	2160
173	2186
174	2118
175	2202
176	2117
177	2068
178	2127
179	2119
180	2150
181	2218
182	2114
183	2145
184	2139
185	2224
186	2288
187	2134
188	2185
189	2203
190	2204
191	2207
192	2251
193	2231
194	2157
195	2215
196	2204
197	2229
198	2162
199	2207
200	2227
201	2199
202	2232
203	2272
204	2171
205	2332
206	2148
207	2388
208	2230
209	2347
210	2331
211	2348
212	2325
213	2353
214	2313
215	2397
216	2347
217	2311
218	2359
219	2382
220	2435
221	2326
222	2399
223	2408
224	2476
225	2487
226	2482
227	2542
228	2442
229	2479
230	2514
231	2550
232	2445
233	2521
234	2552
235	2554
236	2528
237	2583
238	2580
239	2677
240	2649
241	2614
242	2595
243	2709
244	2708
245	2619
246	2702
247	2752
248	2677
249	2699
250	2690
251	2630
252	2689
253	2760
254	2764
255	2799
256	2779
257	2826
258	2730
259	2882
260	2892
261	2902
262	2911
263	2888
264	2872
265	2928
266	2931
267	2934
268	3021
269	3003
270	3084
271	3014
272	3052
273	3052
274	3198
275	3266
276	3210
277	3252
278	3279
279	3374
280	3291
281	3338
282	3355
283	3451
284	3492
285	3572
286	3622
287	3625
288	3448
289	3600
290	3739
291	3771
292	3823
293	3776
294	3877
295	3878
296	3957
297	3856
298	4152
299	4092
300	4082
301	4276
302	4300
303	4434
304	4283
305	4511
306	4616
307	4676
308	4809
309	4659
310	4859
311	4890
312	4963
313	5129
314	5214
315	5204
316	5446
317	5428
318	5595
319	5683
320	5838
321	5683
322	5861
323	6109
324	6236
325	6277
326	6580
327	6664
328	6748
329	6762
330	6948
331	7208
332	7382
333	7452
334	7733
335	7644
336	8030
337	8119
338	8345
339	8496
340	8614
341	8719
342	9047
343	9338
344	9507
345	9605
346	9780
347	10193
348	10324
349	10675
350	11041
351	11094
352	11473
353	11716
354	11734
355	12044
356	12395
357	12611
358	13176
359	13486
360	13700
361	14008
362	14183
363	14769
364	15050
365	15311
366	15959
367	16379
368	16561
369	16907
370	17256
371	17416
372	18420
373	18847
374	19190
375	19887
376	19990
377	20664
378	20959
379	21262
380	21898
381	22305
382	22922
383	23357
384	24118
385	24522
386	25354
387	25765
388	26111
389	26744
390	27385
391	28022
392	28678
393	28798
394	29716
395	30042
396	30830
397	31091
398	32142
399	32617
400	33381
401	34031
402	34263
403	35204
404	36033
405	36342
406	37488
407	37835
408	38557
409	39333
410	40203
411	40265
412	41271
413	42113
414	42507
415	43343
416	43912
417	44480
418	45658
419	45755
420	46542
421	47424
422	47910
423	48301
424	48985
425	49752
426	50212
427	50960
428	51366
429	52409
430	53048
431	53559
432	53989
433	54440
434	55130
435	55275
436	56142
437	56553
438	56951
439	57528
440	57527
441	58467
442	58967
443	59410
444	59661
445	59582
446	60436
447	60505
448	60970
449	61487
450	61314
451	61820
452	61819
453	62509
454	62593
455	62573
456	62827
457	63105
458	63259
459	63105
460	63426
461	63548
462	63347
463	63264
464	63351
465	63429
466	63232
467	63472
468	62937
469	62923
470	62778
471	62524
472	62304
473	62503
474	61677
475	61907
476	62055
477	61078
478	61351
479	60682
480	60739
481	60191
482	59751
483	59239
484	59450
485	58646
486	58137
487	57793
488	57435
489	56658
490	56229
491	56161
492	54979
493	55018
494	54606
495	53941
496	53000
497	53070
498	52530
499	51596
500	51267
501	50858
502	49880
503	49378
504	48977
505	48173
506	47671
507	46883
508	46153
509	45744
510	45213
511	44424
512	43589
513	43174
514	42596
515	41617
516	41172
517	40601
518	40161
519	39390
520	38454
521	38345
522	37578
523	37046
524	36462
525	35718
526	34928
527	34704
528	34109
529	33235
530	32436
531	32202
532	31450
533	30863
534	30542
535	29950
536	28980
537	28802
538	28078
539	27383
540	27267
541	26297
542	26318
543	25487
544	24956
545	24202
546	24027
547	23803
548	23298
549	22504
550	22268
551	21722
552	21212
553	20848
554	20318
555	19839
556	19640
557	19114
558	18793
559	18178
560	17946
561	17644
562	17282
563	16762
564	16414
565	16093
566	16058
567	15541
568	15044
569	14597
570	14516
571	14247
572	13892
573	13533
574	13171
575	12769
576	12854
577	12425
578	12277
579	11786
580	11656
581	11244
582	10946
583	11064
584	10547
585	10338
586	10085
587	9915
588	9555
589	9602
590	9159
591	9024
592	8733
593	8832
594	8464
595	8345
596	8142
597	7976
598	7751
599	7590
600	7491
601	7455
602	7267
603	7072
604	6775
605	6934
606	6757
607	6718
608	6432
609	6406
610	6135
611	6187
612	5961
613	5807
614	5721
615	5767
616	5608
617	5638
618	5497
619	5424
620	5370
621	5182
622	5252
623	5095
624	5100
625	5024
626	4897
627	4786
628	4862
629	4723
630	4779
631	4633
632	4760
633	4630
634	4552
635	4675
636	4526
637	4416
638	4373
639	4345
640	4352
641	4287
642	4351
643	4269
644	4227
645	4278
646	4349
647	4182
648	4173
649	4137
650	4214
651	4209
652	4226
653	4213
654	4181
655	4184
656	4165
657	4255
658	4229
659	4265
660	4197
661	4220
662	4356
663	4220
664	4265
665	4123
666	4379
667	4276
668	4351
669	4348
670	4354
671	4293
672	4486
673	4353
674	4428
675	4440
676	4542
677	4355
678	4415
679	4447
680	4601
681	4600
682	4540
683	4493
684	4629
685	4516
686	4640
687	4523
688	4839
689	4782
690	4740
691	4708
692	4799
693	4857
694	4733
695	4784
696	4965
697	4848
698	4964
699	4955
700	4902
701	5183
702	5104
703	5157
704	5255
705	5189
706	5214
707	5242
708	5292
709	5200
710	5303
711	5339
712	5344
713	5432
714	5411
715	5570
716	5526
717	5432
718	5375
719	5584
720	5698
721	5833
722	5717
723	5762
724	5779
725	5733
726	5699
727	5694
728	5948
729	5857
730	5881
731	5969
732	6010
733	5968
734	5957
735	6098
736	6055
737	6133
738	6174
739	6258
740	6025
741	6191
742	6216
743	6230
744	6268
745	6289
746	6212
747	6391
748	6474
749	6333
750	6381
751	6572
752	6396
753	6456
754	6509
755	6572
756	6577
757	6623
758	6548
759	6543
760	6559
761	6542
762	6510
763	6476
764	6685
765	6581
766	6733
767	6413
768	6585
769	6792
770	6722
771	6650
772	6687
773	6834
774	6855
775	6669
776	6691
777	6701
778	6755
779	6660
780	6648
781	6667
782	6929
783	6740
784	6887
785	6657
786	6770
787	6807
788	6714
789	6955
790	6761
791	6842
792	6772
793	6842
794	6893
795	6833
796	6862
797	6593
798	6702
799	6731
800	6747
801	6674
802	6807
803	6760
804	6769
805	6713
806	6694
807	6678
808	6762
809	6760
810	6516
811	6550
812	6589
813	6577
814	6697
815	6678
816	6543
817	6556
818	6546
819	6590
820	6600
821	6509
822	6617
823	6533
824	6542
825	6607
826	6447
827	6613
828	6513
829	6520
830	6476
831	6571
832	6525
833	6518
834	6435
835	6417
836	6451
837	6469
838	6403
839	6412
840	6531
841	6428
842	6338
843	6398
844	6231
845	6403
846	6393
847	6293
848	6299
849	6348
850	6321
851	6384
852	6218
853	6237
854	6372
855	6214
856	6252
857	6290
858	6237
859	6269
860	6376
861	6119
862	6201
863	6222
864	6278
865	6157
866	6243
867	6179
868	6146
869	6252
870	6182
871	6212
872	6217
873	6241
874	6203
875	6299
876	6213
877	6293
878	6332
879	6155
880	6013
881	6133
882	6321
883	6364
884	6217
885	6177
886	6149
887	6203
888	6208
889	6278
890	6112
891	6128
892	6223
893	6357
894	6282
895	6122
896	6365
897	6255
898	6361
899	6346
900	6389
901	6337
902	6347
903	6419
904	6376
905	6436
906	6185
907	6412
908	6356
909	6301
910	6263
911	6359
912	6517
913	6394
914	6588
915	6440
916	6553
917	6451
918	6458
919	6437
920	6490
921	6567
922	6565
923	6611
924	6441
925	6613
926	6479
927	6592
928	6535
929	6760
930	6439
931	6762
932	6786
933	6707
934	6829
935	6725
936	6796
937	6772
938	6668
939	6799
940	6758
941	6836
942	6709
943	6910
944	6760
945	6812
946	6841
947	6855
948	6848
949	6936
950	6905
951	7001
952	6934
953	7069
954	7036
955	6925
956	7096
957	6998
958	7196
959	7029
960	7202
961	7265
962	7063
963	7235
964	7056
965	7189
966	7228
967	7265
968	7211
969	7290
970	7098
971	7261
972	7269
973	7362
974	7340
975	7422
976	7374
977	7349
978	7579
979	7421
980	7507
981	7569
982	7486
983	7526
984	7511
985	7520
986	7564
987	7616
988	7566
989	7723
990	7763
991	7683
992	7635
993	7589
994	7793
995	7860
996	7990
997	7951
998	7784
999	7844
1000	8087
1001	8001
1002	7977
1003	8149
1004	8242
1005	8121
1006	8204
1007	8129
1008	8253
1009	8220
1010	8422
1011	8382
1012	8421
1013	8508
1014	8460
1015	8515
1016	8326
1017	8509
1018	8669
1019	8849
1020	8695
1021	8717
1022	8728
1023	8752
1024	8964
1025	8855
1026	8919
1027	9140
1028	9163
1029	9353
1030	9205
1031	9335
1032	9446
1033	9518
1034	9584
1035	9616
1036	9805
1037	9500
1038	9917
1039	10085
1040	9962
1041	10212
1042	10210
1043	10337
1044	10334
1045	10479
1046	10336
1047	10496
1048	10592
1049	10776
1050	10928
1051	11116
1052	11146
1053	11189
1054	11074
1055	11320
1056	11474
1057	11673
1058	11556
1059	11816
1060	11939
1061	11972
1062	12254
1063	12163
1064	12338
1065	12317
1066	12623
1067	12881
1068	12922
1069	13030
1070	13224
1071	13241
1072	13274
1073	13502
1074	13646
1075	13803
1076	13796
1077	13858
1078	14029
1079	14184
1080	14474
1081	14867
1082	14785
1083	14975
1084	15089
1085	15096
1086	15260
1087	15542
1088	15761
1089	15763
1090	16078
1091	16229
1092	16242
1093	16648
1094	16767
1095	16863
1096	17037
1097	17243
1098	17401
1099	17967
1100	18002
1101	18020
1102	18225
1103	18290
1104	18552
1105	18600
1106	18845
1107	18793
1108	19346
1109	19372
1110	19813
1111	19854
1112	19982
1113	20011
1114	20221
1115	20627
1116	20700
1117	21251
1118	21012
1119	21369
1120	21457
1121	21619
1122	22314
1123	22006
1124	22176
1125	22563
1126	22686
1127	22931
1128	23234
1129	23024
1130	23519
1131	23663
1132	23937
1133	24255
1134	23919
1135	24356
1136	24598
1137	24806
1138	25019
1139	25076
1140	25600
1141	25618
1142	25817
1143	26020
1144	26288
1145	26385
1146	26417
1147	26518
1148	26967
1149	27317
1150	27558
1151	27538
1152	27317
1153	27875
1154	27915
1155	28112
1156	28230
1157	28413
1158	28729
1159	28872
1160	28743
1161	29058
1162	29277
1163	29555
1164	29197
1165	29477
1166	29663
1167	30135
1168	29996
1169	30323
1170	30228
1171	30141
1172	30427
1173	30731
1174	30386
1175	30977
1176	31134
1177	31177
1178	31146
1179	31118
1180	31251
1181	31227
1182	31282
1183	31422
1184	31570
1185	31449
1186	31977
1187	31728
1188	31981
1189	32039
1190	32033
1191	32093
1192	32083
1193	31765
1194	31989
1195	32424
1196	32337
1197	32072
1198	31730
1199	32040
1200	31995
1201	32403
1202	32590
1203	32233
1204	32288
1205	32373
1206	32205
1207	32127
1208	32002
1209	32041
1210	32031
1211	32251
1212	31996
1213	31690
1214	31922
1215	31870
1216	31979
1217	31744
1218	31753
1219	31766
1220	31626
1221	31285
1222	31370
1223	31107
1224	31287
1225	31166
1226	30862
1227	30534
1228	30974
1229	30430
1230	30773
1231	30604
1232	30580
1233	30023
1234	29934
1235	29799
1236	29772
1237	29407
1238	29572
1239	29624
1240	29077
1241	28621
1242	28887
1243	28515
1244	28191
1245	28375
1246	28152
1247	28016
1248	27948
1249	27738
1250	27496
1251	27158
1252	27032
1253	26793
1254	26844
1255	26422
1256	26185
1257	26192
1258	26193
1259	25696
1260	25721
1261	25352
1262	25317
1263	24974
1264	24793
1265	24626
1266	24242
1267	24027
1268	24124
1269	23756
1270	23423
1271	23317
1272	22917
1273	22998
1274	22644
1275	22285
1276	21913
1277	21839
1278	21454
1279	21708
1280	21173
1281	20924
1282	21154
1283	20320
1284	20284
1285	20080
1286	19988
1287	19690
1288	19779
1289	19561
1290	18993
1291	18911
1292	18645
1293	18432
1294	18519
1295	18125
1296	17780
1297	17438
1298	17420
1299	17290
1300	17021
1301	16640
1302	16427
1303	16219
1304	15976
1305	15571
1306	15717
1307	15459
1308	15176
1309	14949
1310	14873
1311	14690
1312	14182
1313	14375
1314	14165
1315	13797
1316	13622
1317	13468
1318	13206
1319	13158
1320	12988
1321	12839
1322	12565
1323	12329
1324	12100
1325	12198
1326	11982
1327	11588
1328	11282
1329	11338
1330	11112
1331	11078
1332	10762
1333	10650
1334	10543
1335	10464
1336	10198
1337	10029
1338	10001
1339	9805
1340	9478
1341	9339
1342	9270
1343	9198
1344	8869
1345	8735
1346	8580
1347	8744
1348	8416
1349	8340
1350	8347
1351	8099
1352	7904
1353	7731
1354	7766
1355	7667
1356	7433
1357	7294
1358	7276
1359	7192
1360	7075
1361	6935
1362	6894
1363	6687
1364	6542
1365	6432
1366	6383
1367	6351
1368	6114
1369	6257
1370	6086
1371	5975
1372	5925
1373	5873
1374	5734
1375	5598
1376	5515
1377	5498
1378	5378
1379	5225
1380	5168
1381	5192
1382	5178
1383	5034
1384	4874
1385	4885
1386	4891
1387	4844
1388	4684
1389	4466
1390	4515
1391	4530
1392	4340
1393	4394
1394	4371
1395	4253
1396	4298
1397	4137
1398	4202
1399	4157
1400	4003
1401	4059
1402	3819
1403	3847
1404	3898
1405	3791
1406	3774
1407	3841
1408	3645
1409	3619
1410	3523
1411	3593
1412	3602
1413	3511
1414	3445
1415	3441
1416	3433
1417	3422
1418	3329
1419	3350
1420	3314
1421	3239
1422	3337
1423	3250
1424	3289
1425	3156
1426	3254
1427	3140
1428	3084
1429	3098
1430	3113
1431	3063
1432	2967
1433	2971
1434	3040
1435	2922
1436	3067
1437	3114
1438	3008
1439	3027
1440	2895
1441	2901
1442	2937
1443	2867
1444	2779
1445	2934
1446	2884
1447	2825
1448	2773
1449	2813
1450	2856
1451	2729
1452	2768
1453	2762
1454	2836
1455	2711
1456	2837
1457	2793
1458	2797
1459	2733
1460	2768
1461	2668
1462	2840
1463	2630
1464	2841
1465	2645
1466	2761
1467	2740
1468	2798
1469	2724
1470	2802
1471	2673
1472	2651
1473	2655
1474	2698
1475	2667
1476	2746
1477	2670
1478	2780
1479	2727
1480	2702
1481	2684
1482	2753
1483	2715
1484	2775
1485	2647
1486	2640
1487	2634
1488	2748
1489	2713
1490	2629
1491	2777
1492	2689
1493	2747
1494	2711
1495	2765
1496	2704
1497	2741
1498	2702
1499	2688
1500	2829
1501	2682
1502	2705
1503	2635
1504	2785
1505	2740
1506	2708
1507	2815
1508	2791
1509	2763
1510	2787
1511	2848
1512	2715
1513	2665
1514	2757
1515	2807
1516	2818
1517	2741
1518	2684
1519	2832
1520	2737
1521	2720
1522	2843
1523	2744
1524	2908
1525	2752
1526	2861
1527	2847
1528	2952
1529	2929
1530	2885
1531	2854
1532	2850
1533	2928
1534	2823
1535	2913
1536	2912
1537	2899
1538	2916
1539	2934
1540	2962
1541	2950
1542	2919
1543	2910
1544	2896
1545	2976
1546	2968
1547	2906
1548	2991
1549	2949
1550	3052
1551	2906
1552	2970
1553	2945
1554	2972
1555	3013
1556	3023
1557	3056
1558	3007
1559	3000
1560	3034
1561	3036
1562	3101
1563	3003
1564	3065
1565	3052
1566	3195
1567	3126
1568	3126
1569	3076
1570	3159
1571	3119
1572	3170
1573	3206
1574	3168
1575	3222
1576	3173
1577	3154
1578	3253
1579	3236
1580	3307
1581	3247
1582	3211
1583	3228
1584	3231
1585	3355
1586	3289
1587	3298
1588	3308
1589	3325
1590	3390
1591	3264
1592	3294
1593	3353
1594	3393
1595	3361
1596	3440
1597	3414
1598	3379
1599	3423
1600	3310
1601	3392
1602	3501
1603	3476
1604	3494
1605	3441
1606	3566
1607	3408
1608	3403
1609	3524
1610	3480
1611	3470
1612	3544
1613	3613
1614	3543
1615	3508
1616	3513
1617	3624
1618	3483
1619	3610
1620	3603
1621	3528
1622	3568
1623	3630
1624	3601
1625	3369
1626	3591
1627	3561
1628	3655
1629	3603
1630	3634
1631	3682
1632	3615
1633	3680
1634	3606
1635	3600
1636	3606
1637	3606
1638	3734
1639	3715
1640	3682
1641	3628
1642	3742
1643	3741
1644	3697
1645	3569
1646	3806
1647	3793
1648	3747
1649	3818
1650	3759
1651	3749
1652	3756
1653	3873
1654	3746
1655	3872
1656	3767
1657	3882
1658	3709
1659	3825
1660	3836
1661	3830
1662	3760
1663	3785
1664	3798
1665	3890
1666	3866
1667	3820
1668	3871
1669	3765
1670	3867
1671	3848
1672	3783
1673	3839
1674	3919
1675	3772
1676	3900
1677	3855
1678	3811
1679	3892
1680	3756
1681	3835
1682	3909
1683	3827
1684	3943
1685	3951
1686	3816
1687	3835
1688	3923
1689	3830
1690	3787
1691	3921
1692	3842
1693	3776
1694	3888
1695	3668
1696	3809
1697	3885
1698	3875
1699	3870
1700	3814
1701	3821
1702	3810
1703	3875
1704	3824
1705	3757
1706	3714
1707	3963
1708	3760
1709	3837
1710	3790
1711	3766
1712	3853
1713	3765
1714	3857
1715	3881
1716	3753
1717	3835
1718	3779
1719	3758
1720	3751
1721	3819
1722	3654
1723	3826
1724	3785
1725	3806
1726	3776
1727	3816
1728	3732
1729	3750
1730	3765
1731	3765
1732	3618
1733	3721
1734	3787
1735	3733
1736	3681
1737	3676
1738	3648
1739	3734
1740	3723
1741	3640
1742	3594
1743	3719
1744	3709
1745	3578
1746	3751
1747	3623
1748	3629
1749	3613
1750	3685
1751	3579
1752	3566
1753	3665
1754	3606
1755	3521
1756	3555
1757	3617
1758	3511
1759	3593
1760	3534
1761	3621
1762	3555
1763	3569
1764	3583
1765	3482
1766	3502
1767	3477
1768	3507
1769	3389
1770	3475
1771	3453
1772	3463
1773	3422
1774	3426
1775	3425
1776	3415
1777	3362
1778	3411
1779	3391
1780	3441
1781	3451
1782	3444
1783	3358
1784	3290
1785	3394
1786	3290
1787	3360
1788	3307
1789	3284
1790	3354
1791	3262
1792	3349
1793	3293
1794	3343
1795	3255
1796	3310
1797	3275
1798	3263
1799	3257
1800	3261
1801	3245
1802	3163
1803	3292
1804	3209
1805	3208
1806	3199
1807	3143
1808	3306
1809	3215
1810	3122
1811	3134
1812	3191
1813	3259
1814	3187
1815	3202
1816	3124
1817	3119
1818	3109
1819	3211
1820	3120
1821	3100
1822	3018
1823	3160
1824	3130
1825	3028
1826	3120
1827	3122
1828	2946
1829	3080
1830	3049
1831	3070
1832	3071
1833	3087
1834	3120
1835	3023
1836	3100
1837	2922
1838	3108
1839	3036
1840	2975
1841	2955
1842	3006
1843	2928
1844	3080
1845	3100
1846	3046
1847	3009
1848	3032
1849	3007
1850	3017
1851	3005
1852	3027
1853	2971
1854	2951
1855	2988
1856	2967
1857	3017
1858	2946
1859	2983
1860	2892
1861	3050
1862	2907
1863	3006
1864	3039
1865	3015
1866	2944
1867	2883
1868	2903
1869	2839
1870	2920
1871	2910
1872	2914
1873	2954
1874	2972
1875	2957
1876	2915
1877	2932
1878	2988
1879	3043
1880	2945
1881	2871
1882	2888
1883	2838
1884	2966
1885	3010
1886	2910
1887	2970
1888	2834
1889	2965
1890	2929
1891	2922
1892	2775
1893	2946
1894	2960
1895	2992
1896	2824
1897	2857
1898	2950
1899	2928
1900	2982
1901	2868
1902	2930
1903	2866
1904	2872
1905	3040
1906	2939
1907	2959
1908	2886
1909	2951
1910	2957
1911	2956
1912	2955
1913	2946
1914	2892
1915	3008
1916	2905
1917	2990
1918	3034
1919	2975
1920	2962
1921	2917
1922	2948
1923	2974
1924	3033
1925	3094
1926	2943
1927	2987
1928	2961
1929	2907
1930	3019
1931	2903
1932	2966
1933	2979
1934	2967
1935	3042
1936	3039
1937	2997
1938	3040
1939	3084
1940	3095
1941	2999
1942	3086
1943	3067
1944	2985
1945	2989
1946	3069
1947	2963
1948	3035
1949	3046
1950	3114
1951	2987
1952	3054
1953	2950
1954	3058
1955	3004
1956	3127
1957	3123
1958	3049
1959	3101
1960	3138
1961	3138
1962	3116
1963	3103
1964	3105
1965	3059
1966	3142
1967	3078
1968	3166
1969	3084
1970	3167
1971	3226
1972	3076
1973	2969
1974	3093
1975	3238
1976	3195
1977	3217
1978	3187
1979	3183
1980	3244
1981	3220
1982	3141
1983	3203
1984	3132
1985	3270
1986	3270
1987	3138
1988	3226
1989	3187
1990	3246
1991	3315
1992	3320
1993	3119
1994	3243
1995	3374
1996	3229
1997	3207
1998	3357
1999	3301
2000	3354
2001	3352
2002	3316
2003	3458
2004	3383
2005	3257
2006	3383
2007	3296
2008	3341
2009	3351
2010	3409
2011	3344
2012	3357
2013	3364
2014	3483
2015	3350
2016	3450
2017	3422
2018	3355
2019	3420
2020	3357
2021	3418
2022	3433
2023	3409
2024	3453
2025	3439
2026	3425
2027	3460
2028	3470
2029	3505
2030	3496
2031	3408
2032	3438
2033	3538
2034	3339
2035	3494
2036	3439
2037	3445
2038	3543
2039	3422
2040	3455
2041	3545
2042	3640
2043	3568
2044	3569
2045	3455
2046	3582
2047	3651
2048	3535
2049	3516
2050	3534
2051	3503
2052	3554
2053	3619
2054	3561
2055	3639
2056	3556
2057	3614
2058	3581
2059	3667
2060	3605
2061	3593
2062	3649
2063	3622
2064	3549
2065	3584
2066	3650
2067	3612
2068	3697
2069	3787
2070	3591
2071	3704
2072	3717
2073	3718
2074	3638
2075	3664
2076	3520
2077	3811
2078	3632
2079	3746
2080	3695
2081	3655
2082	3668
2083	3765
2084	3748
2085	3757
2086	3708
2087	3746
2088	3756
2089	3830
2090	3783
2091	3889
2092	3763
2093	3834
2094	3813
2095	3790
2096	3762
2097	3856
2098	3743
2099	3717
2100	3760
2101	3677
2102	3820
2103	3810
2104	3870
2105	3890
2106	3741
2107	3781
2108	3839
2109	3723
2110	3828
2111	3882
2112	3865
2113	3888
2114	3866
2115	3913
2116	3967
2117	3925
2118	3959
2119	3929
2120	3995
2121	3984
2122	3809
2123	3846
2124	3983
2125	3956
2126	3836
2127	3932
2128	3993
2129	3903
2130	4012
2131	3917
2132	4061
2133	3863
2134	3902
2135	3973
2136	4080
2137	4013
2138	3935
2139	4040
2140	4033
2141	3941
2142	3850
2143	4044
2144	4066
2145	3994
2146	3946
2147	3953
2148	3941
2149	4019
2150	3941
2151	4009
2152	3981
2153	4076
2154	3932
2155	3974
2156	4016
2157	4038
2158	4068
2159	4097
2160	4089
2161	3919
2162	4134
2163	4035
2164	4130
2165	4019
2166	3953
2167	3970
2168	4064
2169	3975
2170	4203
2171	4085
2172	4103
2173	4040
2174	4017
2175	4123
2176	3945
2177	4037
2178	4010
2179	4051
2180	4048
2181	4038
2182	4033
2183	4119
2184	4118
2185	4108
2186	4141
2187	4029
2188	4133
2189	4056
2190	4037
2191	4129
2192	4020
2193	4111
2194	3996
2195	4132
2196	4099
2197	4062
2198	3978
2199	4140
2200	4014
2201	4058
2202	4049
2203	4015
2204	4074
2205	4039
2206	3935
2207	4071
2208	4112
2209	4215
2210	4136
2211	4073
2212	4184
2213	4257
2214	4083
2215	4110
2216	4101
2217	4090
2218	3973
2219	4100
2220	4096
2221	4054
2222	3972
2223	4126
2224	4123
2225	4127
2226	4075
2227	4192
2228	4052
2229	4231
2230	4162
2231	4059
2232	4027
2233	4041
2234	4091
2235	4018
2236	4064
2237	4073
2238	4061
2239	4010
2240	4141
2241	4142
2242	4063
2243	3979
2244	3969
2245	4051
2246	3942
2247	4128
2248	3967
2249	4098
2250	4045
2251	4004
2252	4000
2253	4092
2254	4028
2255	4100
2256	4082
2257	3936
2258	4044
2259	3921
2260	4035
2261	4016
2262	4037
2263	3968
2264	3985
2265	3970
2266	3979
2267	3943
2268	3988
2269	3937
2270	3913
2271	3920
2272	3931
2273	4040
2274	3855
2275	3976
2276	3959
2277	3954
2278	3866
2279	3949
2280	3925
2281	3878
2282	4035
2283	4012
2284	3839
2285	3855
2286	3880
2287	3815
2288	3883
2289	4025
2290	3938
2291	3862
2292	3912
2293	3980
2294	3958
2295	3839
2296	3892
2297	4048
2298	3809
2299	3939
2300	3937
2301	3898
2302	3945
2303	3804
2304	3783
2305	3868
2306	3871
2307	3867
2308	3848
2309	3922
2310	3898
2311	3795
2312	3845
2313	3961
2314	3832
2315	3867
2316	3927
2317	3792
2318	3793
2319	3792
2320	3778
2321	3860
2322	3779
2323	3839
2324	3773
2325	3765
2326	3886
2327	3753
2328	3750
2329	3755
2330	3818
2331	3704
2332	3746
2333	3741
2334	3693
2335	3794
2336	3675
2337	3726
2338	3699
2339	3771
2340	3748
2341	3708
2342	3639
2343	3610
2344	3650
2345	3712
2346	3680
2347	3676
2348	3793
2349	3747
2350	3630
2351	3613
2352	3727
2353	3733
2354	3681
2355	3652
2356	3661
2357	3527
2358	3722
2359	3670
2360	3697
2361	3587
2362	3588
2363	3655
2364	3552
2365	3688
2366	3595
2367	3613
2368	3661
2369	3563
2370	3555
2371	3622
2372	3555
2373	3502
2374	3579
2375	3564
2376	3584
2377	3503
2378	3496
2379	3490
2380	3526
2381	3533
2382	3513
2383	3581
2384	3574
2385	3500
2386	3469
2387	3490
2388	3493
2389	3502
2390	3421
2391	3502
2392	3489
2393	3577
2394	3383
2395	3473
2396	3382
2397	3463
2398	3401
2399	3459
2400	3493
2401	3363
2402	3500
2403	3371
2404	3408
2405	3411
2406	3386
2407	3411
2408	3269
2409	3352
2410	3336
2411	3356
2412	3439
2413	3356
2414	3372
2415	3311
2416	3440
2417	3355
2418	3335
2419	3267
2420	3168
2421	3224
2422	3383
2423	3228
2424	3330
2425	3305
2426	3279
2427	3313
2428	3251
2429	3226
2430	3173
2431	3189
2432	3176
2433	3246
2434	3273
2435	3266
2436	3165
2437	3335
2438	3223
2439	3285
2440	3181
2441	3293
2442	3193
2443	3301
2444	3261
2445	3157
2446	3085
2447	3099
2448	3243
2449	3128
2450	3224
2451	3232
2452	3163
2453	3185
2454	3154
2455	3113
2456	3168
2457	3108
2458	3175
2459	3166
2460	3088
2461	3198
2462	2996
2463	3142
2464	3092
2465	3174
2466	3081
2467	3105
2468	3070
2469	3085
2470	2983
2471	3080
2472	3028
2473	3052
2474	3004
2475	3050
2476	3048
2477	3019
2478	3079
2479	3093
2480	3053
2481	3034
2482	2979
2483	2985
2484	2907
2485	3019
2486	2931
2487	3041
2488	3003
2489	2943
2490	3013
2491	2993
2492	2957
2493	2930
2494	2871
2495	2972
2496	2953
2497	2868
2498	2992
2499	2962
2500	2885
2501	2925
2502	2907
2503	2882
2504	2903
2505	2889
2506	2839
2507	3061
2508	2903
2509	2866
2510	2992
2511	2930
2512	2780
2513	2865
2514	2872
2515	2871
2516	2899
2517	2899
2518	2879
2519	2874
2520	2827
2521	2865
2522	2736
2523	2803
2524	2840
2525	2803
2526	2804
2527	2845
2528	2824
2529	2782
2530	2931
2531	2754
2532	2883
2533	2858
2534	2769
2535	2777
2536	2706
2537	2827
2538	2790
2539	2722
2540	2792
2541	2769
2542	2747
2543	2927
2544	2743
2545	2747
2546	2730
2547	2704
2548	2715
2549	2675
2550	2837
2551	2761
2552	2836
2553	2794
2554	2729
2555	2789
2556	2683
2557	2677
2558	2754
2559	2618
2560	2724
2561	2819
2562	2598
2563	2791
2564	2756
2565	2810
2566	2726
2567	2783
2568	2674
2569	2663
2570	2734
2571	2727
2572	2679
2573	2704
2574	2699
2575	2677
2576	2629
2577	2681
2578	2609
2579	2563
2580	2668
2581	2619
2582	2587
2583	2664
2584	2670
2585	2657
2586	2677
2587	2645
2588	2682
2589	2621
2590	2671
2591	2735
2592	2560
2593	2564
2594	2612
2595	2621
2596	2593
2597	2549
2598	2607
2599	2583
2600	2622
2601	2562
2602	2481
2603	2641
2604	2544
2605	2618
2606	2606
2607	2612
2608	2619
2609	2543
2610	2516
2611	2580
2612	2546
2613	2588
2614	2678
2615	2527
2616	2591
2617	2530
2618	2664
2619	2572
2620	2572
2621	2553
2622	2562
2623	2536
2624	2485
2625	2493
2626	2524
2627	2598
2628	2586
2629	2561
2630	2610
2631	2509
2632	2506
2633	2577
2634	2540
2635	2460
2636	2473
2637	2435
2638	2474
2639	2621
2640	2530
2641	2548
2642	2516
2643	2504
2644	2451
2645	2469
2646	2514
2647	2450
2648	2547
2649	2535
2650	2449
2651	2498
2652	2584
2653	2401
2654	2469
2655	2537
2656	2392
2657	2354
2658	2481
2659	2402
2660	2441
2661	2410
2662	2422
2663	2511
2664	2456
2665	2333
2666	2397
2667	2391
2668	2504
2669	2398
2670	2380
2671	2412
2672	2354
2673	2294
2674	2476
2675	2374
2676	2459
2677	2403
2678	2379
2679	2369
2680	2357
2681	2433
2682	2324
2683	2409
2684	2419
2685	2427
2686	2390
2687	2363
2688	2439
2689	2430
2690	2301
2691	2364
2692	2309
2693	2328
2694	2310
2695	2409
2696	2327
2697	2293
2698	2333
2699	2367
2700	2309
2701	2323
2702	2314
2703	2410
2704	2329
2705	2295
2706	2277
2707	2294
2708	2244
2709	2336
2710	2286
2711	2359
2712	2291
2713	2313
2714	2268
2715	2319
2716	2273
2717	2358
2718	2283
2719	2323
2720	2215
2721	2229
2722	2351
2723	2185
2724	2294
2725	2239
2726	2252
2727	2135
2728	2243
2729	2208
2730	2189
2731	2298
2732	2204
2733	2256
2734	2272
2735	2221
2736	2166
2737	2194
2738	2194
2739	2235
2740	2279
2741	2217
2742	2170
2743	2174
2744	2218
2745	2233
2746	2198
2747	2207
2748	2303
2749	2123
2750	2210
2751	2168
2752	2128
2753	2256
2754	2124
2755	2227
2756	2112
2757	2139
2758	2214
2759	2100
2760	2198
2761	2153
2762	2150
2763	2113
2764	2146
2765	2150
2766	2080
2767	2118
2768	2145
2769	2131
2770	2179
2771	2170
2772	2130
2773	2189
2774	2060
2775	2133
2776	2191
2777	2136
2778	2121
2779	2064
2780	2075
2781	2064
2782	2021
2783	2125
2784	2187
2785	2116
2786	2126
2787	2079
2788	2083
2789	2065
2790	2080
2791	2021
2792	2067
2793	2160
2794	2059
2795	2045
2796	2107
2797	2038
2798	2157
2799	2058
2800	2051
2801	2078
2802	2040
2803	2091
2804	2086
2805	2105
2806	2077
2807	2034
2808	2019
2809	2016
2810	1975
2811	1936
2812	1993
2813	1964
2814	2018
2815	1991
2816	1959
2817	2076
2818	1959
2819	2065
2820	2037
2821	1998
2822	1965
2823	2052
2824	1983
2825	1968
2826	2019
2827	1944
2828	1985
2829	1931
2830	1983
2831	1956
2832	1929
2833	1987
2834	1969
2835	1919
2836	2036
2837	1960
2838	1995
2839	1910
2840	1945
2841	1980
2842	1958
2843	1980
2844	1906
2845	1959
2846	1923
2847	1929
2848	1936
2849	1992
2850	1947
2851	1903
2852	1877
2853	1907
2854	1976
2855	1894
2856	1916
2857	1885
2858	1938
2859	1856
2860	1863
2861	1948
2862	1869
2863	1854
2864	1890
2865	1834
2866	1847
2867	1898
2868	1936
2869	1834
2870	1866
2871	1876
2872	1906
2873	1815
2874	1844
2875	1820
2876	1941
2877	1868
2878	1937
2879	1720
2880	1880
2881	1831
2882	1926
2883	1873
2884	1850
2885	1872
2886	1883
2887	1883
2888	1850
2889	1877
2890	1833
2891	1854
2892	1793
2893	1778
2894	1837
2895	1841
2896	1823
2897	1797
2898	1794
2899	1784
2900	1872
2901	1890
2902	1748
2903	1800
2904	1793
2905	1833
2906	1725
2907	1762
2908	1865
2909	1750
2910	1750
2911	1789
2912	1789
2913	1734
2914	1704
2915	1829
2916	1728
2917	1771
2918	1712
2919	1750
2920	1796
2921	1677
2922	1774
2923	1787
2924	1774
2925	1832
2926	1719
2927	1740
2928	1746
2929	1712
2930	1765
2931	1727
2932	1772
2933	1685
2934	1780
2935	1732
2936	1752
2937	1780
2938	1734
2939	1651
2940	1785
2941	1733
2942	1701
2943	1642
2944	1778
2945	1745
2946	1698
2947	1667
2948	1736
2949	1660
2950	1681
2951	1673
2952	1661
2953	1722
2954	1784
2955	1689
2956	1753
2957	1662
2958	1737
2959	1742
2960	1690
2961	1703
2962	1736
2963	1761
2964	1716
2965	1731
2966	1665
2967	1566
2968	1744
2969	1677
2970	1759
2971	1596
2972	1687
2973	1676
2974	1656
2975	1701
2976	1666
2977	1795
2978	1722
2979	1701
2980	1686
2981	1651
2982	1630
2983	1690
2984	1656
2985	1654
2986	1677
2987	1658
2988	1644
2989	1653
2990	1726
2991	1697
2992	1677
2993	1636
2994	1624
2995	1622
2996	1599
2997	1643
2998	1597
2999	1640
3000	1612
3001	1642
3002	1596
3003	1575
3004	1539
3005	1605
3006	1622
3007	1526
3008	1635
3009	1684
3010	1593
3011	1613
3012	1585
3013	1622
3014	1681
3015	1622
3016	1580
3017	1715
3018	1609
3019	1581
3020	1585
3021	1601
3022	1582
3023	1606
3024	1551
3025	1616
3026	1551
3027	1577
3028	1587
3029	1604
3030	1636
3031	1571
3032	1545
3033	1590
3034	1534
3035	1577
3036	1545
3037	1575
3038	1622
3039	1547
3040	1580
3041	1573
3042	1594
3043	1512
3044	1512
3045	1555
3046	1489
3047	1582
3048	1603
3049	1527
3050	1528
3051	1519
3052	1571
3053	1453
3054	1478
3055	1583
3056	1491
3057	1479
3058	1507
3059	1521
3060	1474
3061	1405
3062	1499
3063	1458
3064	1488
3065	1499
3066	1556
3067	1485
3068	1491
3069	1490
3070	1508
3071	1541
3072	1489
3073	1446
3074	1509
3075	1501
3076	1516
3077	1452
3078	1479
3079	1448
3080	1388
3081	1567
3082	1489
3083	1491
3084	1530
3085	1522
3086	1501
3087	1529
3088	1544
3089	1508
3090	1447
3091	1499
3092	1457
3093	1565
3094	1454
3095	1495
3096	1510
3097	1487
3098	1471
3099	1520
3100	1474
3101	1376
3102	1526
3103	1461
3104	1482
3105	1439
3106	1506
3107	1465
3108	1487
3109	1493
3110	1436
3111	1448
3112	1463
3113	1430
3114	1458
3115	1489
3116	1465
3117	1487
3118	1414
3119	1442
3120	1412
3121	1460
3122	1452
3123	1453
3124	1388
3125	1389
3126	1419
3127	1404
3128	1473
3129	1420
3130	1449
3131	1467
3132	1390
3133	1447
3134	1417
3135	1514
3136	1444
3137	1428
3138	1480
3139	1408
3140	1416
3141	1392
3142	1412
3143	1421
3144	1445
3145	1343
3146	1453
3147	1410
3148	1360
3149	1427
3150	1384
3151	1435
3152	1439
3153	1450
3154	1374
3155	1439
3156	1420
3157	1365
3158	1395
3159	1400
3160	1412
3161	1357
3162	1407
3163	1351
3164	1367
3165	1381
3166	1318
3167	1369
3168	1398
3169	1412
3170	1339
3171	1328
3172	1342
3173	1353
3174	1388
3175	1434
3176	1351
3177	1326
3178	1392
3179	1351
3180	1338
3181	1316
3182	1397
3183	1433
3184	1373
3185	1366
3186	1314
3187	1453
3188	1318
3189	1320
3190	1391
3191	1350
3192	1328
3193	1330
3194	1384
3195	1334
3196	1353
3197	1340
3198	1303
3199	1364
3200	1325
3201	1286
3202	1377
3203	1390
3204	1383
3205	1318
3206	1334
3207	1343
3208	1356
3209	1308
3210	1349
3211	1319
3212	1326
3213	1366
3214	1381
3215	1348
3216	1350
3217	1336
3218	1315
3219	1294
3220	1295
3221	1312
3222	1266
3223	1383
3224	1387
3225	1395
3226	1255
3227	1331
3228	1386
3229	1250
3230	1291
3231	1268
3232	1304
3233	1279
3234	1282
3235	1271
3236	1293
3237	1297
3238	1275
3239	1285
3240	1327
3241	1300
3242	1309
3243	1274
3244	1267
3245	1308
3246	1354
3247	1274
3248	1295
3249	1266
3250	1278
3251	1227
3252	1230
3253	1338
3254	1289
3255	1292
3256	1243
3257	1233
3258	1257
3259	1267
3260	1306
3261	1291
3262	1289
3263	1214
3264	1329
3265	1243
3266	1285
3267	1255
3268	1264
3269	1231
3270	1246
3271	1165
3272	1236
3273	1249
3274	1240
3275	1240
3276	1245
3277	1249
3278	1188
3279	1253
3280	1296
3281	1258
3282	1224
3283	1314
3284	1203
3285	1194
3286	1241
3287	1226
3288	1264
3289	1341
3290	1249
3291	1247
3292	1212
3293	1244
3294	1226
3295	1207
3296	1259
3297	1157
3298	1180
3299	1155
3300	1254
3301	1223
3302	1254
3303	1203
3304	1327
3305	1246
3306	1250
3307	1193
3308	1241
3309	1294
3310	1213
3311	1261
3312	1199
3313	1219
3314	1231
3315	1214
3316	1232
3317	1217
3318	1217
3319	1210
3320	1186
3321	1262
3322	1225
3323	1208
3324	1205
3325	1201
3326	1207
3327	1229
3328	1211
3329	1209
3330	1176
3331	1223
3332	1180
3333	1166
3334	1170
3335	1212
3336	1230
3337	1280
3338	1186
3339	1171
3340	1180
3341	1271
3342	1212
3343	1219
3344	1182
3345	1185
3346	1267
3347	1225
3348	1204
3349	1209
3350	1210
3351	1198
3352	1243
3353	1231
3354	1215
3355	1175
3356	1243
3357	1202
3358	1182
3359	1226
3360	1176
3361	1235
3362	1245
3363	1207
3364	1208
3365	1231
3366	1186
3367	1204
3368	1240
3369	1208
3370	1256
3371	1189
3372	1246
3373	1221
3374	1181
3375	1147
3376	1213
3377	1252
3378	1160
3379	1232
3380	1197
3381	1142
3382	1201
3383	1193
3384	1228
3385	1271
3386	1178
3387	1230
3388	1237
3389	1285
3390	1269
3391	1222
3392	1224
3393	1160
3394	1211
3395	1206
3396	1132
3397	1190
3398	1260
3399	1243
3400	1192
3401	1272
3402	1331
3403	1218
3404	1247
3405	1273
3406	1229
3407	1193
3408	1284
3409	1224
3410	1239
3411	1314
3412	1219
3413	1262
3414	1261
3415	1233
3416	1278
3417	1259
3418	1163
3419	1255
3420	1236
3421	1226
3422	1202
3423	1272
3424	1252
3425	1268
3426	1195
3427	1321
3428	1256
3429	1269
3430	1248
3431	1254
3432	1225
3433	1261
3434	1188
3435	1277
3436	1244
3437	1268
3438	1197
3439	1319
3440	1255
3441	1201
3442	1236
3443	1271
3444	1325
3445	1336
3446	1286
3447	1254
3448	1260
3449	1256
3450	1268
3451	1296
3452	1280
3453	1239
3454	1335
3455	1307
3456	1255
3457	1228
3458	1315
3459	1236
3460	1400
3461	1285
3462	1272
3463	1334
3464	1292
3465	1354
3466	1275
3467	1302
3468	1334
3469	1353
3470	1233
3471	1327
3472	1329
3473	1297
3474	1379
3475	1300
3476	1408
3477	1317
3478	1295
3479	1350
3480	1406
3481	1337
3482	1337
3483	1383
3484	1405
3485	1363
3486	1379
3487	1353
3488	1374
3489	1370
3490	1392
3491	1313
3492	1405
3493	1352
3494	1442
3495	1414
3496	1445
3497	1369
3498	1436
3499	1386
3500	1395
3501	1418
3502	1495
3503	1412
3504	1431
3505	1471
3506	1377
3507	1381
3508	1441
3509	1426
3510	1456
3511	1458
3512	1345
3513	1412
3514	1471
3515	1424
3516	1402
3517	1497
3518	1430
3519	1467
3520	1464
3521	1387
3522	1473
3523	1489
3524	1465
3525	1461
3526	1453
3527	1473
3528	1520
3529	1466
3530	1497
3531	1519
3532	1519
3533	1469
3534	1459
3535	1505
3536	1506
3537	1504
3538	1578
3539	1550
3540	1568
3541	1584
3542	1505
3543	1449
3544	1510
3545	1578
3546	1592
3547	1575
3548	1567
3549	1527
3550	1626
3551	1536
3552	1547
3553	1590
3554	1597
3555	1591
3556	1553
3557	1591
3558	1641
3559	1616
3560	1583
3561	1602
3562	1642
3563	1614
3564	1618
3565	1583
3566	1567
3567	1630
3568	1591
3569	1706
3570	1636
3571	1612
3572	1645
3573	1621
3574	1775
3575	1719
3576	1661
3577	1646
3578	1690
3579	1591
3580	1670
3581	1710
3582	1681
3583	1676
3584	1692
3585	1737
3586	1621
3587	1703
3588	1750
3589	1659
3590	1790
3591	1784
3592	1704
3593	1757
3594	1697
3595	1779
3596	1784
3597	1746
3598	1773
3599	1808
3600	1819
3601	1718
3602	1780
3603	1808
3604	1768
3605	1781
3606	1859
3607	1894
3608	1815
3609	1855
3610	1848
3611	1812
3612	1795
3613	1784
3614	1818
3615	1791
3616	1901
3617	1854
3618	1858
3619	1845
3620	1865
3621	1808
3622	1816
3623	1924
3624	1868
3625	1947
3626	1933
3627	1865
3628	1925
3629	2026
3630	1888
3631	1919
3632	1967
3633	1913
3634	1997
3635	1922
3636	1952
3637	1967
3638	1933
3639	1952
3640	1941
3641	1980
3642	2066
3643	2057
3644	2021
3645	1965
3646	1949
3647	1964
3648	2024
3649	2041
3650	2142
3651	2065
3652	2055
3653	2040
3654	2073
3655	2087
3656	2029
3657	2090
3658	1933
3659	2122
3660	2088
3661	2122
3662	2122
3663	2102
3664	2195
3665	2036
3666	2134
3667	2123
3668	2075
3669	2185
3670	2135
3671	2177
3672	2096
3673	2183
3674	2127
3675	2207
3676	2166
3677	2272
3678	2155
3679	2133
3680	2217
3681	2173
3682	2103
3683	2134
3684	2192
3685	2223
3686	2168
3687	2278
3688	2259
3689	2221
3690	2301
3691	2297
3692	2351
3693	2335
3694	2317
3695	2273
3696	2307
3697	2332
3698	2274
3699	2213
3700	2273
3701	2345
3702	2293
3703	2337
3704	2377
3705	2346
3706	2413
3707	2321
3708	2309
3709	2361
3710	2385
3711	2410
3712	2297
3713	2321
3714	2368
3715	2423
3716	2323
3717	2431
3718	2353
3719	2355
3720	2474
3721	2460
3722	2470
3723	2462
3724	2513
3725	2430
3726	2380
3727	2487
3728	2489
3729	2520
3730	2310
3731	2383
3732	2487
3733	2479
3734	2481
3735	2533
3736	2555
3737	2468
3738	2597
3739	2528
3740	2513
3741	2522
3742	2564
3743	2492
3744	2549
3745	2528
3746	2535
3747	2535
3748	2614
3749	2532
3750	2530
3751	2544
3752	2552
3753	2548
3754	2644
3755	2510
3756	2654
3757	2603
3758	2605
3759	2563
3760	2610
3761	2558
3762	2611
3763	2570
3764	2707
3765	2636
3766	2694
3767	2690
3768	2614
3769	2662
3770	2643
3771	2670
3772	2632
3773	2728
3774	2721
3775	2659
3776	2759
3777	2752
3778	2634
3779	2594
3780	2708
3781	2777
3782	2681
3783	2717
3784	2765
3785	2655
3786	2760
3787	2710
3788	2679
3789	2751
3790	2731
3791	2713
3792	2734
3793	2778
3794	2851
3795	2767
3796	2895
3797	2924
3798	2801
3799	2757
3800	2806
3801	2817
3802	2814
3803	2883
3804	2718
3805	2913
3806	2904
3807	2943
3808	2816
3809	2811
3810	2867
3811	2878
3812	2973
3813	2901
3814	2898
3815	2909
3816	2894
3817	2879
3818	2880
3819	2856
3820	2923
3821	2837
3822	2979
3823	2951
3824	2933
3825	2978
3826	2913
3827	2917
3828	3100
3829	2983
3830	2978
3831	2944
3832	2954
3833	3010
3834	2956
3835	3025
3836	3009
3837	2948
3838	3073
3839	3063
3840	3079
3841	2968
3842	2990
3843	2974
3844	3023
3845	3084
3846	3062
3847	2951
3848	3042
3849	3077
3850	3069
3851	3067
3852	3114
3853	3076
3854	3117
3855	3007
3856	3113
3857	3210
3858	3025
3859	3103
3860	3131
3861	3072
3862	3188
3863	3147
3864	3145
3865	3297
3866	3081
3867	3134
3868	3081
3869	3236
3870	3248
3871	3104
3872	3226
3873	3170
3874	3165
3875	3273
3876	3251
3877	3200
3878	3184
3879	3199
3880	3164
3881	3309
3882	3247
3883	3265
3884	3303
3885	3246
3886	3361
3887	3316
3888	3328
3889	3255
3890	3337
3891	3261
3892	3387
3893	3282
3894	3366
3895	3387
3896	3266
3897	3285
3898	3380
3899	3309
3900	3297
3901	3352
3902	3326
3903	3461
3904	3528
3905	3434
3906	3448
3907	3358
3908	3314
3909	3423
3910	3502
3911	3494
3912	3406
3913	3440
3914	3468
3915	3400
3916	3436
3917	3500
3918	3562
3919	3454
3920	3453
3921	3509
3922	3442
3923	3503
3924	3501
3925	3502
3926	3575
3927	3530
3928	3570
3929	3529
3930	3463
3931	3426
3932	3413
3933	3554
3934	3483
3935	3539
3936	3539
3937	3608
3938	3559
3939	3456
3940	3512
3941	3559
3942	3580
3943	3588
3944	3587
3945	3647
3946	3604
3947	3546
3948	3584
3949	3583
3950	3532
3951	3648
3952	3713
3953	3715
3954	3658
3955	3616
3956	3586
3957	3735
3958	3622
3959	3606
3960	3701
3961	3619
3962	3595
3963	3669
3964	3777
3965	3743
3966	3779
3967	3707
3968	3754
3969	3684
3970	3744
3971	3725
3972	3778
3973	3754
3974	3777
3975	3819
3976	3807
3977	3801
3978	3874
3979	3777
3980	3806
3981	3648
3982	3677
3983	3823
3984	3863
3985	3791
3986	3729
3987	3792
3988	3875
3989	3816
3990	3912
3991	3905
3992	4020
3993	3907
3994	3855
3995	3916
3996	3800
3997	3938
3998	3912
3999	3905
4000	3783
4001	3950
4002	4002
4003	4027
4004	4019
4005	3945
4006	3871
4007	3909
4008	3939
4009	3965
4010	3860
4011	4015
4012	3994
4013	3999
4014	3956
4015	4002
4016	3984
4017	4007
4018	3990
4019	3983
4020	4115
4021	4088
4022	4014
4023	4082
4024	4005
4025	4003
4026	4026
4027	4083
4028	3951
4029	4039
4030	3984
4031	4019
4032	4031
4033	3983
4034	3972
4035	4099
4036	4016
4037	4174
4038	3964
4039	4012
4040	4019
4041	4031
4042	4080
4043	4080
4044	4206
4045	4142
4046	4162
4047	4119
4048	4135
4049	4163
4050	4065
4051	3998
4052	4130
4053	4106
4054	4174
4055	4069
4056	4186
4057	4125
4058	4131
4059	4112
4060	4231
4061	4217
4062	4218
4063	4102
4064	4153
4065	4214
4066	4196
4067	4060
4068	4178
4069	4021
4070	4297
4071	4138
4072	4191
4073	4233
4074	4121
4075	4185
4076	4133
4077	4202
4078	4245
4079	4213
4080	4169
4081	4272
4082	4135
4083	4325
4084	4136
4085	4259
4086	4088
4087	4308
4088	4262
4089	4150
4090	4247
4091	4150
4092	4266
4093	4120
4094	4297
4095	4262
4096	4142
4097	4315
4098	4222
4099	4305
4100	4112
4101	4156
4102	4263
4103	4240
4104	4117
4105	4224
4106	4288
4107	4176
4108	4169
4109	4177
4110	4312
4111	4285
4112	4230
4113	4200
4114	4231
4115	4179
4116	4261
4117	4301
4118	4090
4119	4288
4120	4219
4121	4181
4122	4141
4123	4156
4124	4312
4125	4228
4126	4223
4127	4206
4128	4132
4129	4221
4130	4181
4131	4126
4132	4224
4133	4162
4134	4123
4135	4087
4136	4279
4137	4232
4138	4235
4139	4188
4140	4240
4141	4230
4142	4174
4143	4247
4144	4128
4145	4187
4146	4244
4147	4128
4148	4154
4149	4124
4150	4197
4151	4179
4152	4244
4153	4126
4154	4147
4155	4162
4156	4155
4157	4208
4158	4177
4159	4102
4160	4100
4161	4156
4162	4176
4163	4231
4164	4176
4165	4149
4166	4199
4167	4102
4168	4049
4169	4115
4170	4127
4171	4073
4172	3958
4173	4135
4174	4147
4175	4061
4176	3941
4177	4239
4178	4100
4179	4021
4180	4039
4181	4080
4182	4100
4183	4031
4184	4096
4185	3948
4186	4038
4187	3966
4188	4125
4189	4072
4190	3937
4191	3993
4192	4102
4193	3871
4194	3893
4195	4019
4196	3956
4197	3974
4198	3991
4199	3969
4200	3995
4201	4044
4202	3950
4203	3947
4204	3880
4205	3933
4206	3879
4207	3938
4208	3915
4209	3860
4210	3803
4211	3947
4212	4049
4213	3937
4214	3868
4215	3892
4216	3898
4217	3900
4218	3810
4219	3902
4220	3838
4221	3871
4222	3761
4223	3779
4224	3759
4225	3753
4226	3859
4227	3777
4228	3830
4229	3691
4230	3831
4231	3776
4232	3771
4233	3738
4234	3802
4235	3708
4236	3743
4237	3769
4238	3866
4239	3751
4240	3822
4241	3836
4242	3777
4243	3730
4244	3774
4245	3631
4246	3609
4247	3767
4248	3726
4249	3653
4250	3630
4251	3591
4252	3718
4253	3621
4254	3752
4255	3765
4256	3599
4257	3678
4258	3604
4259	3736
4260	3567
4261	3558
4262	3642
4263	3602
4264	3603
4265	3600
4266	3521
4267	3536
4268	3604
4269	3537
4270	3559
4271	3475
4272	3573
4273	3526
4274	3455
4275	3422
4276	3466
4277	3594
4278	3378
4279	3542
4280	3567
4281	3428
4282	3313
4283	3548
4284	3533
4285	3472
4286	3491
4287	3432
4288	3491
4289	3458
4290	3383
4291	3421
4292	3369
4293	3493
4294	3409
4295	3330
4296	3405
4297	3272
4298	3422
4299	3324
4300	3261
4301	3324
4302	3382
4303	3317
4304	3301
4305	3356
4306	3387
4307	3353
4308	3216
4309	3302
4310	3366
4311	3234
4312	3298
4313	3270
4314	3224
4315	3261
4316	3288
4317	3328
4318	3264
4319	3233
4320	3195
4321	3246
4322	3211
4323	3267
4324	3185
4325	3184
4326	3166
4327	3307
4328	3282
4329	3193
4330	3297
4331	3255
4332	3168
4333	3190
4334	3126
4335	3144
4336	3167
4337	3219
4338	3117
4339	3102
4340	3230
4341	3148
4342	3068
4343	3104
4344	3079
4345	3118
4346	3075
4347	3103
4348	3196
4349	3186
4350	3220
4351	3183
4352	3048
4353	3135
4354	3060
4355	3125
4356	3124
4357	3043
4358	3156
4359	3096
4360	3057
4361	3051
4362	3136
4363	3207
4364	3070
4365	3073
4366	3167
4367	3086
4368	3125
4369	3074
4370	3067
4371	3089
4372	3111
4373	3046
4374	3127
4375	3052
4376	3172
4377	3042
4378	3054
4379	2987
4380	3196
4381	3054
4382	3043
4383	3125
4384	2987
4385	3076
4386	3137
4387	3119
4388	3075
4389	3100
4390	3017
4391	3106
4392	3111
4393	2972
4394	3013
4395	3051
4396	2985
4397	3048
4398	3104
4399	3077
4400	3136
4401	3124
4402	3041
4403	3063
4404	3121
4405	3090
4406	3213
4407	3005
4408	3024
4409	3118
4410	3154
4411	2940
4412	3110
4413	3171
4414	3088
4415	3242
4416	3140
4417	3130
4418	3087
4419	3123
4420	3103
4421	3071
4422	3133
4423	3136
4424	3234
4425	3089
4426	3167
4427	3191
4428	3139
4429	3339
4430	3226
4431	3170
4432	3144
4433	3194
4434	3166
4435	3153
4436	3108
4437	3249
4438	3252
4439	3222
4440	3131
4441	3179
4442	3236
4443	3325
4444	3105
4445	3176
4446	3237
4447	3283
4448	3178
4449	3422
4450	3222
4451	3287
4452	3241
4453	3321
4454	3340
4455	3361
4456	3357
4457	3338
4458	3492
4459	3371
4460	3488
4461	3375
4462	3380
4463	3368
4464	3476
4465	3392
4466	3495
4467	3433
4468	3423
4469	3464
4470	3420
4471	3419
4472	3547
4473	3453
4474	3480
4475	3549
4476	3524
4477	3430
4478	3504
4479	3470
4480	3537
4481	3584
4482	3635
4483	3641
4484	3632
4485	3608
4486	3698
4487	3695
4488	3586
4489	3689
4490	3664
4491	3638
4492	3568
4493	3773
4494	3722
4495	3714
4496	3804
4497	3763
4498	3805
4499	3749
4500	3812
4501	3831
4502	3812
4503	3851
4504	3886
4505	3898
4506	3864
4507	3922
4508	3972
4509	3901
4510	3924
4511	3960
4512	3950
4513	4004
4514	4076
4515	4010
4516	3997
4517	4098
4518	4101
4519	4109
4520	4013
4521	4187
4522	4093
4523	4147
4524	4260
4525	4179
4526	4297
4527	4268
4528	4136
4529	4198
4530	4252
4531	4351
4532	4252
4533	4239
4534	4338
4535	4250
4536	4517
4537	4328
4538	4405
4539	4467
4540	4349
4541	4494
4542	4498
4543	4443
4544	4556
4545	4458
4546	4619
4547	4640
4548	4595
4549	4503
4550	4640
4551	4602
4552	4647
4553	4652
4554	4842
4555	4756
4556	4660
4557	4663
4558	4793
4559	4744
4560	4753
4561	4918
4562	4830
4563	4835
4564	4968
4565	4858
4566	4948
4567	4843
4568	4872
4569	4837
4570	5031
4571	4972
4572	5072
4573	5043
4574	5153
4575	5152
4576	5096
4577	5225
4578	5103
4579	5291
4580	5259
4581	5186
4582	5268
4583	5353
4584	5249
4585	5450
4586	5433
4587	5355
4588	5387
4589	5233
4590	5377
4591	5486
4592	5461
4593	5586
4594	5560
4595	5489
4596	5553
4597	5586
4598	5671
4599	5579
4600	5613
4601	5606
4602	5595
4603	5686
4604	5734
4605	5718
4606	5795
4607	5761
4608	5860
4609	5722
4610	5778
4611	5962
4612	5912
4613	6020
4614	5921
4615	5984
4616	5957
4617	6040
4618	6093
4619	6004
4620	6052
4621	5963
4622	5899
4623	6164
4624	6123
4625	6048
4626	6302
4627	6256
4628	6229
4629	6218
4630	6140
4631	6178
4632	6244
4633	6482
4634	6360
4635	6418
4636	6344
4637	6501
4638	6551
4639	6543
4640	6541
4641	6589
4642	6554
4643	6734
4644	6587
4645	6594
4646	6565
4647	6772
4648	6619
4649	6774
4650	6782
4651	6805
4652	6746
4653	6949
4654	6771
4655	6857
4656	6863
4657	6944
4658	6878
4659	6946
4660	6817
4661	6973
4662	6938
4663	7060
4664	7109
4665	7040
4666	7167
4667	7126
4668	7170
4669	7137
4670	7208
4671	7302
4672	7165
4673	7480
4674	7285
4675	7204
4676	7200
4677	7267
4678	7338
4679	7595
4680	7269
4681	7479
4682	7485
4683	7473
4684	7416
4685	7592
4686	7538
4687	7566
4688	7573
4689	7702
4690	7684
4691	7677
4692	7628
4693	7667
4694	7596
4695	7653
4696	7671
4697	7804
4698	7740
4699	7819
4700	7899
4701	7877
4702	7963
4703	7844
4704	7791
4705	7782
4706	7917
4707	7896
4708	8039
4709	7913
4710	7940
4711	7966
4712	7917
4713	7908
4714	8023
4715	8170
4716	8074
4717	8168
4718	8201
4719	8233
4720	8173
4721	8276
4722	8237
4723	8161
4724	8268
4725	8123
4726	8166
4727	8159
4728	8322
4729	8284
4730	8581
4731	8331
4732	8282
4733	8451
4734	8358
4735	8398
4736	8538
4737	8456
4738	8531
4739	8473
4740	8793
4741	8417
4742	8636
4743	8638
4744	8802
4745	8511
4746	8589
4747	8519
4748	8477
4749	8683
4750	8711
4751	8595
4752	8668
4753	8655
4754	8571
4755	8606
4756	8793
4757	8583
4758	8800
4759	8818
4760	8745
4761	8689
4762	8839
4763	8927
4764	8933
4765	8903
4766	8913
4767	8965
4768	8994
4769	8847
4770	9012
4771	9024
4772	9019
4773	9123
4774	8866
4775	8907
4776	8913
4777	9046
4778	9064
4779	8898
4780	8987
4781	9044
4782	8953
4783	8992
4784	9054
4785	8997
4786	9160
4787	8927
4788	9184
4789	9189
4790	9306
4791	9267
4792	9146
4793	9147
4794	9246
4795	9172
4796	9116
4797	9107
4798	9280
4799	9087
4800	9270
4801	9214
4802	9310
4803	9049
4804	9178
4805	9184
4806	9357
4807	9092
4808	9173
4809	9101
4810	9221
4811	9320
4812	9262
4813	9211
4814	9340
4815	9254
4816	9167
4817	9223
4818	9154
4819	9151
4820	9226
4821	9479
4822	9249
4823	9128
4824	9183
4825	9390
4826	9356
4827	9355
4828	9479
4829	9312
4830	9160
4831	9276
4832	9178
4833	9146
4834	9305
4835	9350
4836	9278
4837	9467
4838	9322
4839	9301
4840	9356
4841	9285
4842	9267
4843	9395
4844	9320
4845	9277
4846	9141
4847	9217
4848	9383
4849	9274
4850	9330
4851	9192
4852	9252
4853	9294
4854	9368
4855	9265
4856	9356
4857	9238
4858	9276
4859	9297
4860	9398
4861	9378
4862	9252
4863	9270
4864	9370
4865	9376
4866	9199
4867	9257
4868	9160
4869	9255
4870	9162
4871	9278
4872	9303
4873	9159
4874	9313
4875	9180
4876	9346
4877	9204
4878	9084
4879	9051
4880	9065
4881	9137
4882	9137
4883	9122
4884	9046
4885	9017
4886	9028
4887	9194
4888	9121
4889	9096
4890	8995
4891	9176
4892	9095
4893	9057
4894	9050
4895	9092
4896	9145
4897	8971
4898	9113
4899	9171
4900	8882
4901	9082
4902	8923
4903	9103
4904	9097
4905	9100
4906	8856
4907	8945
4908	8972
4909	8788
4910	8906
4911	8956
4912	8856
4913	8931
4914	8929
4915	8858
4916	8743
4917	8828
4918	8806
4919	8845
4920	8753
4921	8761
4922	8800
4923	8876
4924	8810
4925	8875
4926	8738
4927	8855
4928	8710
4929	8786
4930	8521
4931	8734
4932	8771
4933	8439
4934	8710
4935	8533
4936	8581
4937	8631
4938	8550
4939	8667
4940	8609
4941	8611
4942	8461
4943	8405
4944	8449
4945	8434
4946	8538
4947	8551
4948	8443
4949	8294
4950	8496
4951	8379
4952	8299
4953	8460
4954	8319
4955	8457
4956	8347
4957	8366
4958	8307
4959	8267
4960	8315
4961	8251
4962	8325
4963	8045
4964	8179
4965	8323
4966	8299
4967	8059
4968	8124
4969	8035
4970	8221
4971	8082
4972	7999
4973	8012
4974	8027
4975	7883
4976	8218
4977	8112
4978	8030
4979	8149
4980	7966
4981	7846
4982	7768
4983	8008
4984	7805
4985	7810
4986	7890
4987	7681
4988	7798
4989	7770
4990	7817
4991	7885
4992	7630
4993	7712
4994	7733
4995	7780
4996	7583
4997	7724
4998	7623
4999	7588
5000	7654
5001	7382
5002	7529
5003	7521
5004	7507
5005	7467
5006	7351
5007	7556
5008	7479
5009	7575
5010	7401
5011	7526
5012	7371
5013	7199
5014	7452
5015	7439
5016	7322
5017	7145
5018	7276
5019	7061
5020	7228
5021	7170
5022	7200
5023	7081
5024	7114
5025	7073
5026	7090
5027	7089
5028	7008
5029	7137
5030	7080
5031	7107
5032	6791
5033	6988
5034	7017
5035	7058
5036	6910
5037	6851
5038	6799
5039	6743
5040	6888
5041	6886
5042	6732
5043	6818
5044	6639
5045	6734
5046	6722
5047	6649
5048	6775
5049	6564
5050	6602
5051	6585
5052	6411
5053	6735
5054	6625
5055	6492
5056	6417
5057	6419
5058	6498
5059	6310
5060	6513
5061	6431
5062	6301
5063	6266
5064	6315
5065	6402
5066	6300
5067	6367
5068	6172
5069	6360
5070	6250
5071	6155
5072	6203
5073	6184
5074	6132
5075	6205
5076	6191
5077	6155
5078	6006
5079	6038
5080	6036
5081	6067
5082	6097
5083	6033
5084	5870
5085	5798
5086	6001
5087	6029
5088	5887
5089	5954
5090	5996
5091	5799
5092	5865
5093	5853
5094	5689
5095	5795
5096	5793
5097	5798
5098	5758
5099	5764
5100	5685
5101	5655
5102	5623
5103	5644
5104	5691
5105	5635
5106	5570
5107	5532
5108	5464
5109	5484
5110	5427
5111	5475
5112	5527
5113	5448
5114	5384
5115	5429
5116	5303
5117	5444
5118	5465
5119	5322
5120	5256
5121	5236
5122	5258
5123	5180
5124	5338
5125	5374
5126	5107
5127	5320
5128	5150
5129	5122
5130	5214
5131	5181
5132	5160
5133	5011
5134	5152
5135	5185
5136	5080
5137	5092
5138	5065
5139	4951
5140	4816
5141	4883
5142	4891
5143	4936
5144	5028
5145	5014
5146	4863
5147	4774
5148	4844
5149	4793
5150	4830
5151	4774
5152	4833
5153	4826
5154	4771
5155	4656
5156	4720
5157	4704
5158	4824
5159	4619
5160	4750
5161	4760
5162	4555
5163	4580
5164	4482
5165	4473
5166	4684
5167	4448
5168	4574
5169	4530
5170	4489
5171	4599
5172	4488
5173	4465
5174	4433
5175	4357
5176	4461
5177	4405
5178	4418
5179	4341
5180	4560
5181	4305
5182	4320
5183	4282
5184	4262
5185	4373
5186	4297
5187	4240
5188	4350
5189	4174
5190	4243
5191	4306
5192	4173
5193	4201
5194	4121
5195	4143
5196	4229
5197	4248
5198	4224
5199	4097
5200	4261
5201	4135
5202	4018
5203	4085
5204	4067
5205	4040
5206	4015
5207	3908
5208	4038
5209	3958
5210	3834
5211	4059
5212	3893
5213	3909
5214	3943
5215	3808
5216	3780
5217	3931
5218	3810
5219	3975
5220	3960
5221	3774
5222	3758
5223	3785
5224	3747
5225	3774
5226	3753
5227	3657
5228	3674
5229	3739
5230	3772
5231	3700
5232	3691
5233	3644
5234	3725
5235	3597
5236	3676
5237	3488
5238	3663
5239	3629
5240	3568
5241	3523
5242	3498
5243	3578
5244	3501
5245	3543
5246	3557
5247	3607
5248	3466
5249	3451
5250	3469
5251	3369
5252	3427
5253	3497
5254	3464
5255	3393
5256	3320
5257	3373
5258	3461
5259	3429
5260	3401
5261	3300
5262	3317
5263	3344
5264	3411
5265	3199
5266	3303
5267	3322
5268	3205
5269	3197
5270	3324
5271	3297
5272	3280
5273	3206
5274	3165
5275	3221
5276	3254
5277	3217
5278	3184
5279	3127
5280	3132
5281	3194
5282	3101
5283	3102
5284	2994
5285	3047
5286	3059
5287	3019
5288	2998
5289	3034
5290	3099
5291	3068
5292	3083
5293	2946
5294	2975
5295	2966
5296	2993
5297	2958
5298	2913
5299	3073
5300	2899
5301	2939
5302	2908
5303	2957
5304	2914
5305	2901
5306	2879
5307	2945
5308	3025
5309	2881
5310	2904
5311	2884
5312	2880
5313	2917
5314	2754
5315	2868
5316	2772
5317	2782
5318	2733
5319	2817
5320	2746
5321	2776
5322	2708
5323	2704
5324	2845
5325	2748
5326	2663
5327	2712
5328	2643
5329	2686
5330	2796
5331	2627
5332	2661
5333	2731
5334	2724
5335	2618
5336	2689
5337	2669
5338	2697
5339	2608
5340	2573
5341	2634
5342	2598
5343	2620
5344	2592
5345	2649
5346	2629
5347	2594
5348	2572
5349	2536
5350	2546
5351	2545
5352	2561
5353	2561
5354	2537
5355	2455
5356	2467
5357	2508
5358	2447
5359	2513
5360	2433
5361	2518
5362	2576
5363	2400
5364	2347
5365	2449
5366	2358
5367	2443
5368	2415
5369	2384
5370	2287
5371	2379
5372	2277
5373	2382
5374	2318
5375	2383
5376	2258
5377	2225
5378	2322
5379	2368
5380	2245
5381	2420
5382	2295
5383	2250
5384	2233
5385	2233
5386	2177
5387	2175
5388	2285
5389	2264
5390	2206
5391	2280
5392	2250
5393	2219
5394	2289
5395	2117
5396	2250
5397	2164
5398	2162
5399	2143
5400	2161
5401	2193
5402	2115
5403	2198
5404	2167
5405	2089
5406	2076
5407	2071
5408	2014
5409	2081
5410	2064
5411	2062
5412	2092
5413	2063
5414	2091
5415	2021
5416	2077
5417	2031
5418	2116
5419	1977
5420	2035
5421	2110
5422	2064
5423	2022
5424	2054
5425	1991
5426	1965
5427	1973
5428	1974
5429	2031
5430	1910
5431	1965
5432	1958
5433	1924
5434	1983
5435	1926
5436	1881
5437	1928
5438	1908
5439	1895
5440	1835
5441	1948
5442	1900
5443	1872
5444	1903
5445	1817
5446	1742
5447	1758
5448	1879
5449	1835
5450	1836
5451	1827
5452	1824
5453	1854
5454	1786
5455	1864
5456	1801
5457	1808
5458	1721
5459	1772
5460	1791
5461	1855
5462	1693
5463	1749
5464	1797
5465	1821
5466	1730
5467	1680
5468	1712
5469	1733
5470	1735
5471	1674
5472	1697
5473	1768
5474	1761
5475	1737
5476	1643
5477	1658
5478	1735
5479	1637
5480	1705
5481	1628
5482	1625
5483	1621
5484	1644
5485	1629
5486	1694
5487	1609
5488	1528
5489	1583
5490	1537
5491	1593
5492	1587
5493	1565
5494	1569
5495	1534
5496	1502
5497	1495
5498	1519
5499	1523
5500	1472
5501	1497
5502	1557
5503	1493
5504	1489
5505	1504
5506	1469
5507	1507
5508	1505
5509	1435
5510	1463
5511	1537
5512	1467
5513	1443
5514	1437
5515	1417
5516	1513
5517	1416
5518	1451
5519	1406
5520	1474
5521	1421
5522	1418
5523	1354
5524	1394
5525	1397
5526	1389
5527	1386
5528	1349
5529	1367
5530	1369
5531	1399
5532	1365
5533	1360
5534	1431
5535	1378
5536	1350
5537	1321
5538	1388
5539	1321
5540	1351
5541	1303
5542	1360
5543	1289
5544	1297
5545	1257
5546	1288
5547	1327
5548	1325
5549	1339
5550	1373
5551	1223
5552	1303
5553	1288
5554	1272
5555	1282
5556	1318
5557	1276
5558	1250
5559	1250
5560	1272
5561	1296
5562	1258
5563	1219
5564	1183
5565	1220
5566	1234
5567	1216
5568	1280
5569	1197
5570	1259
5571	1205
5572	1182
5573	1155
5574	1244
5575	1180
5576	1139
5577	1239
5578	1147
5579	1134
5580	1176
5581	1186
5582	1140
5583	1149
5584	1158
5585	1166
5586	1115
5587	1157
5588	1138
5589	1070
5590	1104
5591	1113
5592	1139
5593	1113
5594	1176
5595	1130
5596	1056
5597	1048
5598	1082
5599	1132
5600	1113
5601	1062
5602	1050
5603	1054
5604	1041
5605	1075
5606	1045
5607	1056
5608	1039
5609	1127
5610	1052
5611	1055
5612	995
5613	1002
5614	1065
5615	1016
5616	1012
5617	1084
5618	1014
5619	1021
5620	989
5621	962
5622	1041
5623	1003
5624	958
5625	955
5626	983
5627	1003
5628	1005
5629	1041
5630	987
5631	985
5632	1010
5633	997
5634	913
5635	957
5636	966
5637	954
5638	972
5639	1024
5640	968
5641	955
5642	930
5643	918
5644	950
5645	916
5646	974
5647	948
5648	935
5649	952
5650	935
5651	1008
5652	931
5653	943
5654	856
5655	941
5656	907
5657	906
5658	943
5659	911
5660	872
5661	916
5662	908
5663	903
5664	889
5665	946
5666	886
5667	924
5668	982
5669	878
5670	890
5671	877
5672	856
5673	859
5674	901
5675	890
5676	847
5677	869
5678	865
5679	843
5680	879
5681	782
5682	822
5683	877
5684	862
5685	881
5686	857
5687	827
5688	839
5689	842
5690	889
5691	844
5692	873
5693	838
5694	882
5695	834
5696	876
5697	874
5698	787
5699	832
5700	880
5701	811
5702	791
5703	848
5704	857
5705	818
5706	832
5707	884
5708	849
5709	810
5710	866
5711	854
5712	845
5713	827
5714	866
5715	812
5716	781
5717	809
5718	860
5719	886
5720	744
5721	817
5722	833
5723	791
5724	770
5725	822
5726	806
5727	804
5728	823
5729	803
5730	843
5731	802
5732	836
5733	755
5734	792
5735	791
5736	773
5737	808
5738	809
5739	784
5740	843
5741	791
5742	800
5743	819
5744	746
5745	740
5746	810
5747	790
5748	807
5749	734
5750	769
5751	800
5752	758
5753	755
5754	794
5755	822
5756	780
5757	761
5758	790
5759	836
5760	690
5761	854
5762	743
5763	816
5764	746
5765	739
5766	799
5767	752
5768	721
5769	763
5770	715
5771	795
5772	782
5773	761
5774	789
5775	731
5776	695
5777	746
5778	772
5779	760
5780	725
5781	767
5782	773
5783	789
5784	746
5785	781
5786	757
5787	761
5788	722
5789	755
5790	750
5791	753
5792	815
5793	777
5794	762
5795	785
5796	760
5797	769
5798	755
5799	739
5800	743
5801	756
5802	728
5803	797
5804	772
5805	760
5806	743
5807	760
5808	736
5809	766
5810	777
5811	769
5812	751
5813	789
5814	742
5815	765
5816	747
5817	745
5818	784
5819	764
5820	744
5821	787
5822	734
5823	782
5824	745
5825	737
5826	744
5827	746
5828	779
5829	807
5830	758
5831	777
5832	742
5833	811
5834	754
5835	784
5836	746
5837	794
5838	783
5839	792
5840	790
5841	721
5842	813
5843	736
5844	750
5845	754
5846	809
5847	774
5848	801
5849	744
5850	767
5851	779
5852	795
5853	798
5854	704
5855	775
5856	830
5857	773
5858	764
5859	777
5860	819
5861	758
5862	754
5863	771
5864	784
5865	738
5866	704
5867	779
5868	744
5869	774
5870	779
5871	740
5872	751
5873	777
5874	823
5875	795
5876	800
5877	770
5878	760
5879	807
5880	775
5881	810
5882	766
5883	758
5884	794
5885	759
5886	758
5887	808
5888	813
5889	741
5890	727
5891	847
5892	798
5893	813
5894	775
5895	730
5896	753
5897	797
5898	787
5899	791
5900	770
5901	830
5902	792
5903	813
5904	797
5905	757
5906	788
5907	817
5908	771
5909	777
5910	800
5911	759
5912	824
5913	768
5914	757
5915	751
5916	779
5917	778
5918	781
5919	817
5920	795
5921	806
5922	784
5923	830
5924	823
5925	790
5926	776
5927	810
5928	745
5929	794
5930	812
5931	799
5932	764
5933	837
5934	802
5935	758
5936	797
5937	790
5938	772
5939	820
5940	867
5941	826
5942	800
5943	754
5944	812
5945	839
5946	812
5947	826
5948	795
5949	847
5950	832
5951	860
5952	863
5953	788
5954	798
5955	789
5956	812
5957	779
5958	766
5959	754
5960	839
5961	770
5962	789
5963	802
5964	781
5965	774
5966	768
5967	824
5968	763
5969	770
5970	778
5971	812
5972	799
5973	785
5974	783
5975	799
5976	806
5977	772
5978	798
5979	805
5980	795
5981	835
5982	788
5983	831
5984	821
5985	795
5986	761
5987	813
5988	803
5989	726
5990	784
5991	800
5992	814
5993	769
5994	816
5995	766
5996	782
5997	768
5998	807
5999	852
6000	790
6001	793
6002	780
6003	846
6004	864
6005	728
6006	831
6007	773
6008	767
6009	782
6010	817
6011	793
6012	813
6013	746
6014	789
6015	765
6016	821
6017	791
6018	776
6019	764
6020	804
6021	798
6022	827
6023	804
6024	763
6025	785
6026	796
6027	797
6028	833
6029	775
6030	798
6031	801
6032	814
6033	798
6034	746
6035	830
6036	776
6037	839
6038	749
6039	763
6040	773
6041	740
6042	759
6043	799
6044	750
6045	828
6046	776
6047	805
6048	792
6049	767
6050	775
6051	799
6052	806
6053	752
6054	812
6055	776
6056	779
6057	811
6058	785
6059	762
6060	784
6061	811
6062	730
6063	764
6064	781
6065	752
6066	764
6067	745
6068	793
6069	765
6070	799
6071	715
6072	753
6073	760
6074	763
6075	802
6076	796
6077	763
6078	777
6079	726
6080	743
6081	815
6082	779
6083	787
6084	741
6085	748
6086	803
6087	756
6088	757
6089	796
6090	742
6091	759
6092	756
6093	758
6094	778
6095	771
6096	717
6097	771
6098	756
6099	779
6100	747
6101	728
6102	734
6103	779
6104	725
6105	727
6106	734
6107	716
6108	765
6109	747
6110	762
6111	723
6112	728
6113	727
6114	770
6115	762
6116	774
6117	742
6118	725
6119	729
6120	729
6121	700
6122	750
6123	690
6124	730
6125	749
6126	716
6127	715
6128	778
6129	771
6130	742
6131	714
6132	747
6133	755
6134	706
6135	673
6136	701
6137	730
6138	730
6139	719
6140	731
6141	710
6142	774
6143	726
6144	693
6145	666
6146	679
6147	739
6148	688
6149	675
6150	669
6151	658
6152	673
6153	634
6154	703
6155	712
6156	703
6157	654
6158	659
6159	722
6160	690
6161	668
6162	670
6163	660
6164	651
6165	679
6166	645
6167	672
6168	681
6169	653
6170	669
6171	647
6172	625
6173	667
6174	653
6175	636
6176	661
6177	693
6178	641
6179	679
6180	691
6181	670
6182	620
6183	646
6184	628
6185	647
6186	656
6187	647
6188	655
6189	664
6190	608
6191	647
6192	625
6193	581
6194	645
6195	608
6196	556
6197	637
6198	561
6199	578
6200	642
6201	638
6202	605
6203	640
6204	635
6205	593
6206	641
6207	648
6208	588
6209	577
6210	598
6211	612
6212	614
6213	626
6214	547
6215	585
6216	548
6217	593
6218	603
6219	622
6220	580
6221	580
6222	600
6223	609
6224	629
6225	576
6226	517
6227	567
6228	540
6229	600
6230	559
6231	552
6232	560
6233	543
6234	529
6235	601
6236	547
6237	524
6238	566
6239	527
6240	576
6241	526
6242	603
6243	537
6244	532
6245	546
6246	556
6247	583
6248	542
6249	540
6250	523
6251	580
6252	545
6253	504
6254	537
6255	551
6256	548
6257	531
6258	540
6259	526
6260	519
6261	547
6262	471
6263	473
6264	515
6265	578
6266	494
6267	500
6268	522
6269	501
6270	457
6271	477
6272	528
6273	511
6274	494
6275	515
6276	479
6277	488
6278	490
6279	464
6280	486
6281	479
6282	486
6283	468
6284	494
6285	477
6286	500
6287	487
6288	476
6289	445
6290	431
6291	444
6292	486
6293	408
6294	450
6295	432
6296	462
6297	452
6298	449
6299	476
6300	455
6301	486
6302	489
6303	445
6304	471
6305	405
6306	433
6307	441
6308	427
6309	438
6310	428
6311	438
6312	402
6313	411
6314	416
6315	447
6316	414
6317	440
6318	424
6319	446
6320	368
6321	431
6322	416
6323	410
6324	409
6325	403
6326	433
6327	419
6328	378
6329	386
6330	405
6331	400
6332	429
6333	346
6334	411
6335	399
6336	430
6337	387
6338	381
6339	390
6340	373
6341	361
6342	375
6343	378
6344	402
6345	372
6346	355
6347	366
6348	375
6349	375
6350	382
6351	358
6352	346
6353	349
6354	362
6355	344
6356	343
6357	340
6358	368
6359	382
6360	385
6361	365
6362	363
6363	360
6364	324
6365	352
6366	345
6367	365
6368	318
6369	333
6370	357
6371	307
6372	336
6373	293
6374	338
6375	336
6376	327
6377	324
6378	345
6379	348
6380	322
6381	339
6382	316
6383	360
6384	343
6385	305
6386	326
6387	339
6388	306
6389	309
6390	268
6391	302
6392	303
6393	298
6394	305
6395	334
6396	324
6397	314
6398	300
6399	289
6400	268
6401	267
6402	334
6403	316
6404	300
6405	300
6406	299
6407	300
6408	299
6409	306
6410	282
6411	284
6412	301
6413	253
6414	278
6415	298
6416	268
6417	307
6418	275
6419	283
6420	237
6421	263
6422	274
6423	256
6424	261
6425	234
6426	269
6427	272
6428	269
6429	261
6430	273
6431	279
6432	264
6433	262
6434	247
6435	247
6436	266
6437	258
6438	232
6439	281
6440	235
6441	247
6442	233
6443	261
6444	243
6445	250
6446	251
6447	238
6448	252
6449	271
6450	250
6451	251
6452	240
6453	238
6454	229
6455	214
6456	208
6457	252
6458	204
6459	211
6460	234
6461	220
6462	240
6463	228
6464	210
6465	231
6466	222
6467	224
6468	208
6469	210
6470	217
6471	246
6472	205
6473	203
6474	229
6475	198
6476	213
6477	195
6478	180
6479	225
6480	208
6481	211
6482	187
6483	200
6484	204
6485	194
6486	188
6487	219
6488	181
6489	188
6490	218
6491	200
6492	192
6493	201
6494	196
6495	212
6496	198
6497	202
6498	194
6499	202
6500	195
6501	168
6502	200
6503	188
6504	194
6505	207
6506	189
6507	193
6508	184
6509	182
6510	182
6511	186
6512	171
6513	196
6514	176
6515	166
6516	168
6517	158
6518	172
6519	192
6520	162
6521	175
6522	144
6523	170
6524	152
6525	167
6526	182
6527	172
6528	151
6529	171
6530	198
6531	163
6532	169
6533	165
6534	161
6535	154
6536	163
6537	148
6538	170
6539	155
6540	167
6541	162
6542	168
6543	162
6544	128
6545	127
6546	144
6547	157
6548	144
6549	189
6550	144
6551	142
6552	174
6553	159
6554	155
6555	158
6556	140
6557	130
6558	136
6559	134
6560	143
6561	174
6562	118
6563	137
6564	123
6565	161
6566	141
6567	135
6568	142
6569	139
6570	169
6571	134
6572	122
6573	138
6574	133
6575	153
6576	142
6577	153
6578	128
6579	139
6580	122
6581	147
6582	149
6583	109
6584	121
6585	135
6586	136
6587	127
6588	153
6589	133
6590	128
6591	125
6592	125
6593	150
6594	128
6595	120
6596	134
6597	106
6598	132
6599	129
6600	138
6601	127
6602	136
6603	120
6604	121
6605	131
6606	118
6607	130
6608	122
6609	104
6610	115
6611	123
6612	124
6613	108
6614	122
6615	123
6616	128
6617	109
6618	117
6619	101
6620	100
6621	139
6622	110
6623	119
6624	105
6625	126
6626	124
6627	116
6628	127
6629	120
6630	116
6631	116
6632	117
6633	106
6634	106
6635	117
6636	98
6637	102
6638	113
6639	110
6640	99
6641	90
6642	100
6643	106
6644	109
6645	106
6646	99
6647	110
6648	100
6649	115
6650	97
6651	113
6652	114
6653	111
6654	112
6655	116
6656	117
6657	84
6658	98
6659	93
6660	95
6661	113
6662	118
6663	102
6664	101
6665	108
6666	106
6667	107
6668	99
6669	106
6670	106
6671	114
6672	83
6673	93
6674	93
6675	105
6676	95
6677	112
6678	100
6679	89
6680	116
6681	93
6682	102
6683	101
6684	77
6685	97
6686	92
6687	92
6688	90
6689	90
6690	103
6691	70
6692	113
6693	82
6694	91
6695	103
6696	100
6697	79
6698	89
6699	80
6700	95
6701	109
6702	81
6703	88
6704	76
6705	87
6706	99
6707	79
6708	77
6709	91
6710	92
6711	84
6712	88
6713	91
6714	79
6715	78
6716	78
6717	89
6718	75
6719	103
6720	72
6721	90
6722	86
6723	83
6724	78
6725	87
6726	74
6727	88
6728	101
6729	95
6730	90
6731	76
6732	88
6733	75
6734	93
6735	87
6736	92
6737	87
6738	77
6739	74
6740	73
6741	88
6742	85
6743	81
6744	71
6745	89
6746	91
6747	73
6748	73
6749	80
6750	93
6751	73
6752	86
6753	76
6754	75
6755	79
6756	74
6757	70
6758	83
6759	81
6760	75
6761	96
6762	91
6763	72
6764	81
6765	69
6766	87
6767	77
6768	80
6769	80
6770	77
6771	62
6772	56
6773	86
6774	57
6775	66
6776	69
6777	64
6778	82
6779	70
6780	87
6781	63
6782	69
6783	54
6784	70
6785	70
6786	73
6787	71
6788	65
6789	67
6790	79
6791	64
6792	69
6793	75
6794	74
6795	70
6796	69
6797	74
6798	71
6799	90
6800	66
6801	67
6802	77
6803	52
6804	70
6805	56
6806	81
6807	79
6808	85
6809	74
6810	75
6811	68
6812	60
6813	55
6814	58
6815	50
6816	67
6817	65
6818	58
6819	85
6820	80
6821	61
6822	73
6823	69
6824	62
6825	71
6826	55
6827	55
6828	75
6829	63
6830	72
6831	48
6832	75
6833	71
6834	55
6835	90
6836	61
6837	58
6838	71
6839	51
6840	61
6841	75
6842	65
6843	56
6844	62
6845	70
6846	69
6847	74
6848	56
6849	52
6850	59
6851	68
6852	61
6853	48
6854	58
6855	66
6856	55
6857	53
6858	71
6859	56
6860	61
6861	56
6862	63
6863	58
6864	63
6865	68
6866	69
6867	59
6868	64
6869	65
6870	76
6871	58
6872	75
6873	59
6874	62
6875	55
6876	56
6877	51
6878	59
6879	60
6880	51
6881	70
6882	64
6883	63
6884	72
6885	62
6886	69
6887	48
6888	66
6889	44
6890	61
6891	58
6892	65
6893	47
6894	58
6895	61
6896	49
6897	62
6898	57
6899	55
6900	70
6901	71
6902	71
6903	61
6904	62
6905	47
6906	54
6907	51
6908	55
6909	58
6910	55
6911	40
6912	70
6913	56
6914	53
6915	49
6916	55
6917	48
6918	56
6919	62
6920	44
6921	59
6922	59
6923	65
6924	49
6925	63
6926	49
6927	54
6928	60
6929	58
6930	69
6931	67
6932	47
6933	61
6934	45
6935	50
6936	59
6937	60
6938	41
6939	53
6940	55
6941	48
6942	55
6943	56
6944	56
6945	55
6946	52
6947	54
6948	55
6949	72
6950	51
6951	49
6952	54
6953	59
6954	57
6955	51
6956	46
6957	54
6958	56
6959	46
6960	62
6961	52
6962	40
6963	50
6964	56
6965	52
6966	56
6967	52
6968	60
6969	53
6970	49
6971	56
6972	58
6973	52
6974	57
6975	48
6976	49
6977	43
6978	49
6979	53
6980	53
6981	37
6982	48
6983	50
6984	34
6985	62
6986	52
6987	45
6988	47
6989	51
6990	48
6991	51
6992	56
6993	43
6994	43
6995	53
6996	45
6997	36
6998	52
6999	42
7000	43
7001	53
7002	40
7003	72
7004	54
7005	41
7006	47
7007	56
7008	50
7009	37
7010	53
7011	44
7012	60
7013	53
7014	42
7015	52
7016	44
7017	56
7018	36
7019	54
7020	48
7021	45
7022	34
7023	40
7024	50
7025	42
7026	45
7027	52
7028	38
7029	55
7030	47
7031	52
7032	46
7033	45
7034	43
7035	40
7036	46
7037	40
7038	47
7039	45
7040	42
7041	54
7042	46
7043	49
7044	45
7045	42
7046	51
7047	49
7048	51
7049	46
7050	50
7051	42
7052	58
7053	34
7054	46
7055	51
7056	47
7057	42
7058	30
7059	39
7060	41
7061	47
7062	35
7063	42
7064	46
7065	45
7066	51
7067	37
7068	39
7069	37
7070	46
7071	55
7072	51
7073	53
7074	44
7075	36
7076	45
7077	46
7078	50
7079	43
7080	47
7081	64
7082	41
7083	43
7084	50
7085	55
7086	39
7087	36
7088	32
7089	33
7090	44
7091	36
7092	42
7093	45
7094	49
7095	39
7096	38
7097	54
7098	42
7099	41
7100	45
7101	43
7102	45
7103	29
7104	46
7105	39
7106	46
7107	43
7108	45
7109	38
7110	40
7111	42
7112	36
7113	38
7114	40
7115	46
7116	48
7117	41
7118	46
7119	56
7120	42
7121	35
7122	50
7123	46
7124	34
7125	48
7126	49
7127	45
7128	37
7129	45
7130	41
7131	35
7132	45
7133	49
7134	34
7135	49
7136	39
7137	41
7138	42
7139	35
7140	47
7141	39
7142	31
7143	27
7144	39
7145	36
7146	29
7147	37
7148	30
7149	34
7150	37
7151	40
7152	45
7153	42
7154	44
7155	44
7156	41
7157	35
7158	35
7159	32
7160	30
7161	43
7162	27
7163	32
7164	31
7165	39
7166	33
7167	43
7168	48
7169	31
7170	41
7171	46
7172	41
7173	38
7174	52
7175	43
7176	29
7177	38
7178	39
7179	36
7180	46
7181	46
7182	36
7183	41
7184	38
7185	46
7186	38
7187	36
7188	40
7189	40
7190	41
7191	39
7192	31
7193	48
7194	35
7195	39
7196	41
7197	35
7198	40
7199	38
7200	42
7201	45
7202	49
7203	43
7204	51
7205	44
7206	46
7207	26
7208	37
7209	36
7210	37
7211	47
7212	43
7213	42
7214	45
7215	39
7216	42
7217	52
7218	47
7219	40
7220	29
7221	48
7222	44
7223	40
7224	52
7225	38
7226	47
7227	43
7228	44
7229	37
7230	45
7231	48
7232	41
7233	40
7234	47
7235	45
7236	39
7237	43
7238	45
7239	39
7240	43
7241	44
7242	41
7243	46
7244	45
7245	37
7246	43
7247	45
7248	51
7249	43
7250	41
7251	44
7252	44
7253	38
7254	43
7255	37
7256	37
7257	34
7258	43
7259	41
7260	33
7261	33
7262	33
7263	33
7264	49
7265	39
7266	41
7267	42
7268	47
7269	30
7270	38
7271	29
7272	40
7273	29
7274	33
7275	38
7276	26
7277	41
7278	39
7279	36
7280	34
7281	38
7282	32
7283	45
7284	38
7285	40
7286	38
7287	39
7288	41
7289	29
7290	32
7291	34
7292	37
7293	40
7294	39
7295	33
7296	33
7297	33
7298	43
7299	43
7300	35
7301	39
7302	37
7303	35
7304	40
7305	35
7306	30
7307	38
7308	29
7309	43
7310	40
7311	27
7312	28
7313	30
7314	34
7315	28
7316	31
7317	31
7318	27
7319	30
7320	31
7321	24
7322	28
7323	30
7324	27
7325	34
7326	45
7327	28
7328	45
7329	28
7330	45
7331	35
7332	39
7333	32
7334	54
7335	32
7336	42
7337	39
7338	37
7339	36
7340	35
7341	36
7342	47
7343	35
7344	41
7345	33
7346	31
7347	37
7348	35
7349	28
7350	44
7351	49
7352	37
7353	32
7354	39
7355	32
7356	39
7357	48
7358	32
7359	39
7360	39
7361	35
7362	35
7363	32
7364	43
7365	29
7366	38
7367	42
7368	30
7369	29
7370	34
7371	45
7372	44
7373	29
7374	31
7375	36
7376	31
7377	46
7378	43
7379	44
7380	43
7381	43
7382	37
7383	30
7384	36
7385	34
7386	41
7387	23
7388	40
7389	37
7390	33
7391	38
7392	26
7393	30
7394	32
7395	25
7396	34
7397	27
7398	27
7399	25
7400	31
7401	39
7402	34
7403	37
7404	34
7405	36
7406	30
7407	49
7408	38
7409	31
7410	32
7411	30
7412	30
7413	33
7414	33
7415	35
7416	35
7417	41
7418	30
7419	27
7420	36
7421	31
7422	29
7423	40
7424	39
7425	32
7426	33
7427	30
7428	24
7429	31
7430	37
7431	29
7432	32
7433	26
7434	32
7435	36
7436	28
7437	29
7438	36
7439	29
7440	34
7441	20
7442	33
7443	23
7444	40
7445	37
7446	34
7447	35
7448	40
7449	34
7450	36
7451	34
7452	30
7453	26
7454	28
7455	38
7456	33
7457	24
7458	31
7459	26
7460	29
7461	44
7462	28
7463	34
7464	29
7465	41
7466	32
7467	33
7468	35
7469	29
7470	33
7471	21
7472	31
7473	44
7474	24
7475	34
7476	32
7477	31
7478	31
7479	28
7480	32
7481	26
7482	28
7483	34
7484	27
7485	37
7486	33
7487	36
7488	24
7489	43
7490	31
7491	31
7492	31
7493	37
7494	25
7495	37
7496	38
7497	36
7498	23
7499	24
7500	31
7501	25
7502	39
7503	33
7504	35
7505	34
7506	25
7507	29
7508	35
7509	16
7510	34
7511	23
7512	28
7513	22
7514	31
7515	34
7516	28
7517	43
7518	30
7519	29
7520	40
7521	18
7522	33
7523	32
7524	29
7525	26
7526	29
7527	38
7528	31
7529	32
7530	39
7531	24
7532	24
7533	32
7534	31
7535	34
7536	29
7537	38
7538	39
7539	33
7540	22
7541	22
7542	39
7543	27
7544	36
7545	37
7546	27
7547	31
7548	26
7549	39
7550	38
7551	30
7552	28
7553	43
7554	29
7555	18
7556	21
7557	28
7558	28
7559	25
7560	28
7561	31
7562	29
7563	27
7564	33
7565	30
7566	30
7567	24
7568	33
7569	26
7570	30
7571	23
7572	33
7573	34
7574	28
7575	33
7576	29
7577	25
7578	26
7579	43
7580	32
7581	44
7582	26
7583	24
7584	34
7585	20
7586	37
7587	29
7588	25
7589	30
7590	31
7591	35
7592	27
7593	27
7594	33
7595	20
7596	32
7597	27
7598	22
7599	29
7600	41
7601	28
7602	33
7603	27
7604	25
7605	28
7606	25
7607	27
7608	25
7609	33
7610	31
7611	25
7612	32
7613	41
7614	34
7615	32
7616	39
7617	29
7618	32
7619	19
7620	47
7621	28
7622	18
7623	17
7624	25
7625	36
7626	30
7627	38
7628	38
7629	37
7630	18
7631	27
7632	28
7633	33
7634	27
7635	36
7636	27
7637	23
7638	34
7639	33
7640	31
7641	20
7642	32
7643	25
7644	32
7645	43
7646	36
7647	36
7648	32
7649	39
7650	37
7651	25
7652	36
7653	29
7654	25
7655	28
7656	21
7657	20
7658	23
7659	30
7660	41
7661	27
7662	24
7663	30
7664	33
7665	20
7666	26
7667	23
7668	21
7669	35
7670	39
7671	31
7672	26
7673	28
7674	39
7675	31
7676	26
7677	27
7678	32
7679	20
7680	34
7681	38
7682	28
7683	35
7684	30
7685	30
7686	28
7687	32
7688	28
7689	26
7690	36
7691	39
7692	35
7693	24
7694	38
7695	24
7696	32
7697	26
7698	29
7699	27
7700	32
7701	29
7702	23
7703	16
7704	24
7705	31
7706	24
7707	27
7708	32
7709	25
7710	27
7711	36
7712	29
7713	20
7714	25
7715	25
7716	32
7717	25
7718	28
7719	22
7720	24
7721	27
7722	32
7723	19
7724	26
7725	19
7726	28
7727	29
7728	17
7729	27
7730	16
7731	26
7732	28
7733	21
7734	28
7735	25
7736	21
7737	30
7738	25
7739	24
7740	30
7741	30
7742	21
7743	32
7744	28
7745	21
7746	21
7747	41
7748	30
7749	35
7750	26
7751	36
7752	27
7753	26
7754	26
7755	31
7756	18
7757	28
7758	23
7759	24
7760	20
7761	24
7762	33
7763	32
7764	27
7765	21
7766	35
7767	17
7768	26
7769	26
7770	32
7771	32
7772	22
7773	21
7774	26
7775	26
7776	29
7777	24
7778	30
7779	30
7780	22
7781	24
7782	29
7783	22
7784	26
7785	21
7786	23
7787	27
7788	27
7789	24
7790	30
7791	30
7792	23
7793	26
7794	26
7795	40
7796	30
7797	27
7798	28
7799	30
7800	33
7801	29
7802	25
7803	32
7804	20
7805	29
7806	19
7807	29
7808	19
7809	28
7810	27
7811	31
7812	31
7813	21
7814	16
7815	30
7816	34
7817	25
7818	25
7819	28
7820	27
7821	16
7822	24
7823	27
7824	26
7825	21
7826	28
7827	20
7828	32
7829	33
7830	26
7831	37
7832	22
7833	26
7834	31
7835	25
7836	29
7837	30
7838	25
7839	38
7840	27
7841	33
7842	26
7843	26
7844	25
7845	20
7846	27
7847	26
7848	28
7849	27
7850	24
7851	30
7852	30
7853	24
7854	33
7855	28
7856	31
7857	33
7858	25
7859	24
7860	25
7861	25
7862	26
7863	23
7864	34
7865	26
7866	23
7867	26
7868	17
7869	32
7870	27
7871	28
7872	32
7873	32
7874	24
7875	29
7876	26
7877	23
7878	23
7879	19
7880	21
7881	27
7882	32
7883	24
7884	27
7885	25
7886	27
7887	27
7888	27
7889	26
7890	37
7891	27
7892	28
7893	23
7894	29
7895	27
7896	42
7897	27
7898	21
7899	25
7900	22
7901	18
7902	26
7903	34
7904	25
7905	34
7906	26
7907	20
7908	21
7909	30
7910	19
7911	24
7912	22
7913	27
7914	20
7915	26
7916	24
7917	23
7918	23
7919	24
7920	27
7921	32
7922	21
7923	24
7924	17
7925	34
7926	20
7927	22
7928	38
7929	27
7930	14
7931	23
7932	23
7933	30
7934	27
7935	17
7936	23
7937	29
7938	23
7939	27
7940	27
7941	31
7942	16
7943	28
7944	17
7945	23
7946	24
7947	25
7948	20
7949	24
7950	23
7951	28
7952	20
7953	25
7954	26
7955	27
7956	27
7957	30
7958	21
7959	23
7960	22
7961	22
7962	19
7963	23
7964	28
7965	28
7966	19
7967	29
7968	34
7969	25
7970	29
7971	25
7972	32
7973	30
7974	29
7975	26
7976	17
7977	28
7978	27
7979	22
7980	21
7981	24
7982	26
7983	20
7984	25
7985	25
7986	18
7987	20
7988	25
7989	22
7990	27
7991	21
7992	23
7993	26
7994	24
7995	24
7996	26
7997	18
7998	16
7999	23
8000	12
8001	21
8002	17
8003	15
8004	13
8005	13
8006	21
8007	20
8008	6
8009	15
8010	21
8011	13
8012	22
8013	13
8014	17
8015	11
8016	14
8017	18
8018	10
8019	13
8020	11
8021	8
8022	13
8023	11
8024	15
8025	8
8026	6
8027	11
8028	10
8029	6
8030	7
8031	8
8032	9
8033	10
8034	8
8035	6
8036	3
8037	9
8038	10
8039	12
8040	4
8041	7
8042	12
8043	12
8044	5
8045	8
8046	7
8047	7
8048	8
8049	2
8050	4
8051	5
8052	1
8053	3
8054	4
8055	4
8056	4
8057	5
8058	1
8059	5
8060	4
8061	7
8062	2
8063	3
8064	3
8065	1
8066	7
8067	2
8068	0
8069	1
8070	0
8071	2
8072	5
8073	2
8074	1
8075	0
8076	1
8077	0
8078	1
8079	1
8080	1
8081	0
8082	0
8083	0
8084	1
8085	0
8086	0
8087	0
8088	0
8089	0
8090	1
8091	1
8092	0
8093	1
8094	1
8095	0
8096	0
8097	0
8098	1
8099	0
8100	0
8101	0
8102	0
8103	0
8104	0
8105	0
8106	0
8107	0
8108	0
8109	0
8110	0
8111	0
8112	0
8113	0
8114	0
8115	0
8116	0
8117	0
8118	0
8119	0
8120	0
8121	0
8122	0
8123	0
8124	0
8125	0
8126	0
8127	0
8128	0
8129	0
8130	0
8131	0
8132	0
8133	0
8134	0
8135	0
8136	0
8137	0
8138	0
8139	0
8140	0
8141	0
8142	0
8143	0
8144	1
8145	0
8146	0
8147	0
8148	0
8149	0
8150	0
8151	0
8152	0
8153	0
8154	0
8155	0
8156	0
8157	0
8158	0
8159	0
8160	0
8161	0
8162	0
8163	0
8164	0
8165	0
8166	0
8167	0
8168	0
8169	0
8170	0
8171	0
8172	0
8173	0
8174	0
8175	0
8176	0
8177	0
8178	0
8179	0
8180	0
8181	0
8182	0
8183	0
8184	0
8185	0
8186	0
8187	0
8188	0
8189	0
8190	0
8191	0
