0	0
1	0
2	0
3	0
4	0
5	0
6	0
7	0
8	0
9	0
10	0
11	0
12	0
13	0
14	0
15	0
16	0
17	0
18	0
19	0
20	0
21	0
22	0
23	0
24	0
25	0
26	0
27	0
28	0
29	0
30	0
31	0
32	0
33	0
34	0
35	0
36	0
37	0
38	0
39	0
40	0
41	0
42	0
43	0
44	0
45	3
46	0
47	1
48	0
49	0
50	0
51	0
52	1
53	3
54	1
55	1
56	1
57	3
58	0
59	0
60	3
61	2
62	1
63	0
64	0
65	0
66	2
67	3
68	0
69	1
70	2
71	1
72	2
73	1
74	0
75	0
76	0
77	0
78	0
79	0
80	0
81	0
82	0
83	0
84	2
85	0
86	0
87	1
88	0
89	0
90	0
91	0
92	0
93	0
94	1
95	0
96	0
97	0
98	0
99	0
100	0
101	0
102	0
103	0
104	0
105	0
106	0
107	0
108	0
109	0
110	0
111	0
112	0
113	0
114	0
115	0
116	0
117	0
118	0
119	0
120	0
121	0
122	0
123	0
124	0
125	0
126	0
127	0
128	0
129	0
130	0
131	0
132	0
133	0
134	0
135	0
136	1
137	0
138	0
139	0
140	0
141	0
142	0
143	0
144	0
145	0
146	0
147	0
148	0
149	0
150	0
151	0
152	0
153	0
154	0
155	0
156	0
157	0
158	0
159	0
160	0
161	0
162	0
163	0
164	0
165	0
166	0
167	0
168	0
169	0
170	0
171	0
172	0
173	0
174	0
175	0
176	0
177	0
178	0
179	0
180	0
181	0
182	0
183	0
184	0
185	0
186	0
187	0
188	0
189	0
190	0
191	0
192	0
193	0
194	0
195	0
196	0
197	0
198	0
199	0
200	0
201	0
202	0
203	0
204	0
205	0
206	0
207	0
208	0
209	0
210	0
211	0
212	0
213	0
214	0
215	0
216	0
217	0
218	0
219	0
220	0
221	0
222	0
223	0
224	0
225	0
226	0
227	0
228	1
229	0
230	0
231	0
232	0
233	0
234	0
235	0
236	0
237	0
238	0
239	0
240	0
241	0
242	0
243	0
244	0
245	0
246	0
247	0
248	0
249	0
250	0
251	0
252	0
253	0
254	0
255	0
256	0
257	0
258	0
259	0
260	0
261	0
262	0
263	0
264	0
265	0
266	0
267	0
268	0
269	0
270	0
271	0
272	0
273	0
274	0
275	0
276	0
277	0
278	0
279	0
280	0
281	0
282	0
283	0
284	0
285	0
286	0
287	0
288	0
289	0
290	0
291	0
292	0
293	0
294	0
295	0
296	0
297	0
298	0
299	0
300	0
301	0
302	0
303	0
304	0
305	0
306	0
307	0
308	0
309	0
310	0
311	0
312	0
313	0
314	0
315	0
316	0
317	0
318	0
319	0
320	0
321	0
322	0
323	0
324	0
325	0
326	0
327	0
328	0
329	0
330	0
331	0
332	0
333	0
334	0
335	0
336	0
337	0
338	0
339	0
340	2
341	0
342	0
343	0
344	0
345	0
346	0
347	0
348	0
349	0
350	0
351	0
352	0
353	0
354	0
355	0
356	0
357	0
358	0
359	0
360	0
361	0
362	1
363	0
364	0
365	0
366	0
367	1
368	0
369	1
370	0
371	0
372	0
373	0
374	0
375	0
376	0
377	0
378	0
379	1
380	0
381	0
382	1
383	1
384	0
385	0
386	1
387	0
388	0
389	0
390	0
391	0
392	0
393	1
394	0
395	0
396	0
397	1
398	0
399	0
400	0
401	4
402	1
403	0
404	0
405	1
406	0
407	1
408	0
409	0
410	0
411	1
412	0
413	0
414	1
415	0
416	1
417	1
418	1
419	0
420	0
421	1
422	0
423	2
424	0
425	0
426	2
427	4
428	2
429	2
430	0
431	0
432	0
433	1
434	1
435	0
436	1
437	5
438	2
439	1
440	0
441	2
442	3
443	0
444	0
445	1
446	2
447	5
448	2
449	0
450	3
451	0
452	5
453	1
454	1
455	0
456	2
457	1
458	2
459	1
460	3
461	1
462	2
463	3
464	1
465	4
466	2
467	2
468	3
469	1
470	2
471	2
472	4
473	0
474	5
475	2
476	2
477	1
478	0
479	2
480	2
481	2
482	0
483	0
484	2
485	0
486	2
487	4
488	5
489	3
490	3
491	0
492	4
493	2
494	1
495	0
496	3
497	3
498	0
499	5
500	4
501	3
502	3
503	3
504	4
505	2
506	4
507	1
508	5
509	3
510	1
511	2
512	3
513	5
514	1
515	2
516	5
517	6
518	2
519	1
520	3
521	3
522	4
523	3
524	5
525	2
526	6
527	0
528	3
529	2
530	5
531	1
532	2
533	4
534	1
535	1
536	3
537	2
538	3
539	3
540	8
541	4
542	2
543	5
544	2
545	3
546	2
547	0
548	0
549	1
550	3
551	6
552	2
553	2
554	3
555	3
556	2
557	2
558	2
559	2
560	3
561	0
562	2
563	5
564	5
565	2
566	1
567	2
568	0
569	2
570	2
571	2
572	4
573	2
574	1
575	4
576	1
577	1
578	6
579	1
580	2
581	2
582	2
583	0
584	0
585	5
586	2
587	4
588	2
589	1
590	3
591	0
592	2
593	3
594	2
595	2
596	2
597	3
598	2
599	2
600	4
601	1
602	0
603	0
604	0
605	0
606	2
607	2
608	1
609	3
610	2
611	3
612	1
613	1
614	2
615	0
616	4
617	1
618	1
619	2
620	2
621	1
622	0
623	1
624	1
625	1
626	2
627	0
628	1
629	2
630	0
631	2
632	2
633	3
634	1
635	0
636	1
637	1
638	2
639	2
640	3
641	0
642	1
643	0
644	0
645	3
646	1
647	1
648	2
649	0
650	1
651	3
652	4
653	2
654	0
655	5
656	1
657	1
658	4
659	2
660	3
661	3
662	1
663	1
664	1
665	0
666	2
667	3
668	2
669	2
670	2
671	1
672	1
673	2
674	1
675	0
676	1
677	0
678	2
679	3
680	4
681	3
682	0
683	3
684	4
685	2
686	3
687	1
688	2
689	1
690	0
691	3
692	3
693	4
694	1
695	6
696	3
697	2
698	4
699	5
700	2
701	3
702	4
703	1
704	2
705	5
706	2
707	9
708	5
709	0
710	4
711	1
712	4
713	6
714	3
715	5
716	2
717	8
718	3
719	4
720	4
721	3
722	7
723	4
724	5
725	3
726	0
727	10
728	3
729	1
730	9
731	6
732	3
733	4
734	4
735	4
736	4
737	4
738	3
739	11
740	5
741	2
742	5
743	3
744	3
745	7
746	6
747	4
748	8
749	5
750	11
751	9
752	4
753	3
754	8
755	3
756	5
757	8
758	5
759	7
760	2
761	4
762	1
763	6
764	8
765	8
766	8
767	8
768	5
769	5
770	7
771	10
772	6
773	8
774	4
775	6
776	9
777	10
778	8
779	15
780	8
781	8
782	10
783	4
784	6
785	13
786	9
787	10
788	13
789	4
790	11
791	12
792	9
793	10
794	8
795	5
796	14
797	12
798	10
799	15
800	6
801	18
802	9
803	11
804	10
805	14
806	12
807	12
808	8
809	13
810	11
811	9
812	14
813	14
814	10
815	15
816	9
817	17
818	17
819	15
820	6
821	18
822	20
823	18
824	15
825	16
826	11
827	14
828	17
829	10
830	19
831	14
832	14
833	9
834	11
835	20
836	13
837	10
838	13
839	13
840	15
841	12
842	8
843	19
844	16
845	21
846	14
847	10
848	14
849	20
850	16
851	17
852	14
853	13
854	16
855	13
856	14
857	11
858	20
859	15
860	21
861	13
862	18
863	16
864	21
865	24
866	13
867	19
868	18
869	20
870	23
871	12
872	20
873	13
874	15
875	14
876	16
877	20
878	14
879	23
880	26
881	21
882	16
883	13
884	18
885	16
886	11
887	22
888	18
889	19
890	17
891	15
892	13
893	15
894	27
895	17
896	24
897	20
898	22
899	17
900	15
901	16
902	26
903	24
904	24
905	25
906	24
907	16
908	14
909	20
910	23
911	32
912	31
913	23
914	32
915	24
916	16
917	16
918	26
919	21
920	20
921	21
922	25
923	24
924	16
925	27
926	22
927	17
928	28
929	25
930	28
931	34
932	26
933	16
934	28
935	20
936	30
937	28
938	25
939	25
940	24
941	36
942	24
943	24
944	25
945	27
946	30
947	36
948	34
949	28
950	27
951	35
952	25
953	31
954	33
955	50
956	36
957	40
958	30
959	40
960	29
961	30
962	34
963	32
964	45
965	37
966	25
967	39
968	32
969	30
970	26
971	31
972	39
973	36
974	45
975	34
976	33
977	50
978	36
979	42
980	45
981	39
982	42
983	36
984	44
985	47
986	38
987	32
988	42
989	47
990	33
991	49
992	41
993	52
994	48
995	35
996	33
997	34
998	51
999	45
1000	54
1001	42
1002	52
1003	50
1004	51
1005	32
1006	50
1007	36
1008	60
1009	60
1010	42
1011	55
1012	51
1013	52
1014	50
1015	57
1016	52
1017	62
1018	53
1019	56
1020	61
1021	56
1022	63
1023	67
1024	51
1025	63
1026	37
1027	63
1028	58
1029	66
1030	63
1031	62
1032	63
1033	60
1034	72
1035	65
1036	72
1037	68
1038	69
1039	51
1040	57
1041	68
1042	75
1043	100
1044	76
1045	75
1046	69
1047	73
1048	79
1049	81
1050	81
1051	90
1052	77
1053	76
1054	90
1055	68
1056	78
1057	91
1058	84
1059	76
1060	97
1061	80
1062	92
1063	78
1064	122
1065	74
1066	104
1067	117
1068	106
1069	100
1070	86
1071	99
1072	101
1073	102
1074	125
1075	101
1076	132
1077	117
1078	125
1079	99
1080	104
1081	112
1082	117
1083	119
1084	138
1085	132
1086	138
1087	118
1088	124
1089	115
1090	145
1091	118
1092	140
1093	142
1094	139
1095	162
1096	152
1097	150
1098	155
1099	143
1100	152
1101	162
1102	188
1103	165
1104	163
1105	160
1106	136
1107	155
1108	164
1109	176
1110	174
1111	197
1112	183
1113	158
1114	178
1115	186
1116	208
1117	186
1118	206
1119	173
1120	187
1121	175
1122	206
1123	210
1124	198
1125	208
1126	233
1127	212
1128	220
1129	230
1130	219
1131	221
1132	220
1133	227
1134	206
1135	249
1136	239
1137	242
1138	225
1139	242
1140	242
1141	241
1142	246
1143	242
1144	267
1145	282
1146	274
1147	284
1148	256
1149	263
1150	269
1151	244
1152	260
1153	265
1154	283
1155	273
1156	264
1157	304
1158	326
1159	297
1160	302
1161	303
1162	304
1163	291
1164	332
1165	261
1166	296
1167	315
1168	303
1169	312
1170	332
1171	278
1172	313
1173	311
1174	318
1175	310
1176	327
1177	333
1178	319
1179	320
1180	332
1181	312
1182	348
1183	316
1184	327
1185	335
1186	332
1187	347
1188	366
1189	342
1190	319
1191	348
1192	335
1193	337
1194	340
1195	346
1196	368
1197	327
1198	358
1199	363
1200	363
1201	361
1202	346
1203	358
1204	352
1205	348
1206	388
1207	360
1208	357
1209	348
1210	362
1211	334
1212	367
1213	329
1214	365
1215	364
1216	370
1217	361
1218	331
1219	320
1220	353
1221	369
1222	371
1223	344
1224	369
1225	365
1226	361
1227	345
1228	354
1229	326
1230	343
1231	333
1232	368
1233	347
1234	369
1235	379
1236	336
1237	333
1238	365
1239	326
1240	307
1241	310
1242	350
1243	328
1244	344
1245	334
1246	319
1247	321
1248	329
1249	310
1250	313
1251	319
1252	295
1253	308
1254	292
1255	305
1256	301
1257	311
1258	333
1259	304
1260	315
1261	297
1262	312
1263	286
1264	325
1265	297
1266	300
1267	285
1268	299
1269	299
1270	290
1271	280
1272	287
1273	272
1274	287
1275	295
1276	249
1277	267
1278	256
1279	246
1280	235
1281	260
1282	254
1283	240
1284	262
1285	257
1286	233
1287	255
1288	265
1289	224
1290	224
1291	223
1292	237
1293	222
1294	233
1295	215
1296	191
1297	212
1298	196
1299	208
1300	199
1301	184
1302	214
1303	205
1304	188
1305	205
1306	181
1307	200
1308	195
1309	206
1310	181
1311	181
1312	177
1313	154
1314	173
1315	154
1316	160
1317	176
1318	145
1319	141
1320	156
1321	171
1322	163
1323	168
1324	160
1325	168
1326	156
1327	170
1328	144
1329	148
1330	144
1331	138
1332	149
1333	99
1334	118
1335	136
1336	121
1337	127
1338	140
1339	125
1340	105
1341	109
1342	112
1343	123
1344	109
1345	103
1346	100
1347	104
1348	105
1349	94
1350	89
1351	87
1352	89
1353	90
1354	103
1355	94
1356	104
1357	87
1358	99
1359	83
1360	97
1361	79
1362	92
1363	91
1364	71
1365	84
1366	88
1367	72
1368	63
1369	72
1370	74
1371	70
1372	73
1373	82
1374	70
1375	81
1376	73
1377	82
1378	63
1379	70
1380	67
1381	78
1382	61
1383	66
1384	55
1385	49
1386	39
1387	68
1388	45
1389	61
1390	68
1391	51
1392	41
1393	59
1394	59
1395	60
1396	54
1397	52
1398	56
1399	34
1400	41
1401	50
1402	57
1403	45
1404	61
1405	40
1406	54
1407	43
1408	59
1409	47
1410	45
1411	36
1412	42
1413	39
1414	49
1415	44
1416	47
1417	47
1418	43
1419	39
1420	42
1421	52
1422	42
1423	34
1424	30
1425	39
1426	43
1427	42
1428	45
1429	46
1430	37
1431	29
1432	27
1433	44
1434	48
1435	43
1436	41
1437	32
1438	37
1439	29
1440	35
1441	29
1442	26
1443	35
1444	42
1445	27
1446	36
1447	31
1448	54
1449	42
1450	45
1451	37
1452	38
1453	25
1454	26
1455	39
1456	23
1457	28
1458	41
1459	34
1460	36
1461	27
1462	38
1463	30
1464	37
1465	31
1466	20
1467	40
1468	34
1469	27
1470	34
1471	32
1472	31
1473	27
1474	38
1475	38
1476	34
1477	44
1478	35
1479	38
1480	29
1481	38
1482	40
1483	33
1484	43
1485	24
1486	23
1487	29
1488	25
1489	31
1490	36
1491	35
1492	37
1493	28
1494	26
1495	31
1496	35
1497	27
1498	36
1499	30
1500	33
1501	43
1502	35
1503	29
1504	36
1505	31
1506	30
1507	44
1508	36
1509	33
1510	36
1511	35
1512	33
1513	35
1514	35
1515	28
1516	41
1517	44
1518	45
1519	25
1520	42
1521	42
1522	29
1523	33
1524	34
1525	46
1526	40
1527	48
1528	39
1529	33
1530	41
1531	35
1532	36
1533	35
1534	33
1535	37
1536	38
1537	33
1538	44
1539	36
1540	39
1541	35
1542	47
1543	46
1544	40
1545	40
1546	37
1547	33
1548	38
1549	36
1550	33
1551	37
1552	40
1553	40
1554	40
1555	50
1556	37
1557	30
1558	41
1559	33
1560	36
1561	44
1562	45
1563	53
1564	37
1565	36
1566	46
1567	41
1568	43
1569	47
1570	40
1571	37
1572	57
1573	40
1574	33
1575	33
1576	46
1577	39
1578	43
1579	38
1580	42
1581	51
1582	45
1583	44
1584	41
1585	40
1586	37
1587	36
1588	30
1589	41
1590	43
1591	34
1592	51
1593	29
1594	44
1595	56
1596	34
1597	21
1598	37
1599	33
1600	33
1601	61
1602	37
1603	53
1604	48
1605	37
1606	49
1607	29
1608	33
1609	42
1610	44
1611	47
1612	34
1613	45
1614	39
1615	37
1616	36
1617	46
1618	41
1619	44
1620	33
1621	43
1622	47
1623	46
1624	43
1625	33
1626	47
1627	49
1628	44
1629	54
1630	47
1631	45
1632	42
1633	44
1634	54
1635	38
1636	50
1637	43
1638	48
1639	50
1640	44
1641	43
1642	56
1643	53
1644	67
1645	47
1646	53
1647	46
1648	57
1649	47
1650	48
1651	50
1652	44
1653	37
1654	50
1655	51
1656	52
1657	46
1658	44
1659	48
1660	49
1661	46
1662	57
1663	44
1664	49
1665	40
1666	50
1667	52
1668	59
1669	45
1670	49
1671	44
1672	53
1673	46
1674	35
1675	42
1676	46
1677	48
1678	53
1679	55
1680	56
1681	61
1682	42
1683	42
1684	53
1685	41
1686	44
1687	54
1688	41
1689	42
1690	45
1691	57
1692	46
1693	51
1694	45
1695	53
1696	44
1697	49
1698	61
1699	36
1700	51
1701	48
1702	59
1703	42
1704	51
1705	49
1706	61
1707	62
1708	49
1709	55
1710	45
1711	48
1712	41
1713	47
1714	51
1715	44
1716	55
1717	41
1718	47
1719	55
1720	51
1721	41
1722	46
1723	43
1724	52
1725	39
1726	42
1727	52
1728	55
1729	58
1730	55
1731	61
1732	38
1733	56
1734	42
1735	63
1736	44
1737	43
1738	50
1739	37
1740	41
1741	44
1742	36
1743	38
1744	41
1745	49
1746	28
1747	48
1748	38
1749	47
1750	53
1751	49
1752	49
1753	32
1754	37
1755	52
1756	37
1757	47
1758	50
1759	48
1760	56
1761	47
1762	48
1763	56
1764	39
1765	50
1766	41
1767	43
1768	38
1769	33
1770	47
1771	43
1772	50
1773	56
1774	34
1775	42
1776	44
1777	42
1778	38
1779	37
1780	57
1781	43
1782	40
1783	47
1784	28
1785	41
1786	36
1787	37
1788	50
1789	33
1790	50
1791	43
1792	54
1793	38
1794	31
1795	40
1796	40
1797	45
1798	35
1799	47
1800	39
1801	46
1802	44
1803	46
1804	35
1805	40
1806	37
1807	41
1808	48
1809	37
1810	38
1811	35
1812	47
1813	48
1814	32
1815	45
1816	45
1817	34
1818	43
1819	37
1820	33
1821	58
1822	32
1823	55
1824	52
1825	51
1826	45
1827	39
1828	45
1829	35
1830	35
1831	41
1832	36
1833	40
1834	31
1835	31
1836	37
1837	30
1838	38
1839	45
1840	41
1841	47
1842	44
1843	39
1844	39
1845	38
1846	40
1847	47
1848	44
1849	38
1850	50
1851	26
1852	37
1853	39
1854	37
1855	26
1856	39
1857	42
1858	40
1859	35
1860	51
1861	27
1862	51
1863	47
1864	38
1865	38
1866	21
1867	38
1868	40
1869	37
1870	26
1871	42
1872	35
1873	41
1874	34
1875	45
1876	27
1877	41
1878	40
1879	40
1880	42
1881	40
1882	41
1883	36
1884	29
1885	35
1886	36
1887	41
1888	34
1889	36
1890	36
1891	36
1892	30
1893	30
1894	40
1895	42
1896	42
1897	30
1898	37
1899	29
1900	41
1901	36
1902	27
1903	37
1904	31
1905	35
1906	38
1907	35
1908	37
1909	34
1910	36
1911	34
1912	35
1913	28
1914	37
1915	35
1916	34
1917	47
1918	49
1919	46
1920	34
1921	35
1922	42
1923	33
1924	34
1925	51
1926	38
1927	35
1928	39
1929	40
1930	42
1931	37
1932	29
1933	36
1934	42
1935	38
1936	44
1937	36
1938	35
1939	44
1940	38
1941	32
1942	35
1943	41
1944	33
1945	42
1946	29
1947	40
1948	40
1949	31
1950	30
1951	34
1952	44
1953	43
1954	28
1955	29
1956	49
1957	38
1958	44
1959	39
1960	43
1961	38
1962	35
1963	38
1964	42
1965	47
1966	46
1967	41
1968	45
1969	37
1970	43
1971	37
1972	35
1973	52
1974	45
1975	35
1976	50
1977	41
1978	29
1979	43
1980	33
1981	27
1982	44
1983	51
1984	29
1985	47
1986	36
1987	41
1988	41
1989	34
1990	40
1991	39
1992	34
1993	46
1994	37
1995	53
1996	36
1997	31
1998	51
1999	35
2000	37
2001	47
2002	33
2003	46
2004	45
2005	47
2006	40
2007	46
2008	29
2009	54
2010	40
2011	42
2012	33
2013	36
2014	50
2015	57
2016	43
2017	46
2018	39
2019	46
2020	31
2021	50
2022	52
2023	50
2024	54
2025	53
2026	42
2027	35
2028	46
2029	46
2030	51
2031	39
2032	33
2033	38
2034	40
2035	44
2036	34
2037	49
2038	37
2039	42
2040	34
2041	38
2042	60
2043	43
2044	42
2045	50
2046	45
2047	43
2048	45
2049	40
2050	42
2051	49
2052	54
2053	43
2054	35
2055	44
2056	45
2057	39
2058	52
2059	38
2060	53
2061	32
2062	48
2063	38
2064	44
2065	35
2066	41
2067	49
2068	36
2069	47
2070	47
2071	70
2072	27
2073	35
2074	43
2075	38
2076	58
2077	48
2078	36
2079	53
2080	47
2081	38
2082	45
2083	34
2084	38
2085	53
2086	51
2087	43
2088	49
2089	47
2090	41
2091	42
2092	52
2093	51
2094	46
2095	54
2096	44
2097	45
2098	52
2099	37
2100	41
2101	44
2102	46
2103	37
2104	55
2105	49
2106	53
2107	49
2108	59
2109	41
2110	60
2111	39
2112	47
2113	48
2114	44
2115	46
2116	46
2117	44
2118	49
2119	41
2120	42
2121	40
2122	50
2123	47
2124	61
2125	55
2126	49
2127	51
2128	54
2129	43
2130	52
2131	48
2132	40
2133	58
2134	57
2135	49
2136	53
2137	60
2138	55
2139	50
2140	56
2141	50
2142	53
2143	51
2144	60
2145	58
2146	62
2147	63
2148	67
2149	54
2150	43
2151	42
2152	49
2153	60
2154	44
2155	57
2156	57
2157	48
2158	53
2159	49
2160	53
2161	69
2162	53
2163	44
2164	53
2165	41
2166	52
2167	58
2168	65
2169	41
2170	41
2171	50
2172	55
2173	61
2174	51
2175	65
2176	67
2177	53
2178	59
2179	52
2180	54
2181	57
2182	66
2183	49
2184	47
2185	54
2186	50
2187	47
2188	51
2189	50
2190	55
2191	47
2192	53
2193	58
2194	44
2195	51
2196	57
2197	54
2198	56
2199	38
2200	63
2201	56
2202	62
2203	59
2204	55
2205	46
2206	41
2207	49
2208	46
2209	44
2210	41
2211	60
2212	50
2213	50
2214	56
2215	48
2216	49
2217	58
2218	57
2219	43
2220	46
2221	44
2222	50
2223	50
2224	61
2225	50
2226	50
2227	61
2228	54
2229	52
2230	54
2231	55
2232	56
2233	48
2234	58
2235	52
2236	50
2237	57
2238	55
2239	51
2240	64
2241	51
2242	51
2243	44
2244	53
2245	51
2246	44
2247	51
2248	51
2249	52
2250	60
2251	50
2252	57
2253	43
2254	55
2255	39
2256	56
2257	66
2258	35
2259	62
2260	41
2261	52
2262	46
2263	50
2264	52
2265	45
2266	47
2267	42
2268	50
2269	47
2270	53
2271	65
2272	49
2273	46
2274	46
2275	47
2276	57
2277	44
2278	40
2279	54
2280	42
2281	48
2282	38
2283	58
2284	53
2285	56
2286	44
2287	46
2288	59
2289	52
2290	47
2291	50
2292	39
2293	51
2294	46
2295	58
2296	45
2297	48
2298	60
2299	37
2300	45
2301	50
2302	56
2303	58
2304	56
2305	41
2306	43
2307	55
2308	49
2309	41
2310	54
2311	55
2312	34
2313	49
2314	44
2315	58
2316	44
2317	48
2318	51
2319	48
2320	37
2321	62
2322	44
2323	41
2324	40
2325	32
2326	58
2327	54
2328	50
2329	34
2330	52
2331	53
2332	44
2333	57
2334	49
2335	53
2336	30
2337	49
2338	45
2339	44
2340	47
2341	53
2342	43
2343	39
2344	48
2345	41
2346	49
2347	40
2348	45
2349	46
2350	49
2351	54
2352	48
2353	46
2354	48
2355	47
2356	42
2357	45
2358	44
2359	40
2360	39
2361	37
2362	43
2363	45
2364	52
2365	60
2366	60
2367	38
2368	49
2369	58
2370	42
2371	49
2372	35
2373	38
2374	47
2375	38
2376	44
2377	47
2378	37
2379	41
2380	42
2381	44
2382	55
2383	35
2384	41
2385	42
2386	53
2387	49
2388	52
2389	35
2390	45
2391	40
2392	40
2393	40
2394	47
2395	56
2396	37
2397	38
2398	45
2399	56
2400	60
2401	39
2402	41
2403	35
2404	38
2405	38
2406	33
2407	31
2408	35
2409	35
2410	34
2411	45
2412	50
2413	39
2414	33
2415	35
2416	45
2417	41
2418	32
2419	39
2420	44
2421	37
2422	35
2423	54
2424	40
2425	43
2426	46
2427	40
2428	44
2429	35
2430	37
2431	40
2432	43
2433	51
2434	28
2435	55
2436	36
2437	39
2438	30
2439	39
2440	27
2441	44
2442	36
2443	41
2444	29
2445	52
2446	32
2447	44
2448	56
2449	40
2450	48
2451	45
2452	37
2453	40
2454	51
2455	40
2456	32
2457	41
2458	39
2459	39
2460	50
2461	39
2462	39
2463	46
2464	46
2465	45
2466	39
2467	40
2468	41
2469	35
2470	31
2471	44
2472	40
2473	49
2474	38
2475	43
2476	23
2477	35
2478	46
2479	45
2480	35
2481	35
2482	44
2483	47
2484	32
2485	38
2486	40
2487	44
2488	43
2489	33
2490	34
2491	45
2492	37
2493	37
2494	32
2495	38
2496	26
2497	39
2498	45
2499	42
2500	34
2501	36
2502	39
2503	45
2504	40
2505	38
2506	37
2507	33
2508	47
2509	28
2510	47
2511	42
2512	29
2513	22
2514	31
2515	39
2516	36
2517	33
2518	24
2519	48
2520	39
2521	31
2522	36
2523	40
2524	31
2525	33
2526	30
2527	27
2528	42
2529	37
2530	37
2531	27
2532	31
2533	31
2534	43
2535	32
2536	32
2537	26
2538	51
2539	38
2540	35
2541	42
2542	34
2543	33
2544	37
2545	36
2546	47
2547	39
2548	39
2549	35
2550	45
2551	32
2552	29
2553	43
2554	31
2555	36
2556	34
2557	28
2558	33
2559	30
2560	41
2561	26
2562	39
2563	35
2564	31
2565	27
2566	41
2567	32
2568	26
2569	29
2570	38
2571	29
2572	40
2573	23
2574	29
2575	32
2576	28
2577	35
2578	44
2579	35
2580	42
2581	30
2582	32
2583	25
2584	25
2585	47
2586	22
2587	27
2588	37
2589	26
2590	48
2591	42
2592	41
2593	21
2594	34
2595	37
2596	30
2597	32
2598	24
2599	24
2600	36
2601	37
2602	37
2603	32
2604	43
2605	33
2606	37
2607	37
2608	31
2609	32
2610	33
2611	41
2612	29
2613	33
2614	27
2615	27
2616	50
2617	31
2618	29
2619	34
2620	28
2621	28
2622	25
2623	29
2624	32
2625	32
2626	43
2627	29
2628	31
2629	30
2630	32
2631	26
2632	30
2633	41
2634	46
2635	29
2636	30
2637	28
2638	45
2639	31
2640	22
2641	50
2642	24
2643	36
2644	34
2645	26
2646	30
2647	33
2648	22
2649	29
2650	24
2651	37
2652	26
2653	34
2654	31
2655	29
2656	33
2657	30
2658	34
2659	36
2660	30
2661	27
2662	39
2663	30
2664	30
2665	25
2666	31
2667	23
2668	38
2669	40
2670	26
2671	39
2672	32
2673	29
2674	32
2675	25
2676	37
2677	23
2678	40
2679	24
2680	37
2681	30
2682	35
2683	20
2684	38
2685	32
2686	29
2687	33
2688	34
2689	31
2690	34
2691	29
2692	26
2693	23
2694	21
2695	25
2696	23
2697	21
2698	30
2699	35
2700	36
2701	35
2702	26
2703	29
2704	22
2705	33
2706	34
2707	32
2708	28
2709	38
2710	14
2711	30
2712	24
2713	26
2714	30
2715	31
2716	26
2717	30
2718	29
2719	35
2720	32
2721	32
2722	43
2723	27
2724	29
2725	36
2726	27
2727	29
2728	29
2729	14
2730	26
2731	24
2732	31
2733	27
2734	14
2735	27
2736	33
2737	28
2738	35
2739	23
2740	33
2741	25
2742	38
2743	34
2744	36
2745	29
2746	38
2747	19
2748	30
2749	22
2750	26
2751	23
2752	28
2753	22
2754	27
2755	34
2756	38
2757	19
2758	22
2759	25
2760	32
2761	23
2762	33
2763	37
2764	21
2765	37
2766	15
2767	28
2768	31
2769	23
2770	28
2771	34
2772	18
2773	26
2774	26
2775	22
2776	30
2777	20
2778	27
2779	27
2780	32
2781	33
2782	28
2783	26
2784	24
2785	30
2786	33
2787	31
2788	27
2789	20
2790	17
2791	21
2792	22
2793	20
2794	29
2795	20
2796	19
2797	25
2798	35
2799	18
2800	25
2801	24
2802	22
2803	34
2804	21
2805	23
2806	23
2807	16
2808	26
2809	29
2810	24
2811	30
2812	23
2813	18
2814	25
2815	14
2816	17
2817	28
2818	22
2819	29
2820	22
2821	32
2822	28
2823	18
2824	23
2825	18
2826	22
2827	28
2828	19
2829	32
2830	20
2831	24
2832	27
2833	19
2834	25
2835	22
2836	21
2837	26
2838	36
2839	30
2840	23
2841	28
2842	16
2843	26
2844	21
2845	32
2846	29
2847	20
2848	24
2849	31
2850	30
2851	25
2852	24
2853	32
2854	29
2855	21
2856	26
2857	19
2858	21
2859	19
2860	31
2861	36
2862	20
2863	28
2864	21
2865	19
2866	23
2867	27
2868	22
2869	22
2870	22
2871	28
2872	24
2873	19
2874	27
2875	26
2876	35
2877	28
2878	32
2879	27
2880	19
2881	18
2882	23
2883	19
2884	20
2885	28
2886	17
2887	25
2888	20
2889	29
2890	31
2891	21
2892	17
2893	25
2894	23
2895	21
2896	23
2897	24
2898	24
2899	21
2900	18
2901	33
2902	26
2903	21
2904	23
2905	26
2906	24
2907	16
2908	20
2909	25
2910	22
2911	17
2912	18
2913	34
2914	24
2915	26
2916	23
2917	19
2918	17
2919	26
2920	19
2921	19
2922	28
2923	31
2924	23
2925	20
2926	22
2927	27
2928	24
2929	24
2930	20
2931	17
2932	21
2933	25
2934	25
2935	24
2936	19
2937	20
2938	18
2939	19
2940	25
2941	22
2942	23
2943	23
2944	20
2945	21
2946	21
2947	19
2948	22
2949	17
2950	24
2951	23
2952	24
2953	21
2954	22
2955	16
2956	28
2957	24
2958	18
2959	15
2960	21
2961	26
2962	18
2963	18
2964	25
2965	18
2966	20
2967	26
2968	20
2969	16
2970	17
2971	16
2972	26
2973	24
2974	26
2975	23
2976	22
2977	19
2978	27
2979	17
2980	33
2981	23
2982	28
2983	13
2984	28
2985	23
2986	17
2987	24
2988	24
2989	18
2990	22
2991	22
2992	17
2993	19
2994	27
2995	15
2996	16
2997	24
2998	28
2999	17
3000	19
3001	24
3002	23
3003	25
3004	21
3005	33
3006	12
3007	23
3008	18
3009	18
3010	29
3011	17
3012	25
3013	17
3014	27
3015	21
3016	21
3017	14
3018	22
3019	17
3020	10
3021	11
3022	19
3023	26
3024	18
3025	23
3026	28
3027	19
3028	24
3029	15
3030	18
3031	20
3032	14
3033	21
3034	24
3035	17
3036	16
3037	23
3038	13
3039	18
3040	26
3041	18
3042	18
3043	17
3044	14
3045	21
3046	21
3047	26
3048	18
3049	18
3050	19
3051	13
3052	16
3053	21
3054	16
3055	25
3056	17
3057	17
3058	18
3059	24
3060	18
3061	13
3062	21
3063	23
3064	15
3065	26
3066	21
3067	21
3068	31
3069	20
3070	22
3071	12
3072	23
3073	16
3074	28
3075	16
3076	19
3077	18
3078	15
3079	21
3080	24
3081	19
3082	18
3083	16
3084	21
3085	25
3086	12
3087	23
3088	21
3089	17
3090	18
3091	19
3092	13
3093	19
3094	19
3095	22
3096	20
3097	8
3098	12
3099	12
3100	28
3101	12
3102	16
3103	14
3104	12
3105	21
3106	16
3107	23
3108	24
3109	14
3110	15
3111	14
3112	17
3113	20
3114	32
3115	19
3116	20
3117	18
3118	16
3119	27
3120	14
3121	21
3122	16
3123	21
3124	21
3125	21
3126	21
3127	25
3128	18
3129	24
3130	15
3131	18
3132	20
3133	17
3134	18
3135	23
3136	21
3137	14
3138	13
3139	15
3140	21
3141	20
3142	18
3143	25
3144	14
3145	16
3146	16
3147	23
3148	12
3149	14
3150	20
3151	23
3152	19
3153	23
3154	19
3155	26
3156	26
3157	24
3158	16
3159	16
3160	18
3161	16
3162	19
3163	19
3164	27
3165	20
3166	15
3167	19
3168	23
3169	15
3170	10
3171	15
3172	18
3173	23
3174	19
3175	24
3176	18
3177	19
3178	23
3179	13
3180	10
3181	22
3182	19
3183	11
3184	18
3185	15
3186	14
3187	14
3188	16
3189	22
3190	14
3191	17
3192	9
3193	15
3194	19
3195	21
3196	14
3197	13
3198	15
3199	12
3200	25
3201	15
3202	12
3203	15
3204	17
3205	16
3206	22
3207	13
3208	21
3209	8
3210	10
3211	19
3212	19
3213	12
3214	13
3215	11
3216	24
3217	16
3218	21
3219	17
3220	10
3221	20
3222	17
3223	15
3224	21
3225	12
3226	11
3227	16
3228	19
3229	23
3230	14
3231	20
3232	14
3233	16
3234	13
3235	13
3236	14
3237	15
3238	12
3239	16
3240	16
3241	18
3242	13
3243	16
3244	21
3245	22
3246	17
3247	14
3248	17
3249	16
3250	14
3251	13
3252	17
3253	20
3254	18
3255	14
3256	13
3257	10
3258	21
3259	13
3260	17
3261	11
3262	10
3263	13
3264	16
3265	17
3266	12
3267	25
3268	15
3269	14
3270	16
3271	17
3272	17
3273	25
3274	19
3275	17
3276	19
3277	18
3278	18
3279	24
3280	17
3281	17
3282	19
3283	15
3284	20
3285	14
3286	21
3287	15
3288	21
3289	15
3290	12
3291	8
3292	10
3293	21
3294	16
3295	22
3296	13
3297	14
3298	13
3299	14
3300	21
3301	18
3302	14
3303	19
3304	11
3305	17
3306	13
3307	12
3308	20
3309	10
3310	13
3311	13
3312	13
3313	11
3314	14
3315	16
3316	6
3317	20
3318	15
3319	21
3320	16
3321	17
3322	14
3323	13
3324	14
3325	16
3326	15
3327	16
3328	10
3329	13
3330	11
3331	12
3332	15
3333	9
3334	20
3335	16
3336	10
3337	9
3338	16
3339	18
3340	19
3341	10
3342	17
3343	15
3344	16
3345	18
3346	19
3347	17
3348	14
3349	15
3350	16
3351	18
3352	12
3353	13
3354	16
3355	13
3356	17
3357	11
3358	12
3359	17
3360	8
3361	11
3362	17
3363	13
3364	18
3365	17
3366	20
3367	19
3368	13
3369	11
3370	14
3371	15
3372	6
3373	18
3374	15
3375	17
3376	17
3377	9
3378	11
3379	20
3380	10
3381	17
3382	17
3383	20
3384	13
3385	18
3386	16
3387	14
3388	15
3389	15
3390	13
3391	15
3392	8
3393	17
3394	8
3395	18
3396	15
3397	19
3398	20
3399	23
3400	16
3401	15
3402	24
3403	19
3404	18
3405	15
3406	21
3407	14
3408	11
3409	11
3410	15
3411	8
3412	13
3413	22
3414	20
3415	12
3416	16
3417	13
3418	15
3419	16
3420	18
3421	13
3422	16
3423	18
3424	14
3425	13
3426	17
3427	19
3428	18
3429	11
3430	17
3431	11
3432	11
3433	8
3434	13
3435	14
3436	15
3437	16
3438	17
3439	16
3440	13
3441	15
3442	17
3443	16
3444	20
3445	18
3446	17
3447	21
3448	21
3449	20
3450	9
3451	20
3452	14
3453	14
3454	16
3455	17
3456	15
3457	19
3458	21
3459	18
3460	10
3461	18
3462	13
3463	25
3464	17
3465	12
3466	9
3467	17
3468	23
3469	17
3470	11
3471	14
3472	12
3473	18
3474	13
3475	15
3476	16
3477	18
3478	19
3479	15
3480	23
3481	15
3482	18
3483	13
3484	11
3485	17
3486	19
3487	15
3488	15
3489	18
3490	16
3491	10
3492	19
3493	17
3494	19
3495	14
3496	18
3497	23
3498	17
3499	20
3500	16
3501	19
3502	21
3503	13
3504	20
3505	17
3506	13
3507	8
3508	20
3509	12
3510	19
3511	20
3512	21
3513	17
3514	25
3515	10
3516	15
3517	21
3518	14
3519	20
3520	22
3521	18
3522	22
3523	15
3524	11
3525	16
3526	24
3527	9
3528	20
3529	19
3530	27
3531	16
3532	23
3533	17
3534	15
3535	18
3536	15
3537	20
3538	21
3539	17
3540	25
3541	15
3542	25
3543	21
3544	22
3545	20
3546	14
3547	15
3548	10
3549	24
3550	26
3551	28
3552	18
3553	21
3554	23
3555	16
3556	20
3557	20
3558	12
3559	19
3560	23
3561	24
3562	13
3563	19
3564	17
3565	18
3566	23
3567	20
3568	24
3569	18
3570	27
3571	22
3572	16
3573	25
3574	14
3575	24
3576	20
3577	13
3578	15
3579	20
3580	22
3581	32
3582	23
3583	22
3584	20
3585	16
3586	21
3587	15
3588	21
3589	28
3590	15
3591	21
3592	23
3593	24
3594	22
3595	22
3596	30
3597	21
3598	26
3599	24
3600	29
3601	19
3602	18
3603	12
3604	26
3605	26
3606	23
3607	28
3608	20
3609	25
3610	22
3611	21
3612	20
3613	22
3614	23
3615	16
3616	21
3617	23
3618	25
3619	26
3620	31
3621	31
3622	15
3623	17
3624	29
3625	28
3626	27
3627	26
3628	25
3629	24
3630	23
3631	21
3632	23
3633	38
3634	26
3635	22
3636	24
3637	28
3638	23
3639	30
3640	35
3641	30
3642	22
3643	24
3644	31
3645	33
3646	20
3647	27
3648	25
3649	27
3650	20
3651	24
3652	23
3653	35
3654	25
3655	32
3656	18
3657	23
3658	21
3659	30
3660	29
3661	27
3662	27
3663	30
3664	33
3665	34
3666	29
3667	31
3668	17
3669	23
3670	31
3671	31
3672	30
3673	22
3674	15
3675	30
3676	30
3677	22
3678	21
3679	29
3680	27
3681	31
3682	26
3683	32
3684	32
3685	27
3686	16
3687	28
3688	29
3689	35
3690	29
3691	29
3692	26
3693	33
3694	20
3695	28
3696	33
3697	24
3698	25
3699	26
3700	40
3701	23
3702	23
3703	28
3704	24
3705	27
3706	34
3707	23
3708	30
3709	35
3710	29
3711	32
3712	25
3713	28
3714	37
3715	30
3716	34
3717	36
3718	35
3719	32
3720	29
3721	20
3722	32
3723	37
3724	34
3725	26
3726	31
3727	35
3728	26
3729	18
3730	37
3731	33
3732	38
3733	40
3734	23
3735	30
3736	25
3737	40
3738	34
3739	41
3740	28
3741	30
3742	31
3743	38
3744	30
3745	32
3746	37
3747	36
3748	34
3749	28
3750	30
3751	33
3752	32
3753	29
3754	29
3755	28
3756	36
3757	40
3758	32
3759	28
3760	23
3761	33
3762	36
3763	33
3764	27
3765	41
3766	29
3767	35
3768	36
3769	44
3770	36
3771	24
3772	34
3773	30
3774	36
3775	40
3776	39
3777	38
3778	36
3779	27
3780	31
3781	36
3782	40
3783	37
3784	29
3785	29
3786	36
3787	34
3788	34
3789	28
3790	32
3791	27
3792	25
3793	39
3794	41
3795	34
3796	26
3797	34
3798	43
3799	34
3800	26
3801	38
3802	46
3803	43
3804	42
3805	32
3806	43
3807	34
3808	32
3809	43
3810	38
3811	43
3812	43
3813	35
3814	43
3815	44
3816	41
3817	28
3818	37
3819	37
3820	28
3821	38
3822	44
3823	46
3824	32
3825	32
3826	33
3827	38
3828	55
3829	38
3830	43
3831	48
3832	33
3833	39
3834	37
3835	37
3836	40
3837	41
3838	31
3839	40
3840	36
3841	43
3842	42
3843	32
3844	34
3845	33
3846	40
3847	31
3848	37
3849	35
3850	33
3851	40
3852	39
3853	51
3854	42
3855	47
3856	28
3857	41
3858	43
3859	34
3860	37
3861	41
3862	44
3863	34
3864	43
3865	32
3866	52
3867	47
3868	47
3869	41
3870	33
3871	35
3872	44
3873	35
3874	45
3875	44
3876	47
3877	40
3878	32
3879	31
3880	52
3881	41
3882	45
3883	32
3884	50
3885	60
3886	30
3887	39
3888	34
3889	41
3890	33
3891	34
3892	51
3893	40
3894	41
3895	47
3896	38
3897	38
3898	45
3899	45
3900	46
3901	34
3902	40
3903	41
3904	39
3905	50
3906	37
3907	40
3908	40
3909	48
3910	34
3911	48
3912	42
3913	47
3914	52
3915	50
3916	33
3917	48
3918	35
3919	50
3920	55
3921	42
3922	50
3923	35
3924	45
3925	39
3926	43
3927	53
3928	38
3929	34
3930	49
3931	44
3932	46
3933	41
3934	51
3935	43
3936	43
3937	45
3938	37
3939	43
3940	48
3941	42
3942	44
3943	39
3944	40
3945	49
3946	36
3947	46
3948	41
3949	51
3950	53
3951	37
3952	56
3953	46
3954	46
3955	53
3956	38
3957	46
3958	39
3959	45
3960	41
3961	42
3962	47
3963	58
3964	44
3965	45
3966	33
3967	40
3968	32
3969	51
3970	43
3971	58
3972	47
3973	49
3974	52
3975	53
3976	48
3977	44
3978	36
3979	57
3980	45
3981	51
3982	46
3983	37
3984	53
3985	49
3986	58
3987	45
3988	60
3989	42
3990	40
3991	50
3992	46
3993	45
3994	58
3995	49
3996	55
3997	43
3998	47
3999	47
4000	46
4001	51
4002	47
4003	57
4004	64
4005	52
4006	58
4007	35
4008	39
4009	43
4010	52
4011	38
4012	50
4013	58
4014	67
4015	44
4016	48
4017	51
4018	53
4019	45
4020	35
4021	52
4022	45
4023	46
4024	49
4025	47
4026	45
4027	58
4028	60
4029	49
4030	39
4031	58
4032	52
4033	48
4034	61
4035	52
4036	51
4037	63
4038	45
4039	62
4040	51
4041	61
4042	49
4043	52
4044	42
4045	49
4046	56
4047	46
4048	60
4049	58
4050	47
4051	43
4052	55
4053	40
4054	59
4055	52
4056	56
4057	47
4058	55
4059	43
4060	52
4061	58
4062	58
4063	46
4064	54
4065	52
4066	56
4067	55
4068	63
4069	47
4070	49
4071	61
4072	50
4073	43
4074	35
4075	42
4076	57
4077	48
4078	48
4079	58
4080	51
4081	62
4082	61
4083	61
4084	43
4085	54
4086	57
4087	61
4088	49
4089	66
4090	49
4091	51
4092	46
4093	54
4094	49
4095	49
4096	39
4097	61
4098	44
4099	43
4100	47
4101	56
4102	48
4103	50
4104	61
4105	44
4106	44
4107	38
4108	54
4109	54
4110	50
4111	55
4112	48
4113	55
4114	59
4115	51
4116	57
4117	51
4118	47
4119	49
4120	58
4121	65
4122	70
4123	67
4124	45
4125	57
4126	54
4127	41
4128	49
4129	44
4130	42
4131	50
4132	42
4133	62
4134	47
4135	52
4136	48
4137	51
4138	49
4139	55
4140	55
4141	61
4142	59
4143	36
4144	57
4145	43
4146	42
4147	54
4148	49
4149	61
4150	54
4151	44
4152	48
4153	50
4154	56
4155	46
4156	59
4157	45
4158	54
4159	46
4160	34
4161	48
4162	55
4163	51
4164	56
4165	59
4166	45
4167	52
4168	51
4169	50
4170	52
4171	52
4172	49
4173	46
4174	47
4175	52
4176	42
4177	62
4178	45
4179	45
4180	61
4181	48
4182	52
4183	45
4184	57
4185	58
4186	55
4187	58
4188	44
4189	71
4190	54
4191	44
4192	39
4193	49
4194	55
4195	50
4196	63
4197	52
4198	44
4199	41
4200	60
4201	53
4202	60
4203	38
4204	45
4205	60
4206	45
4207	46
4208	44
4209	48
4210	50
4211	45
4212	43
4213	58
4214	59
4215	39
4216	45
4217	47
4218	39
4219	36
4220	41
4221	62
4222	52
4223	56
4224	46
4225	60
4226	50
4227	41
4228	35
4229	46
4230	44
4231	54
4232	38
4233	61
4234	41
4235	44
4236	45
4237	47
4238	45
4239	56
4240	53
4241	40
4242	54
4243	48
4244	47
4245	55
4246	44
4247	33
4248	44
4249	36
4250	53
4251	44
4252	41
4253	49
4254	40
4255	55
4256	42
4257	46
4258	38
4259	57
4260	52
4261	59
4262	33
4263	27
4264	45
4265	44
4266	54
4267	36
4268	41
4269	44
4270	46
4271	46
4272	54
4273	41
4274	39
4275	41
4276	45
4277	42
4278	36
4279	38
4280	36
4281	40
4282	46
4283	45
4284	42
4285	46
4286	58
4287	45
4288	34
4289	46
4290	45
4291	52
4292	43
4293	43
4294	48
4295	48
4296	34
4297	49
4298	48
4299	41
4300	53
4301	43
4302	42
4303	52
4304	46
4305	52
4306	65
4307	37
4308	43
4309	40
4310	38
4311	56
4312	33
4313	30
4314	40
4315	37
4316	42
4317	42
4318	33
4319	45
4320	50
4321	43
4322	27
4323	45
4324	41
4325	48
4326	38
4327	48
4328	32
4329	35
4330	50
4331	42
4332	33
4333	43
4334	41
4335	42
4336	45
4337	41
4338	38
4339	49
4340	42
4341	43
4342	39
4343	35
4344	47
4345	46
4346	34
4347	41
4348	42
4349	39
4350	47
4351	41
4352	37
4353	35
4354	34
4355	39
4356	37
4357	33
4358	36
4359	42
4360	34
4361	33
4362	35
4363	36
4364	43
4365	37
4366	48
4367	37
4368	32
4369	43
4370	42
4371	31
4372	43
4373	45
4374	40
4375	42
4376	35
4377	32
4378	42
4379	37
4380	27
4381	35
4382	27
4383	35
4384	24
4385	37
4386	56
4387	46
4388	37
4389	32
4390	32
4391	28
4392	39
4393	40
4394	42
4395	54
4396	41
4397	41
4398	37
4399	24
4400	30
4401	42
4402	36
4403	35
4404	42
4405	45
4406	34
4407	23
4408	35
4409	39
4410	35
4411	43
4412	36
4413	36
4414	35
4415	38
4416	40
4417	43
4418	37
4419	39
4420	41
4421	41
4422	40
4423	38
4424	37
4425	40
4426	41
4427	40
4428	37
4429	48
4430	48
4431	36
4432	30
4433	42
4434	46
4435	42
4436	36
4437	50
4438	39
4439	46
4440	41
4441	33
4442	38
4443	44
4444	41
4445	42
4446	43
4447	38
4448	42
4449	42
4450	35
4451	49
4452	42
4453	46
4454	39
4455	38
4456	36
4457	53
4458	36
4459	37
4460	36
4461	40
4462	39
4463	44
4464	41
4465	36
4466	33
4467	54
4468	49
4469	46
4470	51
4471	37
4472	48
4473	32
4474	43
4475	50
4476	31
4477	36
4478	45
4479	37
4480	47
4481	52
4482	42
4483	59
4484	36
4485	48
4486	59
4487	40
4488	50
4489	36
4490	56
4491	58
4492	51
4493	44
4494	53
4495	44
4496	48
4497	43
4498	46
4499	33
4500	51
4501	43
4502	58
4503	45
4504	56
4505	58
4506	54
4507	49
4508	43
4509	56
4510	50
4511	50
4512	56
4513	45
4514	60
4515	55
4516	45
4517	53
4518	41
4519	49
4520	54
4521	56
4522	58
4523	56
4524	51
4525	58
4526	46
4527	53
4528	47
4529	51
4530	55
4531	52
4532	53
4533	54
4534	74
4535	61
4536	54
4537	48
4538	62
4539	48
4540	56
4541	56
4542	56
4543	53
4544	60
4545	62
4546	48
4547	59
4548	52
4549	55
4550	56
4551	60
4552	52
4553	58
4554	66
4555	63
4556	54
4557	52
4558	55
4559	59
4560	62
4561	51
4562	65
4563	67
4564	49
4565	57
4566	68
4567	66
4568	70
4569	56
4570	64
4571	61
4572	57
4573	65
4574	80
4575	67
4576	56
4577	67
4578	65
4579	57
4580	70
4581	74
4582	73
4583	83
4584	70
4585	54
4586	73
4587	59
4588	55
4589	60
4590	60
4591	71
4592	65
4593	70
4594	58
4595	73
4596	75
4597	74
4598	84
4599	94
4600	78
4601	57
4602	78
4603	52
4604	79
4605	76
4606	68
4607	68
4608	75
4609	66
4610	74
4611	68
4612	74
4613	71
4614	89
4615	89
4616	81
4617	73
4618	78
4619	81
4620	84
4621	91
4622	81
4623	70
4624	70
4625	100
4626	91
4627	81
4628	86
4629	80
4630	88
4631	68
4632	77
4633	86
4634	69
4635	82
4636	91
4637	81
4638	93
4639	80
4640	84
4641	65
4642	76
4643	71
4644	88
4645	67
4646	78
4647	82
4648	90
4649	78
4650	95
4651	87
4652	79
4653	86
4654	107
4655	84
4656	81
4657	102
4658	83
4659	74
4660	96
4661	85
4662	93
4663	75
4664	85
4665	76
4666	82
4667	89
4668	83
4669	87
4670	86
4671	92
4672	77
4673	80
4674	96
4675	88
4676	91
4677	87
4678	99
4679	104
4680	107
4681	100
4682	91
4683	99
4684	97
4685	93
4686	103
4687	99
4688	94
4689	94
4690	93
4691	99
4692	97
4693	116
4694	95
4695	102
4696	112
4697	88
4698	102
4699	103
4700	103
4701	100
4702	76
4703	114
4704	110
4705	96
4706	108
4707	107
4708	95
4709	89
4710	112
4711	120
4712	90
4713	86
4714	94
4715	110
4716	97
4717	98
4718	101
4719	98
4720	90
4721	130
4722	91
4723	77
4724	115
4725	100
4726	99
4727	89
4728	111
4729	101
4730	105
4731	111
4732	118
4733	99
4734	91
4735	98
4736	109
4737	97
4738	109
4739	117
4740	97
4741	97
4742	97
4743	129
4744	120
4745	119
4746	109
4747	111
4748	98
4749	117
4750	113
4751	94
4752	115
4753	95
4754	120
4755	110
4756	115
4757	99
4758	124
4759	116
4760	105
4761	102
4762	102
4763	106
4764	126
4765	101
4766	119
4767	118
4768	113
4769	121
4770	112
4771	107
4772	123
4773	107
4774	120
4775	113
4776	138
4777	99
4778	89
4779	114
4780	111
4781	117
4782	95
4783	117
4784	124
4785	111
4786	112
4787	109
4788	126
4789	113
4790	125
4791	124
4792	104
4793	101
4794	110
4795	123
4796	118
4797	99
4798	105
4799	109
4800	105
4801	104
4802	108
4803	118
4804	117
4805	128
4806	114
4807	129
4808	105
4809	105
4810	104
4811	117
4812	147
4813	134
4814	109
4815	103
4816	119
4817	124
4818	134
4819	123
4820	122
4821	104
4822	106
4823	110
4824	121
4825	126
4826	124
4827	121
4828	124
4829	115
4830	105
4831	113
4832	127
4833	114
4834	116
4835	111
4836	112
4837	105
4838	126
4839	102
4840	95
4841	130
4842	131
4843	145
4844	115
4845	103
4846	102
4847	117
4848	95
4849	109
4850	125
4851	123
4852	149
4853	105
4854	124
4855	144
4856	120
4857	139
4858	110
4859	78
4860	121
4861	134
4862	119
4863	125
4864	128
4865	115
4866	130
4867	106
4868	122
4869	101
4870	97
4871	119
4872	127
4873	107
4874	127
4875	129
4876	105
4877	135
4878	121
4879	117
4880	102
4881	105
4882	111
4883	102
4884	105
4885	117
4886	116
4887	92
4888	109
4889	114
4890	103
4891	114
4892	109
4893	142
4894	125
4895	105
4896	129
4897	118
4898	121
4899	112
4900	111
4901	117
4902	113
4903	117
4904	98
4905	118
4906	118
4907	119
4908	110
4909	109
4910	108
4911	104
4912	114
4913	130
4914	118
4915	124
4916	105
4917	106
4918	106
4919	114
4920	100
4921	140
4922	112
4923	116
4924	101
4925	89
4926	101
4927	102
4928	86
4929	110
4930	97
4931	98
4932	117
4933	115
4934	106
4935	116
4936	117
4937	107
4938	101
4939	115
4940	94
4941	93
4942	114
4943	123
4944	92
4945	117
4946	118
4947	124
4948	106
4949	130
4950	102
4951	101
4952	110
4953	120
4954	116
4955	108
4956	117
4957	103
4958	101
4959	100
4960	101
4961	117
4962	119
4963	111
4964	98
4965	128
4966	88
4967	127
4968	102
4969	106
4970	96
4971	76
4972	85
4973	104
4974	102
4975	93
4976	91
4977	118
4978	102
4979	91
4980	97
4981	92
4982	93
4983	109
4984	96
4985	120
4986	94
4987	113
4988	109
4989	90
4990	108
4991	114
4992	105
4993	107
4994	104
4995	74
4996	85
4997	110
4998	105
4999	100
5000	94
5001	78
5002	101
5003	96
5004	83
5005	98
5006	89
5007	85
5008	97
5009	83
5010	105
5011	104
5012	89
5013	94
5014	88
5015	75
5016	106
5017	96
5018	86
5019	103
5020	98
5021	87
5022	97
5023	84
5024	119
5025	101
5026	81
5027	92
5028	95
5029	100
5030	79
5031	101
5032	69
5033	75
5034	92
5035	89
5036	88
5037	82
5038	92
5039	81
5040	81
5041	90
5042	79
5043	73
5044	74
5045	79
5046	92
5047	78
5048	75
5049	104
5050	82
5051	97
5052	87
5053	85
5054	75
5055	83
5056	72
5057	86
5058	102
5059	76
5060	84
5061	94
5062	75
5063	73
5064	75
5065	85
5066	84
5067	80
5068	86
5069	68
5070	74
5071	77
5072	80
5073	82
5074	79
5075	92
5076	77
5077	81
5078	63
5079	74
5080	64
5081	72
5082	73
5083	89
5084	78
5085	66
5086	87
5087	72
5088	60
5089	88
5090	78
5091	86
5092	72
5093	73
5094	72
5095	64
5096	74
5097	74
5098	75
5099	62
5100	61
5101	74
5102	50
5103	74
5104	63
5105	78
5106	64
5107	74
5108	65
5109	80
5110	72
5111	74
5112	72
5113	80
5114	40
5115	69
5116	63
5117	73
5118	67
5119	77
5120	58
5121	81
5122	57
5123	71
5124	65
5125	71
5126	68
5127	63
5128	55
5129	72
5130	65
5131	62
5132	66
5133	62
5134	51
5135	57
5136	72
5137	54
5138	62
5139	53
5140	53
5141	59
5142	66
5143	73
5144	66
5145	60
5146	71
5147	64
5148	67
5149	77
5150	72
5151	63
5152	60
5153	61
5154	65
5155	62
5156	60
5157	61
5158	52
5159	65
5160	42
5161	56
5162	51
5163	54
5164	56
5165	49
5166	59
5167	58
5168	70
5169	52
5170	48
5171	49
5172	61
5173	57
5174	77
5175	56
5176	56
5177	61
5178	54
5179	48
5180	62
5181	48
5182	57
5183	47
5184	50
5185	45
5186	50
5187	46
5188	57
5189	47
5190	53
5191	58
5192	60
5193	49
5194	48
5195	53
5196	51
5197	50
5198	45
5199	51
5200	49
5201	41
5202	60
5203	59
5204	43
5205	51
5206	57
5207	59
5208	50
5209	51
5210	53
5211	41
5212	54
5213	44
5214	46
5215	50
5216	64
5217	60
5218	58
5219	50
5220	52
5221	50
5222	56
5223	32
5224	48
5225	48
5226	50
5227	54
5228	58
5229	52
5230	40
5231	63
5232	66
5233	45
5234	42
5235	62
5236	52
5237	50
5238	39
5239	51
5240	36
5241	38
5242	38
5243	44
5244	43
5245	33
5246	40
5247	49
5248	50
5249	61
5250	52
5251	45
5252	38
5253	44
5254	50
5255	50
5256	48
5257	35
5258	38
5259	46
5260	38
5261	39
5262	36
5263	37
5264	39
5265	52
5266	47
5267	41
5268	39
5269	47
5270	48
5271	41
5272	36
5273	42
5274	54
5275	35
5276	40
5277	44
5278	43
5279	41
5280	32
5281	39
5282	50
5283	38
5284	39
5285	27
5286	38
5287	40
5288	37
5289	32
5290	36
5291	40
5292	32
5293	35
5294	27
5295	39
5296	36
5297	33
5298	27
5299	31
5300	38
5301	33
5302	27
5303	41
5304	43
5305	35
5306	37
5307	39
5308	27
5309	27
5310	39
5311	35
5312	35
5313	38
5314	33
5315	28
5316	31
5317	40
5318	36
5319	30
5320	25
5321	44
5322	39
5323	30
5324	21
5325	31
5326	32
5327	35
5328	29
5329	37
5330	32
5331	37
5332	34
5333	28
5334	39
5335	39
5336	47
5337	44
5338	32
5339	30
5340	27
5341	27
5342	30
5343	40
5344	39
5345	37
5346	25
5347	23
5348	35
5349	29
5350	38
5351	28
5352	32
5353	28
5354	42
5355	32
5356	36
5357	36
5358	24
5359	33
5360	26
5361	25
5362	29
5363	38
5364	24
5365	31
5366	30
5367	25
5368	29
5369	25
5370	22
5371	27
5372	29
5373	31
5374	27
5375	34
5376	26
5377	26
5378	32
5379	32
5380	25
5381	31
5382	37
5383	25
5384	30
5385	39
5386	25
5387	28
5388	30
5389	33
5390	22
5391	18
5392	26
5393	39
5394	19
5395	25
5396	35
5397	22
5398	23
5399	24
5400	24
5401	29
5402	20
5403	29
5404	24
5405	26
5406	33
5407	18
5408	28
5409	27
5410	28
5411	27
5412	26
5413	34
5414	31
5415	27
5416	23
5417	27
5418	25
5419	25
5420	22
5421	28
5422	29
5423	31
5424	23
5425	21
5426	27
5427	22
5428	25
5429	21
5430	25
5431	32
5432	22
5433	22
5434	16
5435	20
5436	19
5437	30
5438	26
5439	22
5440	28
5441	26
5442	21
5443	24
5444	23
5445	24
5446	26
5447	22
5448	26
5449	27
5450	22
5451	20
5452	22
5453	21
5454	19
5455	20
5456	17
5457	27
5458	28
5459	27
5460	19
5461	28
5462	26
5463	21
5464	13
5465	34
5466	21
5467	19
5468	11
5469	20
5470	19
5471	22
5472	16
5473	27
5474	20
5475	22
5476	18
5477	27
5478	18
5479	22
5480	26
5481	24
5482	20
5483	18
5484	26
5485	31
5486	21
5487	22
5488	25
5489	17
5490	18
5491	20
5492	22
5493	20
5494	18
5495	20
5496	20
5497	20
5498	26
5499	15
5500	15
5501	22
5502	16
5503	16
5504	19
5505	19
5506	13
5507	16
5508	24
5509	27
5510	13
5511	17
5512	22
5513	14
5514	14
5515	14
5516	16
5517	20
5518	20
5519	20
5520	19
5521	25
5522	16
5523	15
5524	17
5525	12
5526	14
5527	18
5528	17
5529	16
5530	14
5531	13
5532	24
5533	27
5534	17
5535	22
5536	20
5537	17
5538	13
5539	11
5540	15
5541	15
5542	16
5543	18
5544	13
5545	9
5546	14
5547	14
5548	16
5549	22
5550	11
5551	17
5552	10
5553	16
5554	11
5555	19
5556	18
5557	10
5558	15
5559	9
5560	15
5561	12
5562	14
5563	16
5564	11
5565	14
5566	23
5567	12
5568	12
5569	16
5570	24
5571	8
5572	19
5573	21
5574	13
5575	14
5576	14
5577	14
5578	25
5579	17
5580	11
5581	13
5582	13
5583	6
5584	15
5585	21
5586	18
5587	16
5588	12
5589	20
5590	10
5591	16
5592	16
5593	20
5594	13
5595	15
5596	12
5597	13
5598	12
5599	14
5600	16
5601	13
5602	13
5603	16
5604	15
5605	20
5606	14
5607	8
5608	13
5609	13
5610	9
5611	12
5612	14
5613	9
5614	11
5615	13
5616	13
5617	9
5618	7
5619	13
5620	7
5621	12
5622	8
5623	17
5624	12
5625	5
5626	18
5627	12
5628	12
5629	16
5630	7
5631	13
5632	7
5633	11
5634	7
5635	16
5636	14
5637	9
5638	13
5639	10
5640	11
5641	12
5642	19
5643	15
5644	10
5645	17
5646	10
5647	6
5648	22
5649	13
5650	15
5651	9
5652	9
5653	11
5654	13
5655	9
5656	10
5657	13
5658	7
5659	15
5660	6
5661	15
5662	12
5663	15
5664	13
5665	10
5666	9
5667	15
5668	14
5669	8
5670	14
5671	12
5672	14
5673	9
5674	14
5675	13
5676	15
5677	14
5678	17
5679	10
5680	8
5681	14
5682	9
5683	11
5684	10
5685	7
5686	7
5687	6
5688	11
5689	6
5690	15
5691	9
5692	16
5693	10
5694	12
5695	9
5696	10
5697	12
5698	11
5699	16
5700	3
5701	13
5702	11
5703	14
5704	9
5705	8
5706	9
5707	10
5708	9
5709	8
5710	8
5711	10
5712	10
5713	9
5714	12
5715	11
5716	8
5717	2
5718	10
5719	15
5720	14
5721	9
5722	11
5723	11
5724	10
5725	8
5726	15
5727	6
5728	10
5729	12
5730	15
5731	8
5732	10
5733	15
5734	12
5735	15
5736	12
5737	8
5738	4
5739	8
5740	12
5741	12
5742	12
5743	6
5744	10
5745	12
5746	5
5747	7
5748	8
5749	9
5750	7
5751	10
5752	6
5753	14
5754	9
5755	10
5756	7
5757	8
5758	13
5759	9
5760	8
5761	10
5762	6
5763	9
5764	7
5765	9
5766	14
5767	14
5768	10
5769	6
5770	13
5771	7
5772	11
5773	7
5774	14
5775	10
5776	10
5777	7
5778	12
5779	13
5780	12
5781	8
5782	7
5783	9
5784	11
5785	8
5786	8
5787	11
5788	6
5789	7
5790	7
5791	11
5792	7
5793	12
5794	13
5795	9
5796	15
5797	10
5798	8
5799	11
5800	10
5801	15
5802	14
5803	12
5804	11
5805	5
5806	5
5807	13
5808	8
5809	9
5810	11
5811	13
5812	10
5813	8
5814	12
5815	15
5816	7
5817	8
5818	9
5819	8
5820	7
5821	8
5822	11
5823	8
5824	16
5825	9
5826	11
5827	11
5828	7
5829	11
5830	14
5831	10
5832	8
5833	6
5834	10
5835	10
5836	10
5837	6
5838	11
5839	16
5840	13
5841	8
5842	8
5843	12
5844	9
5845	11
5846	9
5847	10
5848	6
5849	8
5850	9
5851	8
5852	11
5853	7
5854	5
5855	10
5856	8
5857	9
5858	7
5859	15
5860	6
5861	8
5862	11
5863	7
5864	5
5865	13
5866	8
5867	11
5868	9
5869	10
5870	5
5871	7
5872	8
5873	10
5874	8
5875	8
5876	11
5877	7
5878	13
5879	13
5880	7
5881	9
5882	5
5883	9
5884	10
5885	9
5886	15
5887	7
5888	12
5889	12
5890	6
5891	8
5892	9
5893	13
5894	11
5895	12
5896	12
5897	9
5898	14
5899	6
5900	13
5901	11
5902	10
5903	13
5904	14
5905	9
5906	8
5907	13
5908	11
5909	9
5910	14
5911	9
5912	9
5913	4
5914	6
5915	6
5916	11
5917	10
5918	9
5919	8
5920	7
5921	11
5922	8
5923	10
5924	9
5925	6
5926	7
5927	7
5928	12
5929	12
5930	8
5931	9
5932	12
5933	6
5934	10
5935	9
5936	12
5937	8
5938	13
5939	11
5940	7
5941	6
5942	8
5943	12
5944	10
5945	13
5946	9
5947	12
5948	4
5949	6
5950	19
5951	8
5952	8
5953	13
5954	6
5955	8
5956	15
5957	10
5958	8
5959	10
5960	13
5961	6
5962	5
5963	12
5964	2
5965	8
5966	5
5967	6
5968	12
5969	13
5970	17
5971	6
5972	8
5973	8
5974	10
5975	8
5976	14
5977	4
5978	8
5979	12
5980	9
5981	8
5982	6
5983	7
5984	6
5985	11
5986	7
5987	11
5988	7
5989	19
5990	12
5991	14
5992	10
5993	11
5994	8
5995	14
5996	10
5997	7
5998	14
5999	8
6000	7
6001	12
6002	9
6003	8
6004	8
6005	16
6006	6
6007	13
6008	9
6009	5
6010	6
6011	17
6012	7
6013	15
6014	5
6015	9
6016	10
6017	9
6018	11
6019	17
6020	15
6021	7
6022	11
6023	13
6024	13
6025	14
6026	11
6027	11
6028	11
6029	11
6030	9
6031	7
6032	9
6033	15
6034	8
6035	9
6036	11
6037	13
6038	14
6039	11
6040	10
6041	8
6042	13
6043	13
6044	9
6045	8
6046	14
6047	15
6048	7
6049	9
6050	15
6051	11
6052	11
6053	9
6054	15
6055	11
6056	11
6057	10
6058	8
6059	5
6060	9
6061	12
6062	12
6063	13
6064	15
6065	10
6066	12
6067	6
6068	9
6069	10
6070	8
6071	7
6072	6
6073	7
6074	16
6075	7
6076	5
6077	15
6078	9
6079	5
6080	12
6081	6
6082	9
6083	8
6084	12
6085	4
6086	13
6087	16
6088	12
6089	6
6090	11
6091	15
6092	9
6093	4
6094	12
6095	16
6096	16
6097	10
6098	12
6099	7
6100	9
6101	10
6102	13
6103	14
6104	10
6105	12
6106	8
6107	6
6108	11
6109	8
6110	9
6111	10
6112	6
6113	7
6114	18
6115	11
6116	10
6117	8
6118	10
6119	6
6120	9
6121	7
6122	5
6123	13
6124	14
6125	10
6126	14
6127	11
6128	12
6129	10
6130	20
6131	9
6132	9
6133	8
6134	11
6135	10
6136	9
6137	5
6138	4
6139	6
6140	6
6141	14
6142	11
6143	8
6144	12
6145	10
6146	10
6147	8
6148	9
6149	11
6150	10
6151	7
6152	10
6153	9
6154	3
6155	5
6156	8
6157	10
6158	7
6159	9
6160	14
6161	15
6162	4
6163	4
6164	18
6165	5
6166	7
6167	11
6168	6
6169	11
6170	11
6171	7
6172	11
6173	10
6174	7
6175	9
6176	7
6177	12
6178	6
6179	10
6180	6
6181	10
6182	9
6183	12
6184	6
6185	6
6186	7
6187	6
6188	12
6189	11
6190	9
6191	9
6192	10
6193	8
6194	12
6195	6
6196	14
6197	7
6198	9
6199	7
6200	9
6201	4
6202	11
6203	7
6204	14
6205	8
6206	10
6207	3
6208	11
6209	5
6210	10
6211	5
6212	12
6213	8
6214	11
6215	8
6216	9
6217	10
6218	7
6219	5
6220	9
6221	7
6222	6
6223	10
6224	9
6225	6
6226	3
6227	12
6228	7
6229	8
6230	11
6231	5
6232	3
6233	12
6234	7
6235	8
6236	9
6237	6
6238	14
6239	8
6240	7
6241	10
6242	5
6243	12
6244	10
6245	4
6246	8
6247	10
6248	6
6249	7
6250	5
6251	8
6252	8
6253	3
6254	9
6255	4
6256	6
6257	9
6258	6
6259	10
6260	9
6261	10
6262	5
6263	8
6264	9
6265	5
6266	1
6267	5
6268	7
6269	11
6270	5
6271	7
6272	1
6273	9
6274	5
6275	9
6276	4
6277	12
6278	4
6279	7
6280	7
6281	5
6282	4
6283	14
6284	5
6285	5
6286	6
6287	4
6288	5
6289	6
6290	8
6291	3
6292	2
6293	1
6294	7
6295	7
6296	8
6297	7
6298	6
6299	0
6300	2
6301	7
6302	4
6303	6
6304	2
6305	5
6306	6
6307	7
6308	5
6309	4
6310	3
6311	2
6312	5
6313	3
6314	5
6315	7
6316	4
6317	4
6318	7
6319	2
6320	2
6321	4
6322	4
6323	5
6324	6
6325	12
6326	1
6327	6
6328	3
6329	4
6330	5
6331	6
6332	5
6333	7
6334	3
6335	5
6336	6
6337	5
6338	2
6339	6
6340	7
6341	4
6342	7
6343	3
6344	2
6345	3
6346	5
6347	5
6348	5
6349	4
6350	4
6351	7
6352	6
6353	8
6354	3
6355	2
6356	1
6357	6
6358	1
6359	4
6360	3
6361	4
6362	2
6363	5
6364	8
6365	5
6366	2
6367	4
6368	3
6369	0
6370	6
6371	4
6372	4
6373	8
6374	4
6375	4
6376	3
6377	4
6378	4
6379	3
6380	4
6381	8
6382	2
6383	2
6384	4
6385	5
6386	5
6387	4
6388	5
6389	3
6390	3
6391	5
6392	3
6393	8
6394	3
6395	6
6396	4
6397	8
6398	1
6399	7
6400	6
6401	5
6402	4
6403	6
6404	6
6405	4
6406	9
6407	2
6408	7
6409	2
6410	1
6411	1
6412	2
6413	2
6414	4
6415	5
6416	4
6417	4
6418	1
6419	4
6420	7
6421	0
6422	7
6423	3
6424	4
6425	5
6426	2
6427	5
6428	4
6429	3
6430	3
6431	3
6432	6
6433	2
6434	1
6435	3
6436	0
6437	3
6438	8
6439	2
6440	2
6441	5
6442	0
6443	1
6444	5
6445	2
6446	6
6447	1
6448	3
6449	3
6450	5
6451	3
6452	2
6453	2
6454	3
6455	4
6456	3
6457	3
6458	2
6459	2
6460	2
6461	2
6462	1
6463	2
6464	3
6465	3
6466	5
6467	4
6468	1
6469	3
6470	1
6471	4
6472	4
6473	1
6474	1
6475	4
6476	3
6477	3
6478	4
6479	2
6480	2
6481	3
6482	3
6483	3
6484	3
6485	2
6486	0
6487	1
6488	3
6489	2
6490	4
6491	4
6492	1
6493	0
6494	2
6495	4
6496	2
6497	1
6498	2
6499	2
6500	4
6501	1
6502	2
6503	2
6504	1
6505	2
6506	2
6507	1
6508	5
6509	4
6510	3
6511	6
6512	2
6513	2
6514	0
6515	1
6516	3
6517	1
6518	0
6519	4
6520	1
6521	2
6522	3
6523	1
6524	3
6525	1
6526	1
6527	3
6528	6
6529	4
6530	4
6531	3
6532	3
6533	3
6534	1
6535	1
6536	2
6537	0
6538	2
6539	2
6540	2
6541	4
6542	2
6543	2
6544	2
6545	3
6546	2
6547	2
6548	1
6549	1
6550	2
6551	2
6552	0
6553	1
6554	1
6555	1
6556	4
6557	1
6558	2
6559	2
6560	1
6561	2
6562	3
6563	1
6564	2
6565	0
6566	0
6567	3
6568	1
6569	1
6570	2
6571	0
6572	3
6573	3
6574	2
6575	2
6576	3
6577	0
6578	5
6579	2
6580	0
6581	1
6582	1
6583	3
6584	3
6585	4
6586	5
6587	0
6588	2
6589	2
6590	2
6591	0
6592	1
6593	4
6594	0
6595	2
6596	3
6597	5
6598	0
6599	0
6600	1
6601	0
6602	0
6603	3
6604	2
6605	0
6606	0
6607	0
6608	0
6609	3
6610	1
6611	2
6612	4
6613	1
6614	0
6615	2
6616	2
6617	1
6618	1
6619	1
6620	0
6621	3
6622	1
6623	4
6624	1
6625	1
6626	0
6627	2
6628	2
6629	2
6630	2
6631	0
6632	3
6633	0
6634	1
6635	2
6636	2
6637	0
6638	3
6639	1
6640	0
6641	0
6642	0
6643	0
6644	0
6645	0
6646	0
6647	1
6648	0
6649	0
6650	0
6651	0
6652	3
6653	0
6654	1
6655	2
6656	3
6657	1
6658	1
6659	0
6660	1
6661	4
6662	1
6663	0
6664	1
6665	2
6666	1
6667	0
6668	0
6669	0
6670	0
6671	1
6672	1
6673	1
6674	1
6675	1
6676	0
6677	1
6678	0
6679	5
6680	2
6681	3
6682	1
6683	1
6684	1
6685	1
6686	1
6687	1
6688	0
6689	0
6690	0
6691	2
6692	1
6693	0
6694	1
6695	0
6696	1
6697	0
6698	3
6699	1
6700	3
6701	1
6702	0
6703	0
6704	0
6705	0
6706	1
6707	4
6708	0
6709	1
6710	0
6711	1
6712	0
6713	2
6714	0
6715	0
6716	1
6717	2
6718	0
6719	1
6720	3
6721	0
6722	1
6723	0
6724	0
6725	1
6726	2
6727	1
6728	1
6729	0
6730	1
6731	2
6732	0
6733	1
6734	0
6735	2
6736	1
6737	0
6738	1
6739	2
6740	1
6741	2
6742	0
6743	1
6744	2
6745	1
6746	1
6747	1
6748	1
6749	1
6750	1
6751	0
6752	0
6753	0
6754	1
6755	0
6756	0
6757	1
6758	1
6759	0
6760	2
6761	1
6762	2
6763	2
6764	1
6765	1
6766	3
6767	0
6768	3
6769	1
6770	1
6771	3
6772	1
6773	0
6774	1
6775	3
6776	0
6777	1
6778	1
6779	1
6780	0
6781	1
6782	0
6783	0
6784	1
6785	1
6786	1
6787	1
6788	0
6789	1
6790	0
6791	1
6792	1
6793	0
6794	0
6795	0
6796	0
6797	1
6798	0
6799	0
6800	1
6801	1
6802	0
6803	1
6804	1
6805	0
6806	0
6807	1
6808	1
6809	1
6810	1
6811	1
6812	1
6813	2
6814	2
6815	0
6816	1
6817	0
6818	1
6819	0
6820	2
6821	2
6822	0
6823	2
6824	1
6825	2
6826	0
6827	0
6828	0
6829	0
6830	2
6831	0
6832	1
6833	0
6834	0
6835	1
6836	1
6837	1
6838	2
6839	0
6840	1
6841	1
6842	0
6843	0
6844	0
6845	2
6846	1
6847	0
6848	1
6849	0
6850	0
6851	1
6852	1
6853	1
6854	2
6855	0
6856	1
6857	0
6858	1
6859	1
6860	3
6861	1
6862	1
6863	1
6864	0
6865	0
6866	2
6867	0
6868	1
6869	0
6870	1
6871	1
6872	1
6873	1
6874	2
6875	0
6876	1
6877	1
6878	1
6879	0
6880	0
6881	1
6882	0
6883	2
6884	1
6885	0
6886	0
6887	0
6888	0
6889	2
6890	1
6891	0
6892	0
6893	0
6894	0
6895	2
6896	0
6897	0
6898	2
6899	1
6900	0
6901	2
6902	0
6903	1
6904	1
6905	2
6906	0
6907	0
6908	1
6909	0
6910	0
6911	0
6912	2
6913	1
6914	2
6915	1
6916	0
6917	1
6918	1
6919	0
6920	0
6921	2
6922	1
6923	1
6924	2
6925	1
6926	2
6927	0
6928	0
6929	1
6930	0
6931	1
6932	0
6933	1
6934	3
6935	0
6936	0
6937	0
6938	0
6939	1
6940	0
6941	0
6942	3
6943	3
6944	1
6945	1
6946	0
6947	1
6948	1
6949	0
6950	0
6951	0
6952	0
6953	1
6954	0
6955	1
6956	0
6957	1
6958	2
6959	0
6960	1
6961	1
6962	1
6963	1
6964	0
6965	1
6966	0
6967	0
6968	0
6969	0
6970	0
6971	0
6972	0
6973	1
6974	0
6975	1
6976	1
6977	2
6978	0
6979	0
6980	0
6981	1
6982	0
6983	1
6984	0
6985	0
6986	0
6987	2
6988	0
6989	0
6990	0
6991	0
6992	0
6993	1
6994	1
6995	0
6996	1
6997	0
6998	0
6999	2
7000	1
7001	1
7002	1
7003	1
7004	0
7005	0
7006	1
7007	1
7008	1
7009	0
7010	1
7011	1
7012	1
7013	1
7014	0
7015	0
7016	1
7017	0
7018	1
7019	1
7020	0
7021	0
7022	0
7023	1
7024	0
7025	1
7026	2
7027	0
7028	0
7029	3
7030	0
7031	0
7032	0
7033	1
7034	1
7035	0
7036	0
7037	0
7038	2
7039	0
7040	0
7041	1
7042	0
7043	0
7044	2
7045	0
7046	0
7047	0
7048	1
7049	0
7050	0
7051	2
7052	1
7053	0
7054	2
7055	0
7056	0
7057	2
7058	0
7059	1
7060	0
7061	0
7062	0
7063	0
7064	0
7065	0
7066	4
7067	1
7068	1
7069	2
7070	1
7071	1
7072	0
7073	2
7074	0
7075	0
7076	0
7077	0
7078	0
7079	1
7080	0
7081	0
7082	0
7083	0
7084	0
7085	1
7086	1
7087	0
7088	0
7089	0
7090	1
7091	1
7092	0
7093	2
7094	0
7095	0
7096	3
7097	1
7098	1
7099	0
7100	0
7101	1
7102	0
7103	1
7104	1
7105	0
7106	2
7107	1
7108	0
7109	0
7110	0
7111	0
7112	1
7113	0
7114	0
7115	0
7116	0
7117	0
7118	2
7119	0
7120	1
7121	0
7122	0
7123	0
7124	0
7125	0
7126	0
7127	1
7128	1
7129	1
7130	1
7131	0
7132	1
7133	2
7134	0
7135	1
7136	0
7137	1
7138	0
7139	0
7140	1
7141	1
7142	1
7143	1
7144	0
7145	1
7146	2
7147	1
7148	0
7149	0
7150	0
7151	0
7152	0
7153	1
7154	2
7155	0
7156	1
7157	0
7158	1
7159	0
7160	0
7161	0
7162	1
7163	3
7164	0
7165	1
7166	0
7167	0
7168	2
7169	1
7170	1
7171	1
7172	0
7173	2
7174	1
7175	0
7176	0
7177	1
7178	0
7179	0
7180	1
7181	0
7182	1
7183	2
7184	0
7185	1
7186	0
7187	0
7188	0
7189	0
7190	0
7191	1
7192	0
7193	0
7194	0
7195	1
7196	0
7197	0
7198	0
7199	1
7200	0
7201	2
7202	2
7203	1
7204	1
7205	0
7206	0
7207	0
7208	0
7209	0
7210	1
7211	0
7212	3
7213	2
7214	0
7215	0
7216	0
7217	0
7218	0
7219	1
7220	0
7221	2
7222	0
7223	1
7224	1
7225	0
7226	0
7227	0
7228	1
7229	1
7230	2
7231	0
7232	0
7233	0
7234	0
7235	2
7236	0
7237	0
7238	1
7239	0
7240	1
7241	1
7242	1
7243	0
7244	1
7245	0
7246	1
7247	1
7248	1
7249	0
7250	0
7251	1
7252	0
7253	0
7254	0
7255	1
7256	1
7257	1
7258	0
7259	1
7260	0
7261	0
7262	0
7263	0
7264	1
7265	0
7266	1
7267	1
7268	1
7269	0
7270	0
7271	0
7272	0
7273	1
7274	0
7275	0
7276	0
7277	1
7278	0
7279	1
7280	1
7281	0
7282	0
7283	1
7284	0
7285	0
7286	0
7287	1
7288	1
7289	0
7290	1
7291	0
7292	0
7293	1
7294	1
7295	1
7296	2
7297	2
7298	0
7299	0
7300	0
7301	1
7302	0
7303	2
7304	1
7305	1
7306	2
7307	0
7308	0
7309	1
7310	2
7311	0
7312	0
7313	0
7314	1
7315	2
7316	0
7317	0
7318	0
7319	0
7320	0
7321	0
7322	0
7323	0
7324	0
7325	1
7326	0
7327	0
7328	0
7329	0
7330	1
7331	1
7332	3
7333	0
7334	0
7335	2
7336	0
7337	0
7338	0
7339	0
7340	2
7341	1
7342	0
7343	1
7344	0
7345	1
7346	0
7347	0
7348	1
7349	0
7350	0
7351	0
7352	1
7353	0
7354	1
7355	0
7356	0
7357	0
7358	1
7359	0
7360	2
7361	0
7362	0
7363	0
7364	0
7365	1
7366	0
7367	0
7368	0
7369	0
7370	0
7371	0
7372	0
7373	2
7374	0
7375	0
7376	1
7377	0
7378	2
7379	0
7380	1
7381	0
7382	0
7383	1
7384	1
7385	1
7386	0
7387	1
7388	1
7389	0
7390	0
7391	0
7392	0
7393	0
7394	1
7395	0
7396	2
7397	0
7398	1
7399	1
7400	0
7401	1
7402	2
7403	0
7404	1
7405	0
7406	0
7407	0
7408	0
7409	1
7410	1
7411	1
7412	1
7413	0
7414	2
7415	0
7416	0
7417	0
7418	1
7419	1
7420	0
7421	0
7422	0
7423	0
7424	0
7425	0
7426	0
7427	0
7428	0
7429	0
7430	0
7431	1
7432	2
7433	1
7434	1
7435	2
7436	0
7437	0
7438	0
7439	1
7440	0
7441	0
7442	1
7443	0
7444	0
7445	1
7446	0
7447	0
7448	2
7449	0
7450	0
7451	1
7452	1
7453	0
7454	0
7455	0
7456	1
7457	0
7458	0
7459	0
7460	1
7461	0
7462	0
7463	1
7464	1
7465	0
7466	0
7467	0
7468	1
7469	0
7470	0
7471	1
7472	0
7473	1
7474	0
7475	0
7476	0
7477	0
7478	1
7479	1
7480	1
7481	0
7482	0
7483	1
7484	2
7485	0
7486	0
7487	1
7488	0
7489	0
7490	1
7491	0
7492	0
7493	0
7494	2
7495	1
7496	0
7497	0
7498	0
7499	0
7500	0
7501	0
7502	0
7503	1
7504	2
7505	1
7506	0
7507	0
7508	1
7509	0
7510	0
7511	0
7512	0
7513	0
7514	0
7515	0
7516	1
7517	0
7518	1
7519	0
7520	1
7521	0
7522	0
7523	0
7524	0
7525	0
7526	1
7527	0
7528	1
7529	1
7530	2
7531	1
7532	0
7533	0
7534	1
7535	0
7536	0
7537	1
7538	1
7539	0
7540	0
7541	1
7542	2
7543	0
7544	0
7545	0
7546	0
7547	0
7548	1
7549	0
7550	0
7551	1
7552	1
7553	0
7554	0
7555	0
7556	1
7557	1
7558	1
7559	1
7560	1
7561	0
7562	0
7563	0
7564	1
7565	1
7566	0
7567	1
7568	0
7569	0
7570	2
7571	0
7572	1
7573	0
7574	0
7575	0
7576	0
7577	2
7578	0
7579	0
7580	1
7581	0
7582	0
7583	0
7584	0
7585	0
7586	1
7587	1
7588	0
7589	0
7590	0
7591	0
7592	0
7593	0
7594	0
7595	0
7596	1
7597	0
7598	0
7599	0
7600	1
7601	1
7602	1
7603	2
7604	0
7605	0
7606	0
7607	0
7608	0
7609	0
7610	0
7611	0
7612	0
7613	0
7614	1
7615	1
7616	0
7617	0
7618	0
7619	1
7620	1
7621	1
7622	0
7623	0
7624	0
7625	0
7626	0
7627	0
7628	0
7629	0
7630	0
7631	0
7632	0
7633	0
7634	0
7635	0
7636	1
7637	0
7638	0
7639	1
7640	0
7641	0
7642	0
7643	2
7644	0
7645	0
7646	0
7647	0
7648	0
7649	0
7650	0
7651	0
7652	0
7653	1
7654	1
7655	0
7656	0
7657	0
7658	1
7659	1
7660	0
7661	0
7662	1
7663	1
7664	1
7665	0
7666	0
7667	0
7668	1
7669	0
7670	0
7671	0
7672	1
7673	0
7674	0
7675	0
7676	0
7677	1
7678	0
7679	0
7680	0
7681	1
7682	0
7683	1
7684	1
7685	0
7686	0
7687	1
7688	1
7689	0
7690	0
7691	0
7692	1
7693	0
7694	0
7695	0
7696	0
7697	0
7698	0
7699	1
7700	0
7701	0
7702	2
7703	1
7704	1
7705	0
7706	1
7707	0
7708	1
7709	0
7710	0
7711	0
7712	1
7713	1
7714	0
7715	0
7716	0
7717	0
7718	1
7719	0
7720	1
7721	0
7722	0
7723	0
7724	1
7725	0
7726	0
7727	0
7728	0
7729	0
7730	1
7731	0
7732	1
7733	0
7734	2
7735	0
7736	0
7737	0
7738	0
7739	0
7740	1
7741	0
7742	0
7743	1
7744	0
7745	0
7746	1
7747	0
7748	2
7749	0
7750	3
7751	0
7752	1
7753	1
7754	0
7755	0
7756	1
7757	0
7758	0
7759	0
7760	0
7761	0
7762	0
7763	0
7764	0
7765	0
7766	0
7767	0
7768	1
7769	0
7770	0
7771	0
7772	0
7773	0
7774	0
7775	0
7776	0
7777	0
7778	1
7779	0
7780	0
7781	0
7782	0
7783	1
7784	0
7785	0
7786	0
7787	0
7788	0
7789	1
7790	0
7791	0
7792	0
7793	0
7794	0
7795	1
7796	1
7797	0
7798	0
7799	0
7800	0
7801	1
7802	0
7803	0
7804	0
7805	0
7806	1
7807	2
7808	0
7809	0
7810	1
7811	0
7812	0
7813	0
7814	0
7815	2
7816	0
7817	0
7818	1
7819	0
7820	0
7821	0
7822	0
7823	1
7824	1
7825	0
7826	1
7827	0
7828	0
7829	0
7830	0
7831	1
7832	0
7833	0
7834	0
7835	0
7836	0
7837	0
7838	0
7839	0
7840	0
7841	0
7842	0
7843	0
7844	1
7845	0
7846	0
7847	1
7848	0
7849	0
7850	0
7851	0
7852	1
7853	0
7854	1
7855	0
7856	0
7857	0
7858	0
7859	0
7860	0
7861	0
7862	0
7863	0
7864	0
7865	0
7866	0
7867	0
7868	1
7869	0
7870	2
7871	0
7872	0
7873	0
7874	0
7875	0
7876	0
7877	0
7878	0
7879	0
7880	1
7881	0
7882	0
7883	0
7884	1
7885	0
7886	0
7887	0
7888	0
7889	0
7890	0
7891	0
7892	0
7893	0
7894	0
7895	1
7896	0
7897	0
7898	0
7899	0
7900	0
7901	0
7902	0
7903	1
7904	0
7905	0
7906	0
7907	0
7908	0
7909	1
7910	0
7911	0
7912	0
7913	0
7914	0
7915	0
7916	0
7917	0
7918	0
7919	1
7920	0
7921	0
7922	0
7923	0
7924	0
7925	0
7926	0
7927	0
7928	0
7929	1
7930	0
7931	0
7932	1
7933	0
7934	0
7935	0
7936	0
7937	0
7938	0
7939	0
7940	0
7941	0
7942	0
7943	0
7944	0
7945	0
7946	0
7947	0
7948	1
7949	0
7950	0
7951	0
7952	0
7953	1
7954	0
7955	0
7956	0
7957	0
7958	0
7959	0
7960	1
7961	0
7962	0
7963	0
7964	1
7965	0
7966	0
7967	1
7968	0
7969	0
7970	0
7971	0
7972	0
7973	1
7974	0
7975	0
7976	0
7977	0
7978	0
7979	0
7980	0
7981	0
7982	0
7983	0
7984	0
7985	1
7986	1
7987	0
7988	0
7989	0
7990	0
7991	0
7992	0
7993	0
7994	0
7995	0
7996	0
7997	0
7998	0
7999	0
8000	1
8001	1
8002	1
8003	0
8004	0
8005	0
8006	0
8007	0
8008	0
8009	1
8010	0
8011	0
8012	0
8013	1
8014	0
8015	0
8016	0
8017	0
8018	0
8019	0
8020	0
8021	0
8022	0
8023	0
8024	0
8025	0
8026	0
8027	1
8028	0
8029	0
8030	0
8031	0
8032	0
8033	0
8034	0
8035	1
8036	1
8037	0
8038	0
8039	0
8040	0
8041	0
8042	0
8043	0
8044	0
8045	0
8046	0
8047	0
8048	0
8049	0
8050	0
8051	0
8052	0
8053	0
8054	0
8055	0
8056	0
8057	0
8058	0
8059	0
8060	0
8061	0
8062	0
8063	0
8064	0
8065	0
8066	0
8067	0
8068	0
8069	0
8070	0
8071	0
8072	0
8073	0
8074	0
8075	0
8076	0
8077	0
8078	0
8079	0
8080	0
8081	0
8082	0
8083	0
8084	0
8085	0
8086	0
8087	0
8088	0
8089	0
8090	0
8091	0
8092	0
8093	0
8094	0
8095	0
8096	0
8097	0
8098	0
8099	0
8100	0
8101	0
8102	0
8103	0
8104	0
8105	0
8106	0
8107	0
8108	0
8109	0
8110	0
8111	0
8112	0
8113	0
8114	0
8115	0
8116	0
8117	0
8118	0
8119	0
8120	0
8121	0
8122	0
8123	0
8124	0
8125	0
8126	0
8127	0
8128	0
8129	0
8130	0
8131	0
8132	0
8133	0
8134	0
8135	0
8136	0
8137	0
8138	0
8139	0
8140	0
8141	0
8142	0
8143	0
8144	0
8145	0
8146	0
8147	0
8148	0
8149	0
8150	0
8151	0
8152	0
8153	0
8154	0
8155	0
8156	0
8157	0
8158	0
8159	0
8160	0
8161	0
8162	0
8163	0
8164	0
8165	0
8166	0
8167	0
8168	0
8169	0
8170	0
8171	0
8172	0
8173	0
8174	0
8175	0
8176	0
8177	0
8178	0
8179	0
8180	0
8181	0
8182	0
8183	0
8184	0
8185	0
8186	0
8187	0
8188	0
8189	0
8190	0
8191	0
