0	0
1	0
2	0
3	0
4	0
5	0
6	0
7	0
8	0
9	0
10	0
11	0
12	0
13	0
14	0
15	0
16	0
17	0
18	0
19	0
20	0
21	0
22	0
23	0
24	0
25	0
26	0
27	0
28	0
29	0
30	0
31	0
32	0
33	0
34	0
35	0
36	0
37	0
38	0
39	0
40	0
41	0
42	0
43	0
44	0
45	0
46	0
47	0
48	0
49	0
50	0
51	0
52	0
53	0
54	0
55	0
56	0
57	0
58	0
59	0
60	0
61	0
62	0
63	0
64	0
65	0
66	0
67	0
68	0
69	0
70	0
71	0
72	0
73	0
74	0
75	0
76	0
77	0
78	0
79	0
80	0
81	0
82	0
83	0
84	0
85	0
86	0
87	0
88	0
89	0
90	0
91	0
92	0
93	0
94	0
95	0
96	0
97	0
98	0
99	0
100	0
101	0
102	0
103	0
104	0
105	0
106	0
107	0
108	0
109	0
110	0
111	0
112	0
113	0
114	0
115	0
116	0
117	0
118	0
119	0
120	0
121	0
122	0
123	0
124	0
125	0
126	0
127	0
128	0
129	0
130	0
131	0
132	0
133	0
134	0
135	0
136	0
137	0
138	0
139	0
140	0
141	0
142	0
143	0
144	0
145	0
146	0
147	0
148	0
149	0
150	0
151	0
152	0
153	0
154	0
155	0
156	0
157	0
158	0
159	0
160	0
161	0
162	0
163	0
164	0
165	0
166	0
167	0
168	0
169	0
170	0
171	0
172	0
173	0
174	0
175	0
176	1
177	0
178	1
179	2
180	2
181	1
182	4
183	1
184	4
185	1
186	1
187	3
188	5
189	3
190	9
191	6
192	18
193	22
194	27
195	37
196	52
197	51
198	57
199	74
200	89
201	92
202	95
203	97
204	92
205	97
206	105
207	80
208	82
209	94
210	102
211	95
212	104
213	105
214	78
215	97
216	85
217	107
218	95
219	93
220	98
221	108
222	87
223	92
224	104
225	98
226	104
227	102
228	93
229	93
230	100
231	89
232	92
233	95
234	94
235	106
236	105
237	103
238	111
239	103
240	93
241	103
242	101
243	95
244	101
245	108
246	127
247	129
248	101
249	123
250	97
251	110
252	122
253	110
254	99
255	99
256	119
257	118
258	104
259	117
260	130
261	85
262	117
263	110
264	110
265	110
266	111
267	106
268	98
269	109
270	103
271	105
272	100
273	94
274	111
275	118
276	117
277	106
278	104
279	121
280	119
281	139
282	129
283	119
284	105
285	119
286	129
287	94
288	110
289	107
290	130
291	106
292	116
293	124
294	122
295	135
296	128
297	109
298	134
299	120
300	130
301	127
302	126
303	124
304	137
305	136
306	139
307	150
308	137
309	135
310	136
311	120
312	113
313	122
314	135
315	138
316	141
317	139
318	112
319	136
320	129
321	130
322	152
323	137
324	130
325	130
326	135
327	139
328	164
329	138
330	141
331	150
332	138
333	134
334	127
335	122
336	146
337	132
338	160
339	152
340	153
341	134
342	148
343	132
344	152
345	147
346	132
347	135
348	147
349	153
350	148
351	161
352	158
353	159
354	155
355	151
356	165
357	145
358	164
359	173
360	176
361	152
362	158
363	146
364	154
365	145
366	158
367	166
368	151
369	161
370	153
371	166
372	157
373	183
374	168
375	168
376	164
377	147
378	174
379	159
380	169
381	187
382	161
383	191
384	181
385	200
386	180
387	188
388	173
389	164
390	187
391	164
392	170
393	181
394	187
395	167
396	184
397	183
398	170
399	174
400	201
401	205
402	185
403	183
404	181
405	190
406	176
407	168
408	188
409	196
410	201
411	166
412	180
413	194
414	189
415	175
416	213
417	160
418	194
419	181
420	172
421	175
422	208
423	194
424	180
425	206
426	204
427	171
428	200
429	201
430	214
431	196
432	177
433	208
434	186
435	231
436	207
437	200
438	209
439	210
440	239
441	204
442	206
443	222
444	232
445	193
446	223
447	219
448	219
449	225
450	234
451	219
452	226
453	227
454	239
455	241
456	216
457	248
458	237
459	210
460	229
461	238
462	215
463	212
464	253
465	240
466	231
467	231
468	232
469	217
470	224
471	224
472	244
473	222
474	218
475	218
476	234
477	223
478	218
479	235
480	259
481	254
482	281
483	246
484	227
485	274
486	257
487	233
488	277
489	236
490	226
491	273
492	246
493	245
494	254
495	258
496	261
497	261
498	276
499	246
500	255
501	280
502	266
503	271
504	263
505	268
506	254
507	271
508	246
509	250
510	287
511	249
512	264
513	259
514	270
515	260
516	319
517	296
518	303
519	276
520	286
521	288
522	300
523	270
524	291
525	288
526	256
527	294
528	273
529	294
530	265
531	267
532	315
533	285
534	300
535	282
536	306
537	285
538	311
539	285
540	306
541	304
542	282
543	297
544	346
545	332
546	264
547	298
548	307
549	290
550	322
551	307
552	326
553	305
554	292
555	303
556	287
557	329
558	317
559	305
560	314
561	347
562	334
563	331
564	351
565	342
566	332
567	325
568	337
569	326
570	339
571	351
572	313
573	321
574	341
575	341
576	319
577	351
578	367
579	360
580	343
581	329
582	338
583	366
584	349
585	371
586	349
587	353
588	353
589	320
590	353
591	361
592	376
593	352
594	368
595	365
596	388
597	377
598	348
599	400
600	370
601	394
602	370
603	392
604	386
605	371
606	391
607	375
608	395
609	409
610	406
611	372
612	360
613	377
614	421
615	406
616	362
617	414
618	415
619	406
620	382
621	369
622	372
623	389
624	392
625	424
626	424
627	397
628	416
629	410
630	446
631	402
632	374
633	399
634	404
635	411
636	465
637	418
638	432
639	394
640	475
641	443
642	409
643	396
644	431
645	466
646	450
647	430
648	417
649	447
650	425
651	466
652	463
653	432
654	417
655	444
656	467
657	496
658	461
659	462
660	430
661	465
662	474
663	454
664	449
665	466
666	457
667	481
668	453
669	457
670	447
671	446
672	497
673	496
674	480
675	475
676	516
677	478
678	493
679	438
680	506
681	478
682	512
683	488
684	475
685	517
686	510
687	514
688	536
689	500
690	504
691	488
692	511
693	515
694	489
695	579
696	509
697	495
698	535
699	552
700	529
701	545
702	586
703	549
704	571
705	553
706	511
707	563
708	538
709	542
710	560
711	565
712	581
713	537
714	552
715	567
716	537
717	551
718	560
719	553
720	572
721	495
722	529
723	531
724	551
725	603
726	557
727	560
728	594
729	566
730	586
731	581
732	600
733	605
734	626
735	587
736	617
737	608
738	619
739	621
740	562
741	616
742	632
743	598
744	597
745	656
746	634
747	614
748	665
749	625
750	641
751	627
752	609
753	615
754	662
755	653
756	717
757	670
758	670
759	668
760	677
761	660
762	687
763	676
764	694
765	655
766	646
767	636
768	671
769	692
770	688
771	683
772	660
773	712
774	639
775	702
776	674
777	718
778	708
779	751
780	700
781	676
782	681
783	720
784	721
785	704
786	717
787	722
788	730
789	724
790	687
791	713
792	831
793	746
794	716
795	684
796	736
797	735
798	802
799	760
800	760
801	800
802	741
803	735
804	818
805	784
806	733
807	741
808	783
809	818
810	787
811	778
812	783
813	797
814	806
815	847
816	760
817	789
818	835
819	839
820	788
821	816
822	837
823	844
824	773
825	782
826	875
827	852
828	795
829	894
830	840
831	828
832	837
833	823
834	810
835	943
836	855
837	854
838	849
839	920
840	869
841	949
842	836
843	843
844	884
845	873
846	915
847	910
848	968
849	922
850	920
851	890
852	911
853	913
854	891
855	935
856	910
857	917
858	938
859	954
860	953
861	983
862	969
863	979
864	915
865	927
866	955
867	965
868	987
869	922
870	971
871	979
872	953
873	970
874	989
875	992
876	1021
877	1001
878	938
879	1073
880	1010
881	1009
882	1021
883	985
884	1064
885	1010
886	1020
887	1040
888	1090
889	1061
890	1059
891	1081
892	1062
893	1053
894	1082
895	1088
896	1068
897	1091
898	1071
899	1076
900	1152
901	1093
902	1062
903	1083
904	1119
905	1122
906	1126
907	1146
908	1111
909	1103
910	1118
911	1186
912	1169
913	1107
914	1228
915	1125
916	1172
917	1189
918	1137
919	1133
920	1124
921	1135
922	1103
923	1144
924	1193
925	1208
926	1087
927	1188
928	1204
929	1238
930	1181
931	1232
932	1220
933	1256
934	1203
935	1218
936	1225
937	1221
938	1239
939	1248
940	1237
941	1261
942	1268
943	1225
944	1217
945	1282
946	1243
947	1257
948	1234
949	1225
950	1235
951	1344
952	1263
953	1319
954	1351
955	1293
956	1305
957	1320
958	1340
959	1361
960	1322
961	1404
962	1307
963	1340
964	1325
965	1340
966	1379
967	1367
968	1365
969	1340
970	1393
971	1358
972	1377
973	1349
974	1405
975	1398
976	1350
977	1458
978	1428
979	1360
980	1380
981	1387
982	1427
983	1354
984	1437
985	1396
986	1493
987	1412
988	1502
989	1426
990	1498
991	1455
992	1468
993	1506
994	1490
995	1465
996	1446
997	1609
998	1514
999	1569
1000	1515
1001	1475
1002	1523
1003	1554
1004	1542
1005	1673
1006	1579
1007	1521
1008	1566
1009	1525
1010	1561
1011	1582
1012	1600
1013	1546
1014	1665
1015	1573
1016	1527
1017	1639
1018	1617
1019	1650
1020	1667
1021	1725
1022	1604
1023	1629
1024	1604
1025	1664
1026	1660
1027	1653
1028	1642
1029	1710
1030	1647
1031	1697
1032	1662
1033	1664
1034	1690
1035	1695
1036	1776
1037	1763
1038	1754
1039	1782
1040	1641
1041	1760
1042	1735
1043	1769
1044	1812
1045	1783
1046	1728
1047	1824
1048	1787
1049	1768
1050	1770
1051	1847
1052	1680
1053	1839
1054	1818
1055	1870
1056	1907
1057	1882
1058	1939
1059	1857
1060	1853
1061	1825
1062	1826
1063	1824
1064	1882
1065	1888
1066	1909
1067	1924
1068	1923
1069	1997
1070	1989
1071	1978
1072	1871
1073	1895
1074	1995
1075	1949
1076	1940
1077	1983
1078	2023
1079	1950
1080	1964
1081	2020
1082	2074
1083	1974
1084	2017
1085	1932
1086	1993
1087	2122
1088	2055
1089	2088
1090	2007
1091	2111
1092	2073
1093	2143
1094	2050
1095	2074
1096	2079
1097	2087
1098	2145
1099	2096
1100	2138
1101	2113
1102	2057
1103	2213
1104	2113
1105	2208
1106	2154
1107	2148
1108	2195
1109	2143
1110	2271
1111	2167
1112	2205
1113	2132
1114	2281
1115	2264
1116	2192
1117	2162
1118	2168
1119	2209
1120	2300
1121	2245
1122	2255
1123	2310
1124	2269
1125	2341
1126	2306
1127	2326
1128	2307
1129	2398
1130	2364
1131	2342
1132	2332
1133	2254
1134	2340
1135	2447
1136	2301
1137	2325
1138	2353
1139	2359
1140	2318
1141	2392
1142	2347
1143	2521
1144	2477
1145	2460
1146	2447
1147	2413
1148	2524
1149	2498
1150	2602
1151	2454
1152	2476
1153	2443
1154	2458
1155	2511
1156	2495
1157	2573
1158	2566
1159	2574
1160	2630
1161	2608
1162	2544
1163	2655
1164	2643
1165	2567
1166	2602
1167	2697
1168	2733
1169	2685
1170	2636
1171	2620
1172	2590
1173	2689
1174	2737
1175	2743
1176	2691
1177	2692
1178	2610
1179	2766
1180	2754
1181	2810
1182	2765
1183	2790
1184	2759
1185	2846
1186	2754
1187	2861
1188	2817
1189	2791
1190	2787
1191	2789
1192	2880
1193	2854
1194	2877
1195	2816
1196	2829
1197	2939
1198	2947
1199	2877
1200	2915
1201	3012
1202	2953
1203	2990
1204	2998
1205	2997
1206	3038
1207	2970
1208	2996
1209	3088
1210	3007
1211	3027
1212	3075
1213	3028
1214	3158
1215	3081
1216	3048
1217	3016
1218	3109
1219	3047
1220	3079
1221	3191
1222	3071
1223	3144
1224	3120
1225	3171
1226	3233
1227	3208
1228	3045
1229	3176
1230	3272
1231	3288
1232	3261
1233	3275
1234	3298
1235	3311
1236	3285
1237	3164
1238	3350
1239	3337
1240	3295
1241	3267
1242	3348
1243	3292
1244	3302
1245	3318
1246	3369
1247	3386
1248	3279
1249	3328
1250	3380
1251	3377
1252	3462
1253	3429
1254	3394
1255	3483
1256	3540
1257	3526
1258	3496
1259	3490
1260	3486
1261	3538
1262	3528
1263	3579
1264	3548
1265	3461
1266	3584
1267	3618
1268	3638
1269	3582
1270	3672
1271	3552
1272	3688
1273	3677
1274	3737
1275	3638
1276	3652
1277	3769
1278	3635
1279	3706
1280	3681
1281	3727
1282	3815
1283	3909
1284	3759
1285	3964
1286	3914
1287	3794
1288	3946
1289	3774
1290	3719
1291	3818
1292	3808
1293	3857
1294	3981
1295	3943
1296	4106
1297	3929
1298	4013
1299	3919
1300	3989
1301	4087
1302	3992
1303	3991
1304	3953
1305	3928
1306	4065
1307	3988
1308	4103
1309	4097
1310	4099
1311	4008
1312	4051
1313	4108
1314	4126
1315	4058
1316	4247
1317	4174
1318	4130
1319	4196
1320	4245
1321	4080
1322	4221
1323	4374
1324	4177
1325	4261
1326	4228
1327	4255
1328	4331
1329	4425
1330	4280
1331	4397
1332	4482
1333	4256
1334	4439
1335	4307
1336	4443
1337	4419
1338	4464
1339	4390
1340	4399
1341	4450
1342	4403
1343	4358
1344	4420
1345	4664
1346	4568
1347	4472
1348	4740
1349	4632
1350	4604
1351	4483
1352	4563
1353	4729
1354	4677
1355	4562
1356	4675
1357	4771
1358	4561
1359	4609
1360	4766
1361	4700
1362	4900
1363	4766
1364	4811
1365	4735
1366	4733
1367	4687
1368	4809
1369	4714
1370	4917
1371	4890
1372	4847
1373	4812
1374	4856
1375	4942
1376	5049
1377	4992
1378	4838
1379	4996
1380	4944
1381	4938
1382	4982
1383	5117
1384	4992
1385	5155
1386	5038
1387	5138
1388	4996
1389	5131
1390	5173
1391	5130
1392	5113
1393	5064
1394	5059
1395	5201
1396	5106
1397	5225
1398	5147
1399	5316
1400	5213
1401	5265
1402	5247
1403	5318
1404	5269
1405	5380
1406	5253
1407	5187
1408	5422
1409	5454
1410	5342
1411	5444
1412	5413
1413	5394
1414	5457
1415	5417
1416	5484
1417	5440
1418	5522
1419	5550
1420	5421
1421	5452
1422	5419
1423	5537
1424	5439
1425	5603
1426	5549
1427	5591
1428	5565
1429	5563
1430	5672
1431	5697
1432	5601
1433	5631
1434	5547
1435	5779
1436	5675
1437	5721
1438	5648
1439	5771
1440	5931
1441	5731
1442	5736
1443	5681
1444	5762
1445	5938
1446	5786
1447	5892
1448	5777
1449	5922
1450	5853
1451	5741
1452	5835
1453	5960
1454	5835
1455	6105
1456	5970
1457	6070
1458	6024
1459	6006
1460	6054
1461	5917
1462	5970
1463	6007
1464	6181
1465	6275
1466	6225
1467	6166
1468	6048
1469	6254
1470	6211
1471	6122
1472	6081
1473	6106
1474	6193
1475	6202
1476	6224
1477	6235
1478	6247
1479	6299
1480	6213
1481	6474
1482	6312
1483	6357
1484	6338
1485	6361
1486	6330
1487	6353
1488	6382
1489	6447
1490	6344
1491	6432
1492	6430
1493	6458
1494	6468
1495	6479
1496	6583
1497	6469
1498	6527
1499	6391
1500	6448
1501	6665
1502	6673
1503	6525
1504	6588
1505	6578
1506	6525
1507	6744
1508	6535
1509	6671
1510	6647
1511	6749
1512	6580
1513	6715
1514	6715
1515	6725
1516	6598
1517	6701
1518	6614
1519	6670
1520	6789
1521	6893
1522	6919
1523	6800
1524	6876
1525	6856
1526	6902
1527	6956
1528	6946
1529	7032
1530	6869
1531	6836
1532	6862
1533	6908
1534	6859
1535	7047
1536	7064
1537	7027
1538	7044
1539	6997
1540	7074
1541	7036
1542	7169
1543	7027
1544	7138
1545	7123
1546	6999
1547	7204
1548	7238
1549	7121
1550	7339
1551	7246
1552	7192
1553	7205
1554	7132
1555	7092
1556	7223
1557	7180
1558	7400
1559	7105
1560	7355
1561	7159
1562	7416
1563	7254
1564	7394
1565	7478
1566	7396
1567	7308
1568	7367
1569	7367
1570	7341
1571	7291
1572	7429
1573	7418
1574	7493
1575	7368
1576	7487
1577	7530
1578	7499
1579	7489
1580	7631
1581	7465
1582	7510
1583	7643
1584	7512
1585	7537
1586	7555
1587	7558
1588	7530
1589	7625
1590	7524
1591	7543
1592	7686
1593	7668
1594	7674
1595	7632
1596	7858
1597	7635
1598	7789
1599	7683
1600	7590
1601	7747
1602	7770
1603	7855
1604	7552
1605	7776
1606	7715
1607	7806
1608	7807
1609	7786
1610	7892
1611	7920
1612	7843
1613	7745
1614	7768
1615	7858
1616	7851
1617	7888
1618	7853
1619	7896
1620	7851
1621	7935
1622	8006
1623	7964
1624	7904
1625	7927
1626	7956
1627	7901
1628	7787
1629	8015
1630	7999
1631	7939
1632	7996
1633	7959
1634	8228
1635	8050
1636	8053
1637	8129
1638	8017
1639	8108
1640	8112
1641	7929
1642	8059
1643	8107
1644	8310
1645	8066
1646	7973
1647	8111
1648	8239
1649	8103
1650	8327
1651	8094
1652	8201
1653	8203
1654	8114
1655	8216
1656	8236
1657	8249
1658	8011
1659	8010
1660	8263
1661	8513
1662	8241
1663	8210
1664	8289
1665	8141
1666	8205
1667	8283
1668	8247
1669	8276
1670	8174
1671	8228
1672	8247
1673	8185
1674	8178
1675	8378
1676	8322
1677	8332
1678	8331
1679	8383
1680	8369
1681	8303
1682	8453
1683	8522
1684	8483
1685	8384
1686	8370
1687	8286
1688	8576
1689	8300
1690	8347
1691	8551
1692	8346
1693	8373
1694	8390
1695	8270
1696	8424
1697	8415
1698	8341
1699	8477
1700	8452
1701	8276
1702	8516
1703	8389
1704	8420
1705	8278
1706	8335
1707	8428
1708	8473
1709	8431
1710	8492
1711	8462
1712	8314
1713	8399
1714	8444
1715	8403
1716	8430
1717	8475
1718	8365
1719	8609
1720	8517
1721	8481
1722	8459
1723	8505
1724	8438
1725	8391
1726	8552
1727	8313
1728	8526
1729	8564
1730	8641
1731	8499
1732	8551
1733	8371
1734	8508
1735	8410
1736	8393
1737	8502
1738	8362
1739	8472
1740	8434
1741	8526
1742	8530
1743	8520
1744	8638
1745	8384
1746	8631
1747	8561
1748	8401
1749	8552
1750	8549
1751	8408
1752	8477
1753	8460
1754	8338
1755	8315
1756	8455
1757	8299
1758	8573
1759	8514
1760	8364
1761	8384
1762	8625
1763	8398
1764	8374
1765	8635
1766	8385
1767	8652
1768	8462
1769	8477
1770	8512
1771	8554
1772	8497
1773	8472
1774	8475
1775	8472
1776	8640
1777	8487
1778	8529
1779	8395
1780	8522
1781	8435
1782	8387
1783	8651
1784	8353
1785	8154
1786	8437
1787	8490
1788	8607
1789	8430
1790	8636
1791	8428
1792	8309
1793	8338
1794	8407
1795	8410
1796	8326
1797	8418
1798	8166
1799	8340
1800	8467
1801	8473
1802	8487
1803	8313
1804	8438
1805	8163
1806	8463
1807	8436
1808	8388
1809	8227
1810	8152
1811	8396
1812	8334
1813	8309
1814	8367
1815	8315
1816	8300
1817	8238
1818	8401
1819	8372
1820	8370
1821	8388
1822	8500
1823	8343
1824	8183
1825	8319
1826	8352
1827	8439
1828	8230
1829	8128
1830	8316
1831	8425
1832	8051
1833	8287
1834	8143
1835	8269
1836	8298
1837	8401
1838	8449
1839	8303
1840	8420
1841	8231
1842	8107
1843	8133
1844	8218
1845	8363
1846	8332
1847	8079
1848	8222
1849	8323
1850	8278
1851	8100
1852	8110
1853	8077
1854	8192
1855	8337
1856	7986
1857	8059
1858	8104
1859	8056
1860	8008
1861	8089
1862	8219
1863	8217
1864	8014
1865	8270
1866	8138
1867	8092
1868	7951
1869	7939
1870	7991
1871	7941
1872	7919
1873	8036
1874	7896
1875	7912
1876	7872
1877	7930
1878	8068
1879	8193
1880	8034
1881	8078
1882	7935
1883	8114
1884	8098
1885	7985
1886	7919
1887	7870
1888	7947
1889	7875
1890	7883
1891	7974
1892	7832
1893	7845
1894	7871
1895	7903
1896	7973
1897	8031
1898	7839
1899	7846
1900	7737
1901	7695
1902	8007
1903	7897
1904	7702
1905	7765
1906	7675
1907	7742
1908	7763
1909	7804
1910	7732
1911	7700
1912	7876
1913	7791
1914	7610
1915	7756
1916	7544
1917	7642
1918	7773
1919	7643
1920	7703
1921	7638
1922	7511
1923	7745
1924	7815
1925	7847
1926	7549
1927	7575
1928	7680
1929	7650
1930	7647
1931	7790
1932	7581
1933	7531
1934	7544
1935	7536
1936	7675
1937	7581
1938	7802
1939	7623
1940	7556
1941	7565
1942	7619
1943	7506
1944	7553
1945	7496
1946	7530
1947	7524
1948	7424
1949	7421
1950	7737
1951	7459
1952	7517
1953	7338
1954	7449
1955	7401
1956	7302
1957	7390
1958	7325
1959	7397
1960	7446
1961	7272
1962	7483
1963	7442
1964	7347
1965	7477
1966	7297
1967	7335
1968	7279
1969	7309
1970	7320
1971	7253
1972	7236
1973	7237
1974	7541
1975	7307
1976	7423
1977	7143
1978	7387
1979	7271
1980	7069
1981	7249
1982	7353
1983	7356
1984	7085
1985	7288
1986	7279
1987	7236
1988	7271
1989	7260
1990	7265
1991	7065
1992	7127
1993	7014
1994	7099
1995	7121
1996	7006
1997	7162
1998	7079
1999	7011
2000	6965
2001	6960
2002	7133
2003	6980
2004	6919
2005	6984
2006	6954
2007	7069
2008	7055
2009	6911
2010	7074
2011	6952
2012	6980
2013	6954
2014	6914
2015	6869
2016	6891
2017	6954
2018	6750
2019	6919
2020	6897
2021	6724
2022	6804
2023	7065
2024	6752
2025	6788
2026	6876
2027	6913
2028	6903
2029	6668
2030	6869
2031	6818
2032	6850
2033	6722
2034	6842
2035	6763
2036	6735
2037	6908
2038	6700
2039	6765
2040	6588
2041	6708
2042	6532
2043	6702
2044	6744
2045	6685
2046	6710
2047	6701
2048	6675
2049	6503
2050	6563
2051	6593
2052	6604
2053	6671
2054	6568
2055	6736
2056	6517
2057	6636
2058	6501
2059	6634
2060	6479
2061	6537
2062	6410
2063	6681
2064	6641
2065	6589
2066	6460
2067	6564
2068	6628
2069	6636
2070	6498
2071	6480
2072	6433
2073	6454
2074	6342
2075	6383
2076	6446
2077	6513
2078	6366
2079	6554
2080	6494
2081	6485
2082	6355
2083	6504
2084	6441
2085	6412
2086	6355
2087	6335
2088	6297
2089	6319
2090	6379
2091	6339
2092	6429
2093	6485
2094	6299
2095	6284
2096	6360
2097	6281
2098	6263
2099	6301
2100	6183
2101	6181
2102	6099
2103	6301
2104	6234
2105	6143
2106	6221
2107	6170
2108	6243
2109	6083
2110	6035
2111	6122
2112	6038
2113	6192
2114	6174
2115	6062
2116	6098
2117	6221
2118	6106
2119	6042
2120	6013
2121	6199
2122	6081
2123	5956
2124	6150
2125	5994
2126	5950
2127	6028
2128	6092
2129	5987
2130	6007
2131	5998
2132	6077
2133	5889
2134	5997
2135	5953
2136	6032
2137	6037
2138	5803
2139	5963
2140	5911
2141	5867
2142	5908
2143	6008
2144	6025
2145	5992
2146	5895
2147	5844
2148	5982
2149	5838
2150	5805
2151	5697
2152	5877
2153	5826
2154	5744
2155	5792
2156	5732
2157	5755
2158	5801
2159	5742
2160	5881
2161	5736
2162	5804
2163	5811
2164	5754
2165	5703
2166	5656
2167	5842
2168	5740
2169	5612
2170	5788
2171	5641
2172	5690
2173	5596
2174	5567
2175	5688
2176	5609
2177	5649
2178	5575
2179	5649
2180	5525
2181	5713
2182	5711
2183	5580
2184	5593
2185	5617
2186	5522
2187	5581
2188	5438
2189	5449
2190	5588
2191	5708
2192	5655
2193	5637
2194	5456
2195	5421
2196	5570
2197	5585
2198	5430
2199	5541
2200	5503
2201	5451
2202	5615
2203	5371
2204	5367
2205	5466
2206	5445
2207	5385
2208	5388
2209	5374
2210	5421
2211	5449
2212	5404
2213	5414
2214	5408
2215	5443
2216	5416
2217	5430
2218	5345
2219	5466
2220	5359
2221	5465
2222	5346
2223	5401
2224	5344
2225	5352
2226	5342
2227	5095
2228	5122
2229	5236
2230	5201
2231	5218
2232	5251
2233	5177
2234	5230
2235	5180
2236	5203
2237	5286
2238	5161
2239	5133
2240	5148
2241	5173
2242	5163
2243	5049
2244	5113
2245	5102
2246	5083
2247	5154
2248	5099
2249	5092
2250	5144
2251	5034
2252	5012
2253	5115
2254	5164
2255	5155
2256	5019
2257	4997
2258	5104
2259	4996
2260	4994
2261	5003
2262	4939
2263	4989
2264	5099
2265	4808
2266	5003
2267	4907
2268	5045
2269	5049
2270	4830
2271	4970
2272	4855
2273	4887
2274	4969
2275	4905
2276	4786
2277	4887
2278	4973
2279	4968
2280	4817
2281	4881
2282	4874
2283	4865
2284	4885
2285	4855
2286	4770
2287	4860
2288	4842
2289	4891
2290	4731
2291	4802
2292	4808
2293	4876
2294	4869
2295	4770
2296	4738
2297	4620
2298	4677
2299	4774
2300	4730
2301	4775
2302	4809
2303	4780
2304	4636
2305	4709
2306	4701
2307	4600
2308	4663
2309	4565
2310	4651
2311	4683
2312	4682
2313	4785
2314	4700
2315	4679
2316	4687
2317	4633
2318	4734
2319	4680
2320	4605
2321	4596
2322	4705
2323	4714
2324	4485
2325	4608
2326	4574
2327	4495
2328	4591
2329	4636
2330	4477
2331	4578
2332	4582
2333	4525
2334	4577
2335	4565
2336	4427
2337	4482
2338	4468
2339	4502
2340	4533
2341	4533
2342	4509
2343	4492
2344	4479
2345	4470
2346	4407
2347	4512
2348	4528
2349	4506
2350	4437
2351	4256
2352	4431
2353	4466
2354	4634
2355	4403
2356	4336
2357	4386
2358	4356
2359	4403
2360	4286
2361	4301
2362	4447
2363	4406
2364	4314
2365	4400
2366	4452
2367	4256
2368	4310
2369	4309
2370	4349
2371	4446
2372	4278
2373	4300
2374	4246
2375	4404
2376	4273
2377	4240
2378	4298
2379	4259
2380	4185
2381	4357
2382	4284
2383	4253
2384	4269
2385	4221
2386	4219
2387	4238
2388	4210
2389	4179
2390	4196
2391	4141
2392	4181
2393	4069
2394	4048
2395	4211
2396	4164
2397	4099
2398	4155
2399	4115
2400	4267
2401	4098
2402	4116
2403	4098
2404	4089
2405	4294
2406	4139
2407	4059
2408	4077
2409	4031
2410	4093
2411	4097
2412	4088
2413	4109
2414	4040
2415	4000
2416	4044
2417	4091
2418	4081
2419	4051
2420	4125
2421	3888
2422	3954
2423	4114
2424	3926
2425	3969
2426	3921
2427	4050
2428	3959
2429	4028
2430	4035
2431	3857
2432	4000
2433	3948
2434	4130
2435	4057
2436	3874
2437	3978
2438	3930
2439	3875
2440	3914
2441	3869
2442	3907
2443	3857
2444	4017
2445	3893
2446	3802
2447	3875
2448	3998
2449	3845
2450	3902
2451	3914
2452	3951
2453	3839
2454	3888
2455	3906
2456	3937
2457	3836
2458	3847
2459	3760
2460	3817
2461	3855
2462	3817
2463	3719
2464	3769
2465	3817
2466	3643
2467	3725
2468	3850
2469	3857
2470	3741
2471	3783
2472	3738
2473	3867
2474	3734
2475	3690
2476	3666
2477	3655
2478	3659
2479	3609
2480	3765
2481	3669
2482	3764
2483	3652
2484	3732
2485	3766
2486	3654
2487	3673
2488	3607
2489	3589
2490	3591
2491	3654
2492	3663
2493	3627
2494	3619
2495	3701
2496	3609
2497	3579
2498	3631
2499	3600
2500	3530
2501	3600
2502	3578
2503	3640
2504	3647
2505	3455
2506	3567
2507	3565
2508	3491
2509	3538
2510	3527
2511	3478
2512	3551
2513	3442
2514	3613
2515	3501
2516	3424
2517	3543
2518	3489
2519	3514
2520	3498
2521	3496
2522	3434
2523	3516
2524	3527
2525	3441
2526	3420
2527	3500
2528	3438
2529	3548
2530	3529
2531	3479
2532	3397
2533	3344
2534	3457
2535	3346
2536	3416
2537	3373
2538	3452
2539	3357
2540	3495
2541	3332
2542	3250
2543	3349
2544	3421
2545	3383
2546	3344
2547	3432
2548	3370
2549	3420
2550	3301
2551	3378
2552	3276
2553	3295
2554	3225
2555	3375
2556	3250
2557	3319
2558	3234
2559	3305
2560	3331
2561	3213
2562	3318
2563	3379
2564	3201
2565	3240
2566	3237
2567	3198
2568	3261
2569	3234
2570	3317
2571	3263
2572	3368
2573	3183
2574	3304
2575	3210
2576	3181
2577	3274
2578	3233
2579	3246
2580	3252
2581	3124
2582	3244
2583	3234
2584	3171
2585	3222
2586	3172
2587	3195
2588	3168
2589	3141
2590	3132
2591	3100
2592	3160
2593	3259
2594	3351
2595	3187
2596	3288
2597	3210
2598	3068
2599	3126
2600	3163
2601	3103
2602	3156
2603	3161
2604	3063
2605	3056
2606	3077
2607	3045
2608	3132
2609	3153
2610	3086
2611	3077
2612	3072
2613	3030
2614	3104
2615	2997
2616	2978
2617	3007
2618	2971
2619	3029
2620	3138
2621	3106
2622	3025
2623	3008
2624	3009
2625	2966
2626	3012
2627	3008
2628	2973
2629	3076
2630	3011
2631	2959
2632	2929
2633	2957
2634	3007
2635	2993
2636	2980
2637	2971
2638	3016
2639	2955
2640	2930
2641	2939
2642	2935
2643	2984
2644	2879
2645	3015
2646	2896
2647	2900
2648	2970
2649	2891
2650	2877
2651	3007
2652	2853
2653	2928
2654	2923
2655	2837
2656	2813
2657	2877
2658	2895
2659	2805
2660	2851
2661	2831
2662	2907
2663	2836
2664	2857
2665	2819
2666	2859
2667	2791
2668	2855
2669	2815
2670	2713
2671	2800
2672	2882
2673	2728
2674	2722
2675	2887
2676	2813
2677	2748
2678	2746
2679	2809
2680	2670
2681	2886
2682	2780
2683	2765
2684	2787
2685	2839
2686	2710
2687	2719
2688	2817
2689	2752
2690	2697
2691	2792
2692	2738
2693	2649
2694	2730
2695	2736
2696	2652
2697	2607
2698	2708
2699	2759
2700	2695
2701	2691
2702	2676
2703	2784
2704	2621
2705	2679
2706	2595
2707	2680
2708	2716
2709	2609
2710	2600
2711	2637
2712	2705
2713	2733
2714	2621
2715	2643
2716	2749
2717	2616
2718	2701
2719	2604
2720	2666
2721	2600
2722	2576
2723	2628
2724	2685
2725	2630
2726	2630
2727	2626
2728	2595
2729	2593
2730	2567
2731	2608
2732	2605
2733	2551
2734	2709
2735	2527
2736	2592
2737	2631
2738	2545
2739	2588
2740	2507
2741	2576
2742	2557
2743	2561
2744	2541
2745	2574
2746	2481
2747	2386
2748	2503
2749	2513
2750	2478
2751	2387
2752	2497
2753	2504
2754	2499
2755	2545
2756	2570
2757	2529
2758	2544
2759	2468
2760	2476
2761	2362
2762	2396
2763	2548
2764	2499
2765	2474
2766	2446
2767	2445
2768	2435
2769	2509
2770	2526
2771	2424
2772	2480
2773	2474
2774	2435
2775	2386
2776	2424
2777	2384
2778	2401
2779	2457
2780	2404
2781	2477
2782	2437
2783	2329
2784	2421
2785	2325
2786	2327
2787	2337
2788	2437
2789	2449
2790	2484
2791	2412
2792	2280
2793	2381
2794	2261
2795	2400
2796	2365
2797	2363
2798	2393
2799	2269
2800	2281
2801	2296
2802	2361
2803	2267
2804	2351
2805	2298
2806	2379
2807	2308
2808	2396
2809	2320
2810	2280
2811	2281
2812	2280
2813	2288
2814	2259
2815	2333
2816	2322
2817	2226
2818	2286
2819	2284
2820	2253
2821	2266
2822	2295
2823	2175
2824	2344
2825	2296
2826	2261
2827	2270
2828	2170
2829	2239
2830	2233
2831	2241
2832	2261
2833	2243
2834	2263
2835	2274
2836	2234
2837	2206
2838	2219
2839	2219
2840	2168
2841	2185
2842	2265
2843	2236
2844	2145
2845	2232
2846	2262
2847	2196
2848	2142
2849	2121
2850	2178
2851	2176
2852	2204
2853	2156
2854	2112
2855	2191
2856	2139
2857	2096
2858	2178
2859	2185
2860	2158
2861	2139
2862	2199
2863	2194
2864	2137
2865	2197
2866	2175
2867	2219
2868	2164
2869	2056
2870	2112
2871	2042
2872	2135
2873	2077
2874	2066
2875	2135
2876	2099
2877	2067
2878	2017
2879	2065
2880	2096
2881	2076
2882	2106
2883	2084
2884	2119
2885	2036
2886	2069
2887	2015
2888	2014
2889	2083
2890	2048
2891	2065
2892	2068
2893	2038
2894	2001
2895	2113
2896	1993
2897	2009
2898	2037
2899	2084
2900	2089
2901	1987
2902	1994
2903	2018
2904	2061
2905	2040
2906	2027
2907	2064
2908	1933
2909	1970
2910	1933
2911	2031
2912	1976
2913	1996
2914	1999
2915	2076
2916	1999
2917	2016
2918	1976
2919	1996
2920	2039
2921	2015
2922	2084
2923	1940
2924	1942
2925	1951
2926	1910
2927	1990
2928	1996
2929	1895
2930	1980
2931	1988
2932	1946
2933	1998
2934	1987
2935	1987
2936	1917
2937	1937
2938	1940
2939	1929
2940	1903
2941	1973
2942	1954
2943	1932
2944	1909
2945	1939
2946	1871
2947	1792
2948	1995
2949	1887
2950	1864
2951	1857
2952	1878
2953	1913
2954	1880
2955	1825
2956	1912
2957	1879
2958	1922
2959	1821
2960	1816
2961	1879
2962	1925
2963	1868
2964	1789
2965	1816
2966	1928
2967	1861
2968	1771
2969	1824
2970	1859
2971	1860
2972	1849
2973	1916
2974	1879
2975	1886
2976	1847
2977	1776
2978	1837
2979	1791
2980	1879
2981	1792
2982	1869
2983	1803
2984	1748
2985	1914
2986	1840
2987	1878
2988	1851
2989	1807
2990	1771
2991	1794
2992	1786
2993	1818
2994	1821
2995	1817
2996	1747
2997	1724
2998	1771
2999	1800
3000	1765
3001	1768
3002	1721
3003	1715
3004	1790
3005	1726
3006	1768
3007	1725
3008	1716
3009	1769
3010	1743
3011	1757
3012	1737
3013	1799
3014	1650
3015	1739
3016	1707
3017	1686
3018	1725
3019	1740
3020	1709
3021	1738
3022	1679
3023	1732
3024	1728
3025	1659
3026	1668
3027	1660
3028	1652
3029	1595
3030	1754
3031	1660
3032	1722
3033	1685
3034	1727
3035	1666
3036	1672
3037	1724
3038	1693
3039	1709
3040	1620
3041	1660
3042	1678
3043	1683
3044	1638
3045	1654
3046	1604
3047	1667
3048	1620
3049	1669
3050	1676
3051	1606
3052	1705
3053	1645
3054	1613
3055	1661
3056	1673
3057	1696
3058	1710
3059	1609
3060	1652
3061	1702
3062	1617
3063	1711
3064	1593
3065	1558
3066	1617
3067	1592
3068	1615
3069	1659
3070	1597
3071	1626
3072	1672
3073	1650
3074	1554
3075	1654
3076	1562
3077	1604
3078	1571
3079	1538
3080	1611
3081	1550
3082	1589
3083	1531
3084	1557
3085	1593
3086	1544
3087	1598
3088	1641
3089	1539
3090	1570
3091	1563
3092	1587
3093	1505
3094	1557
3095	1570
3096	1467
3097	1481
3098	1565
3099	1593
3100	1521
3101	1571
3102	1612
3103	1559
3104	1557
3105	1513
3106	1554
3107	1479
3108	1537
3109	1530
3110	1577
3111	1547
3112	1465
3113	1497
3114	1530
3115	1452
3116	1499
3117	1504
3118	1543
3119	1523
3120	1505
3121	1483
3122	1425
3123	1503
3124	1526
3125	1496
3126	1459
3127	1480
3128	1452
3129	1452
3130	1468
3131	1506
3132	1452
3133	1489
3134	1448
3135	1477
3136	1438
3137	1460
3138	1442
3139	1422
3140	1435
3141	1415
3142	1483
3143	1415
3144	1385
3145	1493
3146	1398
3147	1425
3148	1403
3149	1352
3150	1453
3151	1378
3152	1458
3153	1455
3154	1443
3155	1430
3156	1432
3157	1404
3158	1466
3159	1396
3160	1404
3161	1421
3162	1444
3163	1420
3164	1510
3165	1406
3166	1417
3167	1350
3168	1332
3169	1427
3170	1391
3171	1343
3172	1354
3173	1366
3174	1393
3175	1421
3176	1375
3177	1339
3178	1342
3179	1416
3180	1307
3181	1340
3182	1347
3183	1380
3184	1366
3185	1413
3186	1360
3187	1364
3188	1372
3189	1331
3190	1412
3191	1356
3192	1357
3193	1368
3194	1267
3195	1319
3196	1359
3197	1319
3198	1354
3199	1285
3200	1392
3201	1361
3202	1344
3203	1286
3204	1273
3205	1312
3206	1378
3207	1321
3208	1365
3209	1322
3210	1271
3211	1269
3212	1350
3213	1316
3214	1264
3215	1312
3216	1270
3217	1260
3218	1246
3219	1372
3220	1277
3221	1255
3222	1313
3223	1298
3224	1241
3225	1264
3226	1221
3227	1337
3228	1278
3229	1318
3230	1287
3231	1234
3232	1282
3233	1277
3234	1294
3235	1255
3236	1212
3237	1211
3238	1265
3239	1250
3240	1210
3241	1308
3242	1316
3243	1293
3244	1267
3245	1267
3246	1234
3247	1216
3248	1231
3249	1209
3250	1267
3251	1215
3252	1211
3253	1273
3254	1213
3255	1229
3256	1244
3257	1201
3258	1248
3259	1188
3260	1212
3261	1213
3262	1232
3263	1236
3264	1187
3265	1263
3266	1214
3267	1127
3268	1204
3269	1217
3270	1211
3271	1199
3272	1219
3273	1202
3274	1187
3275	1285
3276	1061
3277	1136
3278	1227
3279	1156
3280	1195
3281	1139
3282	1142
3283	1178
3284	1183
3285	1145
3286	1238
3287	1152
3288	1178
3289	1161
3290	1190
3291	1160
3292	1163
3293	1131
3294	1133
3295	1150
3296	1227
3297	1123
3298	1140
3299	1160
3300	1152
3301	1144
3302	1142
3303	1113
3304	1129
3305	1158
3306	1146
3307	1112
3308	1205
3309	1165
3310	1144
3311	1070
3312	1142
3313	1058
3314	1129
3315	1136
3316	1189
3317	1115
3318	1119
3319	1158
3320	1112
3321	1065
3322	1154
3323	1122
3324	1133
3325	1151
3326	1109
3327	1168
3328	1128
3329	1055
3330	1142
3331	1089
3332	1162
3333	1091
3334	1169
3335	1037
3336	1062
3337	1084
3338	1093
3339	1114
3340	1073
3341	1108
3342	1081
3343	1105
3344	1050
3345	1111
3346	1182
3347	1111
3348	1080
3349	1051
3350	1101
3351	1097
3352	1071
3353	1047
3354	1088
3355	1036
3356	1039
3357	1063
3358	1113
3359	1034
3360	1166
3361	1094
3362	1049
3363	1056
3364	1072
3365	1111
3366	1021
3367	1044
3368	1108
3369	1102
3370	1060
3371	1060
3372	1024
3373	993
3374	1013
3375	1063
3376	1047
3377	1027
3378	1039
3379	1021
3380	1059
3381	1046
3382	1032
3383	1056
3384	1029
3385	1052
3386	1039
3387	1066
3388	1046
3389	1028
3390	971
3391	968
3392	1001
3393	1015
3394	1049
3395	1000
3396	1035
3397	974
3398	936
3399	1004
3400	988
3401	948
3402	1041
3403	975
3404	961
3405	1048
3406	989
3407	977
3408	981
3409	986
3410	1007
3411	1015
3412	1016
3413	995
3414	991
3415	951
3416	994
3417	968
3418	1016
3419	1031
3420	965
3421	964
3422	953
3423	970
3424	973
3425	986
3426	973
3427	991
3428	949
3429	999
3430	948
3431	959
3432	983
3433	955
3434	954
3435	1022
3436	1015
3437	968
3438	958
3439	936
3440	956
3441	903
3442	901
3443	958
3444	926
3445	947
3446	943
3447	927
3448	958
3449	938
3450	934
3451	908
3452	899
3453	933
3454	895
3455	939
3456	953
3457	899
3458	934
3459	927
3460	931
3461	941
3462	938
3463	906
3464	937
3465	953
3466	926
3467	896
3468	892
3469	944
3470	885
3471	905
3472	859
3473	891
3474	920
3475	912
3476	929
3477	850
3478	888
3479	865
3480	888
3481	861
3482	886
3483	860
3484	871
3485	902
3486	875
3487	876
3488	906
3489	846
3490	894
3491	890
3492	889
3493	905
3494	879
3495	842
3496	855
3497	856
3498	864
3499	902
3500	841
3501	861
3502	858
3503	887
3504	911
3505	883
3506	900
3507	906
3508	893
3509	865
3510	868
3511	836
3512	940
3513	866
3514	857
3515	883
3516	868
3517	889
3518	847
3519	860
3520	876
3521	832
3522	867
3523	832
3524	861
3525	837
3526	785
3527	843
3528	817
3529	892
3530	843
3531	870
3532	842
3533	834
3534	859
3535	867
3536	810
3537	809
3538	839
3539	850
3540	812
3541	852
3542	808
3543	786
3544	765
3545	842
3546	780
3547	801
3548	750
3549	794
3550	845
3551	797
3552	830
3553	853
3554	789
3555	804
3556	783
3557	827
3558	823
3559	832
3560	803
3561	783
3562	795
3563	791
3564	787
3565	723
3566	784
3567	755
3568	810
3569	784
3570	820
3571	814
3572	720
3573	789
3574	786
3575	828
3576	757
3577	770
3578	741
3579	796
3580	753
3581	787
3582	761
3583	790
3584	765
3585	778
3586	782
3587	754
3588	746
3589	724
3590	793
3591	790
3592	744
3593	755
3594	788
3595	698
3596	771
3597	760
3598	736
3599	708
3600	779
3601	739
3602	731
3603	744
3604	679
3605	752
3606	691
3607	753
3608	783
3609	770
3610	770
3611	755
3612	744
3613	774
3614	778
3615	702
3616	698
3617	683
3618	722
3619	701
3620	747
3621	709
3622	720
3623	741
3624	716
3625	720
3626	737
3627	725
3628	721
3629	708
3630	710
3631	741
3632	744
3633	667
3634	712
3635	731
3636	711
3637	748
3638	718
3639	693
3640	709
3641	699
3642	702
3643	717
3644	742
3645	699
3646	724
3647	708
3648	756
3649	687
3650	740
3651	711
3652	693
3653	727
3654	720
3655	678
3656	665
3657	705
3658	689
3659	677
3660	714
3661	676
3662	659
3663	682
3664	700
3665	691
3666	701
3667	698
3668	673
3669	668
3670	689
3671	668
3672	717
3673	712
3674	694
3675	662
3676	660
3677	686
3678	677
3679	652
3680	696
3681	692
3682	677
3683	685
3684	669
3685	692
3686	688
3687	709
3688	648
3689	667
3690	652
3691	709
3692	709
3693	689
3694	666
3695	661
3696	669
3697	657
3698	654
3699	674
3700	642
3701	659
3702	697
3703	639
3704	652
3705	642
3706	652
3707	678
3708	654
3709	622
3710	656
3711	617
3712	604
3713	634
3714	674
3715	628
3716	616
3717	640
3718	639
3719	636
3720	622
3721	634
3722	594
3723	637
3724	569
3725	686
3726	628
3727	611
3728	638
3729	662
3730	648
3731	619
3732	604
3733	631
3734	644
3735	634
3736	637
3737	607
3738	643
3739	606
3740	598
3741	638
3742	580
3743	661
3744	638
3745	617
3746	616
3747	663
3748	646
3749	600
3750	581
3751	608
3752	597
3753	613
3754	584
3755	600
3756	593
3757	622
3758	631
3759	623
3760	657
3761	566
3762	543
3763	576
3764	612
3765	609
3766	599
3767	634
3768	581
3769	626
3770	614
3771	594
3772	628
3773	542
3774	625
3775	627
3776	638
3777	612
3778	589
3779	570
3780	601
3781	602
3782	628
3783	584
3784	583
3785	574
3786	587
3787	603
3788	616
3789	582
3790	550
3791	558
3792	577
3793	593
3794	577
3795	579
3796	537
3797	539
3798	590
3799	585
3800	571
3801	563
3802	557
3803	570
3804	565
3805	587
3806	571
3807	587
3808	562
3809	555
3810	531
3811	516
3812	518
3813	579
3814	592
3815	558
3816	538
3817	577
3818	541
3819	519
3820	526
3821	618
3822	558
3823	520
3824	527
3825	578
3826	529
3827	503
3828	547
3829	548
3830	573
3831	522
3832	562
3833	592
3834	528
3835	561
3836	544
3837	546
3838	515
3839	494
3840	513
3841	529
3842	548
3843	580
3844	535
3845	538
3846	548
3847	561
3848	545
3849	513
3850	555
3851	524
3852	541
3853	502
3854	535
3855	538
3856	532
3857	599
3858	596
3859	493
3860	504
3861	497
3862	492
3863	533
3864	550
3865	549
3866	544
3867	504
3868	497
3869	525
3870	521
3871	521
3872	521
3873	513
3874	527
3875	523
3876	541
3877	537
3878	543
3879	527
3880	477
3881	508
3882	511
3883	503
3884	499
3885	508
3886	520
3887	505
3888	510
3889	515
3890	531
3891	505
3892	482
3893	546
3894	538
3895	506
3896	502
3897	497
3898	502
3899	490
3900	527
3901	507
3902	525
3903	509
3904	489
3905	464
3906	499
3907	525
3908	488
3909	486
3910	447
3911	471
3912	490
3913	485
3914	485
3915	481
3916	501
3917	497
3918	468
3919	444
3920	472
3921	520
3922	442
3923	498
3924	501
3925	484
3926	492
3927	425
3928	483
3929	483
3930	514
3931	449
3932	505
3933	483
3934	519
3935	440
3936	436
3937	480
3938	489
3939	451
3940	471
3941	453
3942	436
3943	479
3944	518
3945	445
3946	505
3947	463
3948	449
3949	496
3950	464
3951	451
3952	460
3953	436
3954	498
3955	465
3956	455
3957	454
3958	473
3959	474
3960	453
3961	427
3962	480
3963	511
3964	483
3965	427
3966	432
3967	508
3968	444
3969	458
3970	427
3971	451
3972	447
3973	478
3974	437
3975	442
3976	455
3977	463
3978	454
3979	445
3980	442
3981	444
3982	429
3983	456
3984	464
3985	468
3986	448
3987	453
3988	440
3989	407
3990	460
3991	415
3992	434
3993	458
3994	479
3995	428
3996	425
3997	461
3998	412
3999	433
4000	436
4001	450
4002	449
4003	424
4004	473
4005	457
4006	438
4007	389
4008	409
4009	434
4010	428
4011	414
4012	443
4013	437
4014	449
4015	392
4016	395
4017	404
4018	424
4019	386
4020	395
4021	450
4022	468
4023	452
4024	449
4025	427
4026	432
4027	406
4028	412
4029	420
4030	414
4031	383
4032	397
4033	415
4034	416
4035	415
4036	444
4037	415
4038	423
4039	404
4040	433
4041	412
4042	432
4043	391
4044	403
4045	400
4046	418
4047	410
4048	388
4049	393
4050	420
4051	401
4052	412
4053	415
4054	406
4055	419
4056	400
4057	399
4058	405
4059	431
4060	368
4061	407
4062	430
4063	383
4064	400
4065	399
4066	377
4067	389
4068	395
4069	406
4070	375
4071	370
4072	381
4073	412
4074	405
4075	383
4076	390
4077	373
4078	388
4079	395
4080	393
4081	382
4082	396
4083	382
4084	385
4085	357
4086	409
4087	426
4088	382
4089	418
4090	423
4091	357
4092	373
4093	405
4094	386
4095	421
4096	366
4097	338
4098	355
4099	394
4100	382
4101	371
4102	364
4103	364
4104	365
4105	358
4106	376
4107	386
4108	405
4109	379
4110	365
4111	353
4112	374
4113	362
4114	388
4115	354
4116	396
4117	398
4118	369
4119	362
4120	355
4121	377
4122	359
4123	369
4124	349
4125	364
4126	338
4127	350
4128	329
4129	359
4130	322
4131	362
4132	389
4133	358
4134	379
4135	378
4136	349
4137	356
4138	349
4139	374
4140	374
4141	372
4142	359
4143	367
4144	325
4145	378
4146	341
4147	360
4148	345
4149	335
4150	342
4151	337
4152	364
4153	355
4154	358
4155	367
4156	376
4157	350
4158	387
4159	341
4160	333
4161	376
4162	341
4163	345
4164	350
4165	359
4166	381
4167	350
4168	328
4169	339
4170	344
4171	344
4172	331
4173	376
4174	317
4175	350
4176	345
4177	375
4178	332
4179	325
4180	344
4181	346
4182	337
4183	332
4184	365
4185	332
4186	306
4187	362
4188	328
4189	369
4190	379
4191	331
4192	348
4193	313
4194	339
4195	313
4196	297
4197	347
4198	331
4199	329
4200	344
4201	321
4202	334
4203	309
4204	330
4205	359
4206	284
4207	330
4208	313
4209	294
4210	350
4211	292
4212	300
4213	370
4214	346
4215	293
4216	323
4217	315
4218	332
4219	297
4220	324
4221	330
4222	289
4223	307
4224	331
4225	341
4226	307
4227	305
4228	306
4229	315
4230	304
4231	322
4232	300
4233	319
4234	311
4235	330
4236	309
4237	276
4238	312
4239	298
4240	326
4241	313
4242	310
4243	292
4244	283
4245	306
4246	302
4247	298
4248	341
4249	288
4250	329
4251	310
4252	311
4253	310
4254	331
4255	292
4256	319
4257	315
4258	296
4259	310
4260	322
4261	279
4262	314
4263	306
4264	297
4265	278
4266	296
4267	292
4268	296
4269	298
4270	296
4271	282
4272	307
4273	305
4274	299
4275	323
4276	295
4277	294
4278	273
4279	286
4280	277
4281	279
4282	304
4283	312
4284	296
4285	320
4286	287
4287	280
4288	294
4289	279
4290	324
4291	287
4292	318
4293	281
4294	269
4295	265
4296	274
4297	269
4298	276
4299	272
4300	253
4301	269
4302	292
4303	319
4304	287
4305	302
4306	235
4307	248
4308	263
4309	289
4310	305
4311	273
4312	314
4313	273
4314	279
4315	294
4316	271
4317	275
4318	286
4319	292
4320	285
4321	281
4322	279
4323	308
4324	264
4325	274
4326	259
4327	271
4328	290
4329	256
4330	289
4331	278
4332	274
4333	287
4334	276
4335	250
4336	283
4337	265
4338	269
4339	262
4340	256
4341	269
4342	256
4343	274
4344	264
4345	262
4346	285
4347	264
4348	243
4349	260
4350	240
4351	286
4352	267
4353	256
4354	268
4355	274
4356	249
4357	269
4358	268
4359	250
4360	276
4361	246
4362	270
4363	258
4364	263
4365	290
4366	250
4367	245
4368	300
4369	239
4370	247
4371	270
4372	288
4373	288
4374	265
4375	258
4376	286
4377	243
4378	228
4379	243
4380	245
4381	266
4382	258
4383	252
4384	274
4385	245
4386	283
4387	254
4388	256
4389	235
4390	240
4391	256
4392	273
4393	275
4394	249
4395	261
4396	266
4397	228
4398	248
4399	257
4400	265
4401	227
4402	262
4403	240
4404	256
4405	267
4406	273
4407	255
4408	275
4409	258
4410	259
4411	243
4412	229
4413	238
4414	259
4415	241
4416	244
4417	252
4418	229
4419	230
4420	223
4421	238
4422	234
4423	233
4424	253
4425	229
4426	228
4427	257
4428	236
4429	232
4430	257
4431	226
4432	239
4433	230
4434	247
4435	242
4436	254
4437	238
4438	254
4439	232
4440	240
4441	240
4442	258
4443	263
4444	234
4445	234
4446	225
4447	241
4448	231
4449	251
4450	230
4451	223
4452	229
4453	224
4454	235
4455	239
4456	227
4457	239
4458	226
4459	225
4460	220
4461	215
4462	232
4463	237
4464	208
4465	194
4466	259
4467	223
4468	223
4469	229
4470	209
4471	219
4472	190
4473	238
4474	265
4475	222
4476	202
4477	209
4478	213
4479	220
4480	242
4481	228
4482	225
4483	202
4484	186
4485	220
4486	236
4487	226
4488	226
4489	201
4490	199
4491	229
4492	211
4493	231
4494	218
4495	225
4496	232
4497	225
4498	226
4499	210
4500	241
4501	219
4502	222
4503	192
4504	218
4505	219
4506	215
4507	215
4508	242
4509	185
4510	228
4511	221
4512	216
4513	190
4514	193
4515	215
4516	192
4517	210
4518	203
4519	211
4520	213
4521	208
4522	190
4523	218
4524	171
4525	203
4526	241
4527	225
4528	223
4529	218
4530	223
4531	189
4532	212
4533	218
4534	197
4535	199
4536	198
4537	203
4538	198
4539	199
4540	195
4541	211
4542	215
4543	196
4544	189
4545	224
4546	212
4547	213
4548	198
4549	187
4550	178
4551	198
4552	191
4553	216
4554	184
4555	216
4556	195
4557	200
4558	226
4559	178
4560	206
4561	187
4562	197
4563	205
4564	207
4565	193
4566	188
4567	180
4568	211
4569	213
4570	205
4571	183
4572	194
4573	235
4574	212
4575	182
4576	192
4577	187
4578	209
4579	225
4580	200
4581	204
4582	196
4583	193
4584	192
4585	184
4586	199
4587	176
4588	173
4589	196
4590	207
4591	199
4592	161
4593	185
4594	193
4595	186
4596	227
4597	168
4598	211
4599	154
4600	206
4601	201
4602	187
4603	190
4604	180
4605	166
4606	176
4607	173
4608	219
4609	175
4610	197
4611	192
4612	210
4613	191
4614	187
4615	160
4616	187
4617	196
4618	173
4619	184
4620	172
4621	189
4622	196
4623	161
4624	197
4625	164
4626	176
4627	194
4628	171
4629	199
4630	214
4631	180
4632	176
4633	163
4634	184
4635	180
4636	186
4637	182
4638	173
4639	166
4640	197
4641	172
4642	175
4643	184
4644	211
4645	177
4646	171
4647	185
4648	181
4649	173
4650	161
4651	139
4652	167
4653	161
4654	180
4655	167
4656	162
4657	184
4658	177
4659	171
4660	154
4661	178
4662	198
4663	172
4664	173
4665	158
4666	177
4667	175
4668	167
4669	163
4670	161
4671	169
4672	172
4673	192
4674	167
4675	154
4676	148
4677	176
4678	159
4679	182
4680	180
4681	171
4682	142
4683	208
4684	154
4685	183
4686	164
4687	157
4688	190
4689	188
4690	156
4691	157
4692	153
4693	171
4694	179
4695	173
4696	139
4697	171
4698	182
4699	152
4700	163
4701	151
4702	174
4703	167
4704	151
4705	189
4706	169
4707	160
4708	163
4709	168
4710	169
4711	167
4712	156
4713	124
4714	139
4715	173
4716	167
4717	172
4718	168
4719	185
4720	174
4721	157
4722	150
4723	150
4724	170
4725	182
4726	182
4727	139
4728	155
4729	152
4730	171
4731	145
4732	144
4733	165
4734	151
4735	155
4736	155
4737	147
4738	163
4739	157
4740	174
4741	165
4742	149
4743	175
4744	155
4745	144
4746	148
4747	146
4748	151
4749	158
4750	158
4751	153
4752	146
4753	142
4754	159
4755	144
4756	151
4757	151
4758	152
4759	172
4760	163
4761	146
4762	132
4763	151
4764	162
4765	133
4766	159
4767	149
4768	133
4769	161
4770	146
4771	142
4772	144
4773	133
4774	139
4775	166
4776	181
4777	158
4778	143
4779	142
4780	144
4781	160
4782	150
4783	148
4784	146
4785	174
4786	130
4787	141
4788	122
4789	170
4790	133
4791	134
4792	152
4793	162
4794	125
4795	119
4796	144
4797	134
4798	146
4799	150
4800	130
4801	127
4802	150
4803	132
4804	138
4805	132
4806	132
4807	134
4808	150
4809	130
4810	138
4811	140
4812	163
4813	144
4814	137
4815	150
4816	135
4817	134
4818	134
4819	135
4820	152
4821	126
4822	152
4823	163
4824	145
4825	158
4826	141
4827	148
4828	145
4829	157
4830	131
4831	124
4832	141
4833	135
4834	138
4835	140
4836	147
4837	161
4838	149
4839	149
4840	135
4841	131
4842	139
4843	141
4844	139
4845	138
4846	136
4847	140
4848	146
4849	139
4850	132
4851	133
4852	140
4853	133
4854	137
4855	148
4856	131
4857	135
4858	131
4859	134
4860	128
4861	140
4862	130
4863	115
4864	143
4865	137
4866	131
4867	124
4868	127
4869	140
4870	122
4871	147
4872	142
4873	130
4874	128
4875	135
4876	125
4877	141
4878	139
4879	110
4880	135
4881	125
4882	134
4883	123
4884	109
4885	133
4886	134
4887	122
4888	136
4889	137
4890	107
4891	126
4892	122
4893	121
4894	142
4895	127
4896	137
4897	138
4898	115
4899	124
4900	102
4901	122
4902	125
4903	114
4904	105
4905	134
4906	132
4907	116
4908	106
4909	126
4910	141
4911	143
4912	121
4913	128
4914	101
4915	127
4916	116
4917	117
4918	113
4919	119
4920	124
4921	133
4922	132
4923	124
4924	129
4925	141
4926	106
4927	124
4928	113
4929	114
4930	113
4931	126
4932	107
4933	137
4934	136
4935	123
4936	126
4937	122
4938	140
4939	106
4940	117
4941	125
4942	113
4943	118
4944	142
4945	119
4946	135
4947	116
4948	111
4949	114
4950	119
4951	107
4952	130
4953	135
4954	113
4955	115
4956	120
4957	107
4958	125
4959	139
4960	120
4961	133
4962	118
4963	144
4964	124
4965	130
4966	117
4967	115
4968	110
4969	116
4970	123
4971	112
4972	110
4973	111
4974	120
4975	126
4976	116
4977	118
4978	124
4979	117
4980	101
4981	119
4982	107
4983	112
4984	115
4985	103
4986	110
4987	123
4988	99
4989	110
4990	123
4991	104
4992	125
4993	126
4994	117
4995	111
4996	91
4997	123
4998	100
4999	107
5000	126
5001	102
5002	110
5003	113
5004	128
5005	116
5006	97
5007	109
5008	102
5009	108
5010	116
5011	103
5012	109
5013	108
5014	111
5015	108
5016	109
5017	119
5018	106
5019	107
5020	121
5021	100
5022	116
5023	107
5024	99
5025	93
5026	98
5027	97
5028	121
5029	104
5030	112
5031	106
5032	112
5033	107
5034	95
5035	125
5036	110
5037	113
5038	90
5039	89
5040	106
5041	98
5042	86
5043	116
5044	104
5045	105
5046	99
5047	105
5048	105
5049	93
5050	89
5051	93
5052	89
5053	111
5054	118
5055	102
5056	113
5057	94
5058	93
5059	98
5060	103
5061	117
5062	110
5063	108
5064	97
5065	100
5066	112
5067	95
5068	97
5069	101
5070	104
5071	108
5072	92
5073	97
5074	127
5075	96
5076	103
5077	109
5078	98
5079	87
5080	105
5081	83
5082	102
5083	89
5084	87
5085	93
5086	102
5087	90
5088	87
5089	99
5090	87
5091	105
5092	97
5093	95
5094	99
5095	102
5096	102
5097	97
5098	104
5099	84
5100	102
5101	98
5102	86
5103	89
5104	98
5105	94
5106	92
5107	90
5108	91
5109	112
5110	85
5111	99
5112	111
5113	83
5114	102
5115	97
5116	101
5117	103
5118	107
5119	91
5120	105
5121	86
5122	75
5123	97
5124	89
5125	106
5126	106
5127	107
5128	93
5129	91
5130	85
5131	86
5132	90
5133	100
5134	93
5135	89
5136	107
5137	99
5138	95
5139	101
5140	100
5141	82
5142	97
5143	90
5144	88
5145	92
5146	99
5147	83
5148	87
5149	94
5150	92
5151	86
5152	97
5153	74
5154	88
5155	98
5156	77
5157	103
5158	84
5159	76
5160	86
5161	94
5162	100
5163	80
5164	94
5165	81
5166	68
5167	94
5168	81
5169	85
5170	94
5171	83
5172	99
5173	80
5174	76
5175	89
5176	75
5177	80
5178	87
5179	78
5180	87
5181	82
5182	87
5183	84
5184	96
5185	101
5186	82
5187	108
5188	90
5189	91
5190	98
5191	79
5192	76
5193	89
5194	79
5195	83
5196	89
5197	85
5198	76
5199	87
5200	69
5201	74
5202	86
5203	84
5204	78
5205	94
5206	75
5207	87
5208	83
5209	80
5210	98
5211	69
5212	89
5213	83
5214	89
5215	93
5216	77
5217	98
5218	66
5219	80
5220	92
5221	73
5222	85
5223	75
5224	83
5225	90
5226	68
5227	80
5228	74
5229	76
5230	86
5231	87
5232	82
5233	65
5234	75
5235	89
5236	68
5237	90
5238	84
5239	83
5240	90
5241	79
5242	75
5243	81
5244	98
5245	71
5246	81
5247	79
5248	87
5249	84
5250	73
5251	81
5252	73
5253	80
5254	82
5255	79
5256	70
5257	89
5258	71
5259	69
5260	62
5261	81
5262	70
5263	75
5264	63
5265	73
5266	70
5267	82
5268	72
5269	107
5270	77
5271	80
5272	77
5273	85
5274	72
5275	80
5276	79
5277	64
5278	75
5279	82
5280	74
5281	90
5282	83
5283	70
5284	76
5285	78
5286	71
5287	91
5288	88
5289	79
5290	76
5291	81
5292	76
5293	66
5294	68
5295	73
5296	64
5297	69
5298	68
5299	81
5300	70
5301	62
5302	64
5303	72
5304	80
5305	73
5306	67
5307	71
5308	64
5309	74
5310	71
5311	60
5312	85
5313	85
5314	84
5315	70
5316	62
5317	91
5318	73
5319	69
5320	52
5321	61
5322	85
5323	75
5324	65
5325	77
5326	80
5327	79
5328	60
5329	66
5330	78
5331	79
5332	67
5333	75
5334	66
5335	86
5336	69
5337	61
5338	67
5339	73
5340	72
5341	92
5342	55
5343	70
5344	65
5345	61
5346	57
5347	51
5348	71
5349	70
5350	69
5351	63
5352	65
5353	65
5354	60
5355	66
5356	76
5357	76
5358	75
5359	59
5360	80
5361	68
5362	68
5363	69
5364	62
5365	56
5366	67
5367	69
5368	80
5369	67
5370	69
5371	67
5372	62
5373	67
5374	79
5375	68
5376	62
5377	61
5378	74
5379	56
5380	61
5381	81
5382	72
5383	78
5384	67
5385	80
5386	64
5387	59
5388	70
5389	72
5390	62
5391	65
5392	72
5393	55
5394	59
5395	47
5396	90
5397	59
5398	68
5399	59
5400	63
5401	76
5402	59
5403	67
5404	74
5405	74
5406	74
5407	61
5408	75
5409	55
5410	76
5411	72
5412	68
5413	67
5414	68
5415	58
5416	73
5417	61
5418	57
5419	55
5420	58
5421	68
5422	73
5423	58
5424	49
5425	59
5426	70
5427	70
5428	71
5429	55
5430	77
5431	59
5432	65
5433	63
5434	66
5435	48
5436	84
5437	53
5438	60
5439	44
5440	63
5441	50
5442	74
5443	60
5444	57
5445	65
5446	59
5447	41
5448	69
5449	65
5450	59
5451	63
5452	58
5453	54
5454	69
5455	65
5456	60
5457	55
5458	61
5459	39
5460	63
5461	57
5462	79
5463	60
5464	65
5465	53
5466	45
5467	52
5468	52
5469	64
5470	71
5471	51
5472	59
5473	57
5474	55
5475	63
5476	55
5477	62
5478	54
5479	68
5480	57
5481	48
5482	54
5483	46
5484	60
5485	58
5486	62
5487	48
5488	55
5489	59
5490	63
5491	56
5492	52
5493	57
5494	59
5495	44
5496	44
5497	55
5498	71
5499	57
5500	67
5501	60
5502	60
5503	53
5504	47
5505	54
5506	55
5507	58
5508	61
5509	61
5510	53
5511	57
5512	64
5513	54
5514	46
5515	50
5516	67
5517	53
5518	55
5519	67
5520	60
5521	50
5522	59
5523	47
5524	59
5525	70
5526	55
5527	48
5528	71
5529	49
5530	54
5531	53
5532	62
5533	54
5534	53
5535	55
5536	56
5537	58
5538	49
5539	63
5540	53
5541	53
5542	55
5543	51
5544	52
5545	51
5546	56
5547	63
5548	66
5549	65
5550	49
5551	62
5552	57
5553	42
5554	56
5555	71
5556	45
5557	58
5558	67
5559	49
5560	57
5561	58
5562	46
5563	52
5564	50
5565	54
5566	62
5567	51
5568	61
5569	57
5570	58
5571	43
5572	72
5573	40
5574	58
5575	47
5576	48
5577	75
5578	51
5579	50
5580	46
5581	48
5582	53
5583	56
5584	47
5585	55
5586	35
5587	50
5588	41
5589	63
5590	46
5591	45
5592	51
5593	48
5594	46
5595	45
5596	66
5597	58
5598	47
5599	52
5600	39
5601	35
5602	48
5603	53
5604	50
5605	42
5606	48
5607	48
5608	49
5609	39
5610	58
5611	53
5612	45
5613	54
5614	48
5615	48
5616	48
5617	58
5618	42
5619	65
5620	35
5621	40
5622	36
5623	63
5624	53
5625	56
5626	48
5627	51
5628	38
5629	45
5630	61
5631	47
5632	51
5633	52
5634	53
5635	32
5636	56
5637	44
5638	58
5639	36
5640	41
5641	52
5642	42
5643	45
5644	45
5645	51
5646	56
5647	58
5648	35
5649	61
5650	40
5651	51
5652	51
5653	69
5654	51
5655	53
5656	42
5657	49
5658	41
5659	46
5660	37
5661	48
5662	34
5663	41
5664	49
5665	48
5666	47
5667	35
5668	60
5669	46
5670	52
5671	39
5672	40
5673	53
5674	42
5675	47
5676	44
5677	45
5678	43
5679	54
5680	39
5681	39
5682	45
5683	44
5684	43
5685	52
5686	45
5687	46
5688	55
5689	39
5690	41
5691	40
5692	40
5693	31
5694	46
5695	45
5696	48
5697	43
5698	46
5699	46
5700	46
5701	44
5702	46
5703	48
5704	45
5705	49
5706	41
5707	36
5708	41
5709	42
5710	42
5711	38
5712	45
5713	47
5714	42
5715	46
5716	42
5717	35
5718	45
5719	47
5720	36
5721	46
5722	50
5723	45
5724	44
5725	41
5726	47
5727	50
5728	42
5729	47
5730	43
5731	44
5732	46
5733	52
5734	32
5735	29
5736	50
5737	44
5738	34
5739	35
5740	35
5741	47
5742	41
5743	40
5744	42
5745	41
5746	41
5747	33
5748	51
5749	35
5750	38
5751	52
5752	44
5753	37
5754	57
5755	42
5756	31
5757	49
5758	38
5759	35
5760	53
5761	35
5762	49
5763	46
5764	50
5765	37
5766	31
5767	30
5768	54
5769	53
5770	38
5771	50
5772	43
5773	27
5774	37
5775	42
5776	36
5777	29
5778	58
5779	49
5780	43
5781	55
5782	44
5783	34
5784	33
5785	42
5786	40
5787	41
5788	31
5789	42
5790	34
5791	36
5792	53
5793	46
5794	43
5795	35
5796	34
5797	28
5798	42
5799	39
5800	34
5801	41
5802	42
5803	40
5804	28
5805	38
5806	28
5807	32
5808	27
5809	37
5810	41
5811	43
5812	36
5813	35
5814	40
5815	47
5816	24
5817	44
5818	33
5819	27
5820	40
5821	51
5822	43
5823	31
5824	40
5825	40
5826	42
5827	37
5828	39
5829	33
5830	45
5831	33
5832	34
5833	39
5834	41
5835	40
5836	49
5837	41
5838	26
5839	32
5840	34
5841	38
5842	42
5843	45
5844	40
5845	32
5846	41
5847	32
5848	40
5849	41
5850	46
5851	28
5852	31
5853	39
5854	44
5855	45
5856	41
5857	38
5858	35
5859	45
5860	35
5861	32
5862	40
5863	46
5864	34
5865	39
5866	33
5867	35
5868	37
5869	34
5870	26
5871	31
5872	36
5873	44
5874	39
5875	35
5876	32
5877	37
5878	46
5879	34
5880	39
5881	38
5882	35
5883	49
5884	19
5885	32
5886	42
5887	40
5888	39
5889	36
5890	37
5891	32
5892	26
5893	31
5894	35
5895	40
5896	37
5897	40
5898	46
5899	39
5900	28
5901	31
5902	28
5903	35
5904	36
5905	36
5906	30
5907	26
5908	49
5909	33
5910	28
5911	37
5912	30
5913	44
5914	44
5915	23
5916	30
5917	34
5918	33
5919	26
5920	39
5921	38
5922	41
5923	27
5924	27
5925	38
5926	45
5927	41
5928	29
5929	28
5930	34
5931	39
5932	34
5933	38
5934	31
5935	40
5936	32
5937	27
5938	36
5939	41
5940	36
5941	39
5942	32
5943	33
5944	39
5945	43
5946	44
5947	30
5948	36
5949	32
5950	42
5951	36
5952	32
5953	37
5954	27
5955	37
5956	33
5957	35
5958	29
5959	29
5960	32
5961	25
5962	36
5963	26
5964	39
5965	37
5966	26
5967	40
5968	29
5969	28
5970	30
5971	29
5972	37
5973	33
5974	51
5975	45
5976	31
5977	28
5978	35
5979	34
5980	28
5981	30
5982	33
5983	28
5984	32
5985	35
5986	27
5987	36
5988	36
5989	27
5990	38
5991	32
5992	43
5993	21
5994	32
5995	27
5996	41
5997	31
5998	32
5999	30
6000	26
6001	34
6002	26
6003	40
6004	18
6005	32
6006	31
6007	27
6008	32
6009	28
6010	36
6011	44
6012	25
6013	29
6014	37
6015	40
6016	36
6017	29
6018	32
6019	27
6020	34
6021	26
6022	20
6023	28
6024	25
6025	30
6026	29
6027	30
6028	32
6029	39
6030	31
6031	32
6032	31
6033	31
6034	26
6035	34
6036	27
6037	20
6038	35
6039	28
6040	35
6041	32
6042	30
6043	30
6044	28
6045	23
6046	37
6047	26
6048	31
6049	24
6050	25
6051	37
6052	33
6053	33
6054	24
6055	36
6056	24
6057	20
6058	22
6059	32
6060	26
6061	30
6062	28
6063	35
6064	30
6065	33
6066	27
6067	28
6068	32
6069	31
6070	43
6071	18
6072	38
6073	23
6074	27
6075	24
6076	17
6077	30
6078	31
6079	29
6080	22
6081	45
6082	36
6083	35
6084	24
6085	28
6086	30
6087	27
6088	29
6089	29
6090	27
6091	34
6092	33
6093	24
6094	30
6095	35
6096	27
6097	18
6098	35
6099	23
6100	22
6101	26
6102	25
6103	18
6104	30
6105	27
6106	29
6107	28
6108	25
6109	23
6110	28
6111	22
6112	26
6113	29
6114	22
6115	27
6116	28
6117	25
6118	30
6119	27
6120	29
6121	19
6122	28
6123	30
6124	34
6125	26
6126	27
6127	29
6128	33
6129	36
6130	27
6131	34
6132	25
6133	25
6134	29
6135	20
6136	39
6137	20
6138	30
6139	26
6140	30
6141	23
6142	24
6143	39
6144	24
6145	26
6146	24
6147	39
6148	23
6149	25
6150	29
6151	27
6152	26
6153	28
6154	21
6155	22
6156	31
6157	25
6158	29
6159	27
6160	25
6161	36
6162	23
6163	41
6164	32
6165	19
6166	30
6167	34
6168	13
6169	25
6170	21
6171	30
6172	24
6173	20
6174	21
6175	25
6176	27
6177	23
6178	25
6179	27
6180	36
6181	32
6182	34
6183	26
6184	30
6185	24
6186	18
6187	26
6188	28
6189	24
6190	28
6191	26
6192	28
6193	31
6194	21
6195	23
6196	20
6197	24
6198	28
6199	35
6200	20
6201	30
6202	24
6203	26
6204	28
6205	22
6206	20
6207	19
6208	29
6209	25
6210	25
6211	27
6212	23
6213	33
6214	33
6215	27
6216	18
6217	20
6218	26
6219	8
6220	29
6221	27
6222	27
6223	33
6224	18
6225	29
6226	27
6227	33
6228	33
6229	24
6230	21
6231	32
6232	27
6233	11
6234	33
6235	24
6236	28
6237	29
6238	30
6239	25
6240	24
6241	28
6242	26
6243	21
6244	30
6245	20
6246	38
6247	29
6248	25
6249	30
6250	28
6251	28
6252	26
6253	27
6254	9
6255	23
6256	30
6257	33
6258	22
6259	20
6260	29
6261	35
6262	22
6263	26
6264	32
6265	15
6266	24
6267	25
6268	20
6269	25
6270	26
6271	16
6272	25
6273	21
6274	31
6275	21
6276	20
6277	14
6278	38
6279	27
6280	21
6281	19
6282	25
6283	15
6284	20
6285	22
6286	28
6287	24
6288	27
6289	22
6290	15
6291	22
6292	24
6293	25
6294	19
6295	26
6296	19
6297	23
6298	27
6299	31
6300	29
6301	19
6302	18
6303	31
6304	19
6305	19
6306	23
6307	24
6308	22
6309	22
6310	22
6311	18
6312	29
6313	25
6314	20
6315	23
6316	22
6317	19
6318	16
6319	18
6320	27
6321	26
6322	19
6323	19
6324	17
6325	28
6326	15
6327	23
6328	19
6329	21
6330	20
6331	13
6332	21
6333	27
6334	19
6335	25
6336	20
6337	15
6338	33
6339	35
6340	21
6341	13
6342	19
6343	21
6344	19
6345	23
6346	15
6347	22
6348	21
6349	24
6350	21
6351	17
6352	23
6353	25
6354	26
6355	19
6356	11
6357	22
6358	23
6359	17
6360	23
6361	28
6362	23
6363	19
6364	22
6365	16
6366	22
6367	14
6368	22
6369	25
6370	24
6371	15
6372	34
6373	23
6374	32
6375	29
6376	24
6377	19
6378	19
6379	19
6380	16
6381	16
6382	28
6383	18
6384	19
6385	15
6386	24
6387	19
6388	23
6389	14
6390	29
6391	16
6392	33
6393	18
6394	22
6395	24
6396	24
6397	27
6398	16
6399	14
6400	28
6401	30
6402	30
6403	27
6404	20
6405	21
6406	26
6407	16
6408	22
6409	22
6410	31
6411	22
6412	19
6413	19
6414	24
6415	18
6416	22
6417	15
6418	19
6419	17
6420	19
6421	21
6422	20
6423	16
6424	18
6425	21
6426	20
6427	28
6428	18
6429	24
6430	20
6431	25
6432	23
6433	20
6434	22
6435	21
6436	19
6437	33
6438	16
6439	14
6440	20
6441	15
6442	16
6443	17
6444	16
6445	15
6446	20
6447	29
6448	18
6449	14
6450	22
6451	20
6452	23
6453	18
6454	19
6455	26
6456	15
6457	25
6458	17
6459	21
6460	12
6461	20
6462	20
6463	19
6464	29
6465	14
6466	16
6467	15
6468	24
6469	17
6470	19
6471	24
6472	21
6473	23
6474	13
6475	22
6476	16
6477	16
6478	25
6479	10
6480	23
6481	21
6482	20
6483	23
6484	20
6485	25
6486	30
6487	21
6488	11
6489	22
6490	23
6491	11
6492	16
6493	25
6494	16
6495	16
6496	13
6497	18
6498	14
6499	22
6500	22
6501	21
6502	22
6503	29
6504	21
6505	26
6506	16
6507	14
6508	24
6509	13
6510	16
6511	23
6512	14
6513	19
6514	14
6515	15
6516	17
6517	23
6518	16
6519	9
6520	23
6521	20
6522	17
6523	20
6524	15
6525	17
6526	16
6527	20
6528	19
6529	15
6530	18
6531	11
6532	14
6533	15
6534	20
6535	18
6536	19
6537	22
6538	14
6539	24
6540	18
6541	17
6542	18
6543	18
6544	11
6545	19
6546	27
6547	15
6548	17
6549	19
6550	15
6551	22
6552	20
6553	17
6554	19
6555	17
6556	17
6557	15
6558	19
6559	19
6560	15
6561	23
6562	17
6563	20
6564	20
6565	17
6566	11
6567	12
6568	19
6569	10
6570	14
6571	14
6572	16
6573	13
6574	17
6575	12
6576	16
6577	18
6578	26
6579	14
6580	14
6581	15
6582	23
6583	14
6584	17
6585	17
6586	18
6587	18
6588	20
6589	18
6590	18
6591	12
6592	18
6593	13
6594	9
6595	14
6596	20
6597	16
6598	15
6599	17
6600	23
6601	11
6602	20
6603	21
6604	8
6605	15
6606	15
6607	8
6608	18
6609	20
6610	17
6611	9
6612	10
6613	17
6614	13
6615	10
6616	21
6617	17
6618	24
6619	12
6620	15
6621	11
6622	12
6623	20
6624	13
6625	17
6626	13
6627	16
6628	15
6629	22
6630	12
6631	22
6632	19
6633	11
6634	19
6635	14
6636	17
6637	14
6638	20
6639	16
6640	6
6641	22
6642	18
6643	16
6644	11
6645	17
6646	10
6647	15
6648	18
6649	20
6650	14
6651	17
6652	13
6653	14
6654	16
6655	21
6656	15
6657	18
6658	19
6659	17
6660	21
6661	19
6662	13
6663	17
6664	14
6665	21
6666	23
6667	17
6668	15
6669	18
6670	12
6671	6
6672	23
6673	15
6674	17
6675	20
6676	20
6677	10
6678	17
6679	21
6680	16
6681	17
6682	7
6683	14
6684	9
6685	19
6686	13
6687	18
6688	19
6689	19
6690	16
6691	13
6692	12
6693	15
6694	10
6695	14
6696	24
6697	14
6698	24
6699	21
6700	17
6701	10
6702	15
6703	20
6704	19
6705	15
6706	20
6707	14
6708	17
6709	20
6710	13
6711	19
6712	15
6713	9
6714	23
6715	11
6716	10
6717	13
6718	15
6719	13
6720	20
6721	9
6722	17
6723	5
6724	16
6725	20
6726	11
6727	7
6728	20
6729	21
6730	13
6731	12
6732	11
6733	16
6734	9
6735	16
6736	21
6737	9
6738	13
6739	19
6740	12
6741	18
6742	13
6743	16
6744	16
6745	19
6746	11
6747	17
6748	20
6749	18
6750	15
6751	15
6752	15
6753	14
6754	19
6755	19
6756	12
6757	10
6758	13
6759	12
6760	14
6761	14
6762	22
6763	13
6764	14
6765	14
6766	13
6767	15
6768	20
6769	17
6770	21
6771	12
6772	15
6773	13
6774	13
6775	13
6776	16
6777	22
6778	17
6779	25
6780	15
6781	16
6782	9
6783	14
6784	20
6785	16
6786	10
6787	7
6788	11
6789	13
6790	16
6791	14
6792	12
6793	13
6794	13
6795	13
6796	14
6797	26
6798	20
6799	22
6800	13
6801	12
6802	10
6803	17
6804	9
6805	14
6806	19
6807	12
6808	18
6809	11
6810	13
6811	8
6812	13
6813	17
6814	13
6815	9
6816	17
6817	9
6818	16
6819	12
6820	12
6821	12
6822	11
6823	15
6824	14
6825	18
6826	17
6827	14
6828	18
6829	5
6830	9
6831	24
6832	11
6833	23
6834	15
6835	14
6836	14
6837	10
6838	10
6839	20
6840	7
6841	9
6842	13
6843	13
6844	11
6845	18
6846	20
6847	10
6848	14
6849	18
6850	11
6851	13
6852	12
6853	15
6854	18
6855	16
6856	14
6857	13
6858	12
6859	8
6860	17
6861	11
6862	11
6863	21
6864	9
6865	9
6866	18
6867	10
6868	10
6869	15
6870	19
6871	13
6872	15
6873	13
6874	15
6875	17
6876	12
6877	17
6878	17
6879	20
6880	15
6881	19
6882	9
6883	15
6884	10
6885	10
6886	12
6887	15
6888	15
6889	17
6890	9
6891	12
6892	12
6893	14
6894	5
6895	8
6896	17
6897	14
6898	9
6899	9
6900	13
6901	13
6902	7
6903	7
6904	11
6905	14
6906	17
6907	13
6908	9
6909	9
6910	16
6911	18
6912	9
6913	10
6914	9
6915	11
6916	15
6917	7
6918	21
6919	8
6920	9
6921	17
6922	14
6923	14
6924	13
6925	11
6926	13
6927	8
6928	7
6929	14
6930	10
6931	9
6932	13
6933	13
6934	8
6935	8
6936	10
6937	16
6938	8
6939	16
6940	19
6941	10
6942	14
6943	13
6944	12
6945	11
6946	17
6947	18
6948	17
6949	22
6950	11
6951	10
6952	9
6953	12
6954	13
6955	8
6956	16
6957	16
6958	12
6959	8
6960	23
6961	13
6962	13
6963	18
6964	15
6965	10
6966	13
6967	10
6968	13
6969	9
6970	13
6971	12
6972	8
6973	18
6974	12
6975	10
6976	9
6977	13
6978	13
6979	13
6980	11
6981	14
6982	16
6983	14
6984	14
6985	13
6986	17
6987	12
6988	10
6989	12
6990	10
6991	13
6992	17
6993	12
6994	8
6995	20
6996	15
6997	7
6998	11
6999	15
7000	23
7001	12
7002	6
7003	10
7004	7
7005	10
7006	18
7007	13
7008	19
7009	13
7010	11
7011	10
7012	12
7013	8
7014	10
7015	21
7016	13
7017	9
7018	10
7019	11
7020	9
7021	18
7022	8
7023	18
7024	10
7025	17
7026	11
7027	8
7028	19
7029	11
7030	15
7031	24
7032	12
7033	15
7034	12
7035	16
7036	9
7037	5
7038	11
7039	10
7040	15
7041	13
7042	12
7043	13
7044	8
7045	11
7046	9
7047	10
7048	8
7049	11
7050	12
7051	5
7052	16
7053	14
7054	9
7055	13
7056	11
7057	17
7058	13
7059	12
7060	16
7061	12
7062	12
7063	7
7064	8
7065	11
7066	12
7067	13
7068	10
7069	8
7070	9
7071	13
7072	15
7073	16
7074	12
7075	9
7076	11
7077	10
7078	11
7079	11
7080	12
7081	12
7082	6
7083	10
7084	9
7085	11
7086	13
7087	16
7088	6
7089	7
7090	11
7091	4
7092	14
7093	16
7094	11
7095	14
7096	5
7097	12
7098	10
7099	11
7100	11
7101	16
7102	16
7103	13
7104	16
7105	13
7106	12
7107	15
7108	7
7109	7
7110	7
7111	9
7112	12
7113	12
7114	17
7115	11
7116	10
7117	12
7118	13
7119	9
7120	6
7121	8
7122	7
7123	6
7124	10
7125	8
7126	6
7127	12
7128	11
7129	13
7130	17
7131	9
7132	6
7133	9
7134	14
7135	9
7136	9
7137	12
7138	13
7139	11
7140	4
7141	10
7142	10
7143	16
7144	13
7145	10
7146	17
7147	13
7148	10
7149	14
7150	12
7151	8
7152	11
7153	13
7154	11
7155	9
7156	12
7157	8
7158	10
7159	13
7160	11
7161	11
7162	8
7163	6
7164	10
7165	13
7166	12
7167	16
7168	10
7169	10
7170	10
7171	13
7172	14
7173	13
7174	7
7175	13
7176	15
7177	10
7178	14
7179	15
7180	13
7181	9
7182	7
7183	13
7184	5
7185	8
7186	13
7187	11
7188	9
7189	4
7190	12
7191	10
7192	9
7193	6
7194	16
7195	17
7196	8
7197	14
7198	9
7199	19
7200	4
7201	7
7202	8
7203	13
7204	19
7205	7
7206	9
7207	8
7208	17
7209	12
7210	14
7211	11
7212	14
7213	15
7214	10
7215	9
7216	3
7217	7
7218	11
7219	11
7220	9
7221	8
7222	9
7223	12
7224	10
7225	13
7226	10
7227	8
7228	10
7229	12
7230	6
7231	5
7232	10
7233	10
7234	11
7235	13
7236	11
7237	18
7238	9
7239	14
7240	10
7241	15
7242	13
7243	9
7244	9
7245	5
7246	10
7247	10
7248	10
7249	17
7250	7
7251	15
7252	10
7253	7
7254	8
7255	10
7256	14
7257	10
7258	10
7259	12
7260	8
7261	14
7262	9
7263	8
7264	11
7265	8
7266	12
7267	8
7268	14
7269	18
7270	6
7271	14
7272	14
7273	19
7274	11
7275	10
7276	12
7277	11
7278	13
7279	12
7280	6
7281	9
7282	7
7283	5
7284	7
7285	9
7286	8
7287	20
7288	8
7289	13
7290	8
7291	9
7292	11
7293	9
7294	11
7295	8
7296	10
7297	10
7298	7
7299	14
7300	13
7301	11
7302	4
7303	8
7304	12
7305	8
7306	12
7307	9
7308	13
7309	13
7310	12
7311	13
7312	13
7313	7
7314	10
7315	9
7316	6
7317	15
7318	12
7319	6
7320	12
7321	13
7322	8
7323	10
7324	11
7325	11
7326	9
7327	15
7328	10
7329	10
7330	6
7331	16
7332	16
7333	11
7334	6
7335	6
7336	13
7337	6
7338	6
7339	11
7340	13
7341	10
7342	11
7343	11
7344	5
7345	15
7346	6
7347	7
7348	8
7349	12
7350	15
7351	10
7352	8
7353	9
7354	9
7355	7
7356	8
7357	19
7358	10
7359	9
7360	9
7361	10
7362	10
7363	19
7364	8
7365	10
7366	16
7367	9
7368	8
7369	11
7370	10
7371	11
7372	6
7373	8
7374	11
7375	11
7376	4
7377	6
7378	12
7379	9
7380	7
7381	8
7382	10
7383	7
7384	12
7385	5
7386	6
7387	7
7388	15
7389	6
7390	6
7391	7
7392	12
7393	4
7394	10
7395	17
7396	9
7397	3
7398	14
7399	14
7400	11
7401	17
7402	11
7403	10
7404	16
7405	7
7406	9
7407	9
7408	7
7409	14
7410	12
7411	9
7412	14
7413	13
7414	4
7415	5
7416	5
7417	10
7418	9
7419	7
7420	8
7421	12
7422	6
7423	9
7424	10
7425	9
7426	11
7427	9
7428	13
7429	16
7430	10
7431	7
7432	9
7433	9
7434	11
7435	9
7436	5
7437	7
7438	13
7439	10
7440	7
7441	10
7442	11
7443	6
7444	7
7445	9
7446	11
7447	7
7448	10
7449	10
7450	4
7451	10
7452	6
7453	11
7454	9
7455	9
7456	10
7457	8
7458	7
7459	6
7460	8
7461	6
7462	5
7463	13
7464	9
7465	4
7466	21
7467	14
7468	14
7469	10
7470	9
7471	11
7472	10
7473	7
7474	4
7475	9
7476	6
7477	11
7478	11
7479	8
7480	10
7481	7
7482	13
7483	9
7484	11
7485	4
7486	2
7487	11
7488	9
7489	7
7490	10
7491	4
7492	10
7493	12
7494	6
7495	7
7496	6
7497	6
7498	8
7499	8
7500	4
7501	10
7502	10
7503	8
7504	14
7505	10
7506	9
7507	5
7508	6
7509	9
7510	3
7511	8
7512	12
7513	10
7514	9
7515	10
7516	9
7517	6
7518	16
7519	15
7520	8
7521	11
7522	9
7523	11
7524	9
7525	10
7526	10
7527	11
7528	11
7529	8
7530	14
7531	7
7532	6
7533	17
7534	7
7535	10
7536	9
7537	7
7538	9
7539	8
7540	11
7541	4
7542	8
7543	7
7544	10
7545	9
7546	7
7547	8
7548	12
7549	13
7550	14
7551	4
7552	5
7553	7
7554	10
7555	6
7556	6
7557	7
7558	10
7559	5
7560	8
7561	9
7562	10
7563	7
7564	7
7565	9
7566	10
7567	4
7568	5
7569	12
7570	6
7571	5
7572	9
7573	17
7574	8
7575	9
7576	9
7577	11
7578	9
7579	7
7580	6
7581	7
7582	6
7583	6
7584	6
7585	12
7586	9
7587	11
7588	9
7589	14
7590	8
7591	11
7592	9
7593	13
7594	6
7595	10
7596	14
7597	5
7598	6
7599	7
7600	7
7601	7
7602	9
7603	10
7604	8
7605	11
7606	8
7607	2
7608	6
7609	12
7610	4
7611	9
7612	6
7613	11
7614	12
7615	10
7616	12
7617	11
7618	7
7619	6
7620	14
7621	11
7622	8
7623	10
7624	11
7625	3
7626	14
7627	8
7628	4
7629	10
7630	12
7631	10
7632	5
7633	11
7634	10
7635	11
7636	7
7637	8
7638	6
7639	4
7640	5
7641	6
7642	8
7643	4
7644	10
7645	6
7646	11
7647	9
7648	5
7649	11
7650	8
7651	12
7652	9
7653	11
7654	7
7655	6
7656	11
7657	10
7658	12
7659	9
7660	9
7661	6
7662	13
7663	6
7664	12
7665	6
7666	3
7667	8
7668	10
7669	13
7670	13
7671	9
7672	14
7673	5
7674	6
7675	8
7676	7
7677	11
7678	13
7679	8
7680	12
7681	9
7682	7
7683	7
7684	7
7685	10
7686	4
7687	12
7688	9
7689	11
7690	11
7691	9
7692	10
7693	6
7694	8
7695	15
7696	10
7697	11
7698	9
7699	5
7700	9
7701	11
7702	5
7703	10
7704	9
7705	11
7706	8
7707	16
7708	7
7709	2
7710	9
7711	5
7712	9
7713	6
7714	6
7715	4
7716	12
7717	6
7718	6
7719	9
7720	11
7721	9
7722	11
7723	3
7724	5
7725	8
7726	10
7727	7
7728	4
7729	9
7730	9
7731	10
7732	5
7733	10
7734	11
7735	8
7736	10
7737	8
7738	8
7739	13
7740	13
7741	7
7742	8
7743	6
7744	8
7745	7
7746	7
7747	13
7748	8
7749	5
7750	8
7751	5
7752	7
7753	8
7754	7
7755	7
7756	13
7757	4
7758	7
7759	7
7760	4
7761	5
7762	6
7763	4
7764	9
7765	7
7766	9
7767	9
7768	11
7769	9
7770	14
7771	10
7772	6
7773	7
7774	8
7775	8
7776	10
7777	9
7778	4
7779	9
7780	8
7781	7
7782	8
7783	5
7784	17
7785	6
7786	11
7787	10
7788	6
7789	11
7790	3
7791	6
7792	9
7793	5
7794	10
7795	5
7796	6
7797	7
7798	7
7799	5
7800	8
7801	5
7802	5
7803	8
7804	8
7805	8
7806	7
7807	6
7808	6
7809	7
7810	5
7811	12
7812	6
7813	8
7814	9
7815	11
7816	5
7817	12
7818	8
7819	11
7820	8
7821	8
7822	10
7823	8
7824	5
7825	8
7826	10
7827	7
7828	6
7829	7
7830	3
7831	7
7832	9
7833	5
7834	4
7835	6
7836	9
7837	9
7838	8
7839	7
7840	7
7841	7
7842	14
7843	8
7844	6
7845	11
7846	5
7847	9
7848	6
7849	8
7850	6
7851	7
7852	8
7853	9
7854	3
7855	8
7856	6
7857	10
7858	9
7859	8
7860	6
7861	10
7862	7
7863	6
7864	6
7865	6
7866	8
7867	5
7868	7
7869	9
7870	5
7871	7
7872	8
7873	10
7874	5
7875	9
7876	8
7877	10
7878	6
7879	8
7880	10
7881	8
7882	10
7883	13
7884	8
7885	13
7886	12
7887	10
7888	3
7889	3
7890	12
7891	6
7892	9
7893	4
7894	8
7895	9
7896	14
7897	8
7898	6
7899	2
7900	8
7901	10
7902	5
7903	8
7904	15
7905	11
7906	2
7907	8
7908	9
7909	6
7910	5
7911	8
7912	12
7913	8
7914	8
7915	5
7916	6
7917	7
7918	10
7919	4
7920	4
7921	7
7922	7
7923	4
7924	11
7925	6
7926	4
7927	11
7928	7
7929	13
7930	8
7931	11
7932	6
7933	3
7934	9
7935	11
7936	15
7937	6
7938	16
7939	11
7940	6
7941	6
7942	13
7943	7
7944	14
7945	6
7946	13
7947	9
7948	3
7949	10
7950	7
7951	6
7952	6
7953	8
7954	8
7955	12
7956	9
7957	6
7958	14
7959	10
7960	6
7961	5
7962	8
7963	15
7964	10
7965	8
7966	7
7967	7
7968	10
7969	9
7970	8
7971	6
7972	8
7973	8
7974	14
7975	5
7976	8
7977	9
7978	8
7979	10
7980	3
7981	9
7982	6
7983	9
7984	4
7985	6
7986	5
7987	8
7988	6
7989	8
7990	12
7991	6
7992	7
7993	14
7994	8
7995	6
7996	6
7997	10
7998	7
7999	7
8000	7
8001	10
8002	14
8003	9
8004	8
8005	4
8006	9
8007	2
8008	7
8009	7
8010	5
8011	10
8012	4
8013	5
8014	7
8015	9
8016	6
8017	11
8018	11
8019	7
8020	7
8021	6
8022	9
8023	4
8024	11
8025	9
8026	5
8027	10
8028	5
8029	13
8030	2
8031	4
8032	13
8033	10
8034	13
8035	11
8036	15
8037	8
8038	6
8039	8
8040	11
8041	11
8042	12
8043	4
8044	5
8045	3
8046	12
8047	4
8048	7
8049	3
8050	8
8051	5
8052	10
8053	3
8054	7
8055	4
8056	11
8057	15
8058	5
8059	7
8060	8
8061	5
8062	5
8063	13
8064	4
8065	8
8066	6
8067	7
8068	4
8069	9
8070	6
8071	9
8072	4
8073	3
8074	8
8075	6
8076	7
8077	5
8078	6
8079	5
8080	7
8081	6
8082	11
8083	8
8084	8
8085	7
8086	10
8087	10
8088	8
8089	7
8090	6
8091	9
8092	10
8093	10
8094	8
8095	7
8096	12
8097	8
8098	4
8099	4
8100	5
8101	13
8102	12
8103	6
8104	7
8105	6
8106	5
8107	2
8108	10
8109	7
8110	12
8111	8
8112	5
8113	5
8114	7
8115	10
8116	7
8117	10
8118	7
8119	3
8120	2
8121	0
8122	0
8123	0
8124	0
8125	0
8126	0
8127	0
8128	0
8129	0
8130	0
8131	0
8132	0
8133	0
8134	0
8135	0
8136	0
8137	0
8138	0
8139	0
8140	0
8141	0
8142	0
8143	0
8144	0
8145	0
8146	0
8147	0
8148	0
8149	0
8150	0
8151	0
8152	0
8153	0
8154	0
8155	0
8156	0
8157	0
8158	0
8159	0
8160	0
8161	0
8162	0
8163	0
8164	0
8165	0
8166	0
8167	0
8168	0
8169	0
8170	0
8171	0
8172	0
8173	0
8174	0
8175	0
8176	0
8177	0
8178	0
8179	0
8180	0
8181	0
8182	0
8183	0
8184	0
8185	0
8186	0
8187	0
8188	0
8189	0
8190	0
8191	0
