0	0
1	0
2	0
3	0
4	0
5	0
6	0
7	0
8	0
9	0
10	0
11	0
12	0
13	0
14	0
15	0
16	0
17	0
18	0
19	0
20	0
21	0
22	0
23	0
24	0
25	0
26	0
27	0
28	0
29	0
30	0
31	0
32	0
33	0
34	0
35	0
36	0
37	0
38	0
39	0
40	0
41	0
42	0
43	0
44	0
45	0
46	0
47	0
48	0
49	0
50	0
51	0
52	0
53	0
54	0
55	0
56	0
57	0
58	0
59	0
60	0
61	0
62	0
63	0
64	0
65	0
66	0
67	0
68	0
69	0
70	0
71	0
72	0
73	0
74	0
75	0
76	0
77	0
78	0
79	0
80	0
81	0
82	0
83	0
84	0
85	0
86	0
87	0
88	0
89	0
90	0
91	0
92	0
93	0
94	0
95	0
96	0
97	0
98	0
99	0
100	0
101	0
102	0
103	0
104	0
105	0
106	0
107	0
108	0
109	0
110	0
111	0
112	0
113	0
114	0
115	0
116	0
117	0
118	0
119	0
120	0
121	0
122	0
123	0
124	0
125	0
126	0
127	0
128	0
129	0
130	0
131	0
132	0
133	0
134	0
135	0
136	0
137	0
138	0
139	0
140	0
141	0
142	0
143	0
144	0
145	0
146	0
147	0
148	0
149	0
150	0
151	0
152	0
153	0
154	0
155	0
156	0
157	0
158	0
159	0
160	0
161	0
162	0
163	0
164	0
165	0
166	0
167	0
168	0
169	0
170	0
171	0
172	0
173	0
174	0
175	0
176	0
177	0
178	0
179	0
180	0
181	0
182	0
183	0
184	0
185	0
186	0
187	0
188	0
189	0
190	0
191	0
192	0
193	0
194	0
195	0
196	0
197	0
198	0
199	0
200	0
201	0
202	0
203	0
204	0
205	0
206	0
207	0
208	0
209	0
210	0
211	0
212	0
213	0
214	0
215	0
216	0
217	0
218	1
219	0
220	0
221	0
222	0
223	0
224	0
225	0
226	0
227	0
228	0
229	0
230	0
231	0
232	0
233	0
234	0
235	0
236	0
237	0
238	0
239	0
240	0
241	0
242	0
243	0
244	0
245	0
246	0
247	0
248	0
249	0
250	0
251	0
252	0
253	0
254	0
255	0
256	0
257	0
258	0
259	0
260	0
261	0
262	0
263	0
264	0
265	0
266	0
267	0
268	0
269	0
270	0
271	0
272	0
273	0
274	0
275	0
276	0
277	0
278	0
279	0
280	0
281	0
282	0
283	0
284	0
285	0
286	0
287	0
288	0
289	0
290	0
291	0
292	0
293	0
294	0
295	0
296	0
297	0
298	0
299	0
300	0
301	0
302	0
303	0
304	0
305	0
306	0
307	0
308	0
309	0
310	0
311	0
312	0
313	0
314	0
315	0
316	0
317	0
318	0
319	0
320	0
321	0
322	0
323	0
324	0
325	0
326	0
327	0
328	0
329	0
330	0
331	0
332	0
333	0
334	0
335	0
336	0
337	0
338	0
339	0
340	0
341	0
342	0
343	0
344	0
345	0
346	0
347	0
348	0
349	0
350	0
351	0
352	0
353	0
354	0
355	0
356	0
357	0
358	0
359	0
360	0
361	0
362	0
363	0
364	0
365	0
366	0
367	0
368	0
369	0
370	0
371	0
372	0
373	0
374	0
375	0
376	0
377	0
378	0
379	0
380	0
381	0
382	0
383	0
384	0
385	0
386	0
387	0
388	0
389	0
390	0
391	0
392	0
393	0
394	0
395	0
396	0
397	0
398	0
399	0
400	0
401	0
402	0
403	0
404	0
405	0
406	0
407	0
408	0
409	0
410	0
411	0
412	0
413	0
414	0
415	0
416	0
417	0
418	0
419	0
420	0
421	0
422	0
423	0
424	0
425	0
426	0
427	0
428	0
429	0
430	0
431	1
432	0
433	0
434	0
435	0
436	0
437	0
438	0
439	0
440	0
441	0
442	0
443	0
444	0
445	0
446	0
447	0
448	0
449	0
450	0
451	0
452	0
453	0
454	0
455	0
456	0
457	0
458	0
459	0
460	0
461	0
462	0
463	0
464	0
465	0
466	0
467	0
468	0
469	0
470	0
471	0
472	0
473	0
474	0
475	0
476	0
477	0
478	0
479	0
480	0
481	0
482	0
483	0
484	0
485	0
486	0
487	0
488	0
489	0
490	0
491	0
492	0
493	0
494	0
495	0
496	0
497	0
498	0
499	0
500	0
501	0
502	0
503	0
504	0
505	0
506	0
507	0
508	0
509	0
510	0
511	0
512	0
513	0
514	0
515	0
516	0
517	0
518	0
519	0
520	0
521	0
522	0
523	0
524	0
525	0
526	0
527	0
528	0
529	0
530	0
531	0
532	0
533	0
534	0
535	0
536	0
537	0
538	0
539	0
540	0
541	0
542	0
543	0
544	0
545	0
546	0
547	0
548	0
549	0
550	0
551	0
552	0
553	0
554	0
555	0
556	0
557	0
558	1
559	0
560	0
561	0
562	0
563	0
564	0
565	0
566	0
567	0
568	0
569	0
570	0
571	0
572	0
573	0
574	0
575	0
576	0
577	0
578	0
579	0
580	0
581	0
582	0
583	0
584	0
585	0
586	0
587	0
588	0
589	0
590	0
591	0
592	0
593	0
594	0
595	0
596	0
597	0
598	0
599	0
600	0
601	0
602	0
603	0
604	0
605	0
606	0
607	0
608	0
609	0
610	0
611	0
612	0
613	0
614	0
615	0
616	0
617	0
618	0
619	0
620	0
621	0
622	0
623	0
624	0
625	0
626	0
627	0
628	0
629	0
630	0
631	0
632	0
633	0
634	0
635	0
636	0
637	0
638	0
639	0
640	0
641	0
642	0
643	0
644	0
645	0
646	0
647	0
648	0
649	0
650	0
651	0
652	0
653	0
654	0
655	0
656	0
657	0
658	0
659	0
660	0
661	0
662	0
663	0
664	0
665	0
666	0
667	0
668	0
669	0
670	0
671	0
672	0
673	0
674	0
675	0
676	0
677	0
678	0
679	0
680	0
681	0
682	0
683	0
684	0
685	0
686	0
687	0
688	0
689	0
690	0
691	1
692	0
693	0
694	0
695	0
696	0
697	0
698	0
699	0
700	0
701	0
702	0
703	0
704	0
705	0
706	0
707	0
708	0
709	0
710	0
711	0
712	0
713	0
714	0
715	0
716	0
717	0
718	0
719	0
720	0
721	0
722	0
723	0
724	0
725	0
726	0
727	0
728	0
729	0
730	0
731	0
732	0
733	0
734	0
735	0
736	0
737	1
738	0
739	0
740	0
741	0
742	0
743	0
744	0
745	0
746	0
747	0
748	0
749	0
750	0
751	0
752	0
753	0
754	0
755	0
756	0
757	0
758	0
759	0
760	0
761	0
762	0
763	0
764	0
765	0
766	0
767	0
768	0
769	0
770	0
771	0
772	1
773	0
774	0
775	0
776	0
777	0
778	0
779	0
780	0
781	0
782	0
783	1
784	0
785	0
786	0
787	0
788	0
789	0
790	0
791	0
792	0
793	0
794	0
795	0
796	0
797	0
798	0
799	0
800	1
801	0
802	0
803	0
804	0
805	0
806	0
807	0
808	0
809	0
810	0
811	0
812	0
813	0
814	0
815	0
816	0
817	0
818	0
819	0
820	0
821	0
822	0
823	0
824	0
825	0
826	0
827	0
828	0
829	0
830	0
831	0
832	0
833	0
834	0
835	0
836	0
837	0
838	0
839	0
840	0
841	0
842	0
843	0
844	0
845	0
846	0
847	0
848	0
849	0
850	0
851	0
852	0
853	0
854	0
855	0
856	0
857	0
858	0
859	0
860	0
861	0
862	1
863	0
864	0
865	0
866	0
867	0
868	0
869	0
870	0
871	0
872	0
873	1
874	0
875	0
876	0
877	0
878	0
879	0
880	0
881	0
882	0
883	0
884	0
885	0
886	0
887	0
888	0
889	0
890	0
891	0
892	0
893	0
894	0
895	0
896	0
897	0
898	1
899	0
900	0
901	0
902	0
903	0
904	1
905	0
906	0
907	0
908	0
909	0
910	0
911	0
912	0
913	0
914	0
915	0
916	0
917	0
918	0
919	0
920	0
921	1
922	0
923	0
924	0
925	0
926	1
927	0
928	0
929	1
930	0
931	0
932	0
933	1
934	0
935	0
936	0
937	0
938	0
939	0
940	0
941	0
942	0
943	0
944	0
945	0
946	0
947	0
948	0
949	0
950	0
951	0
952	0
953	1
954	0
955	0
956	0
957	0
958	0
959	0
960	0
961	0
962	0
963	0
964	0
965	0
966	0
967	0
968	0
969	0
970	0
971	1
972	0
973	0
974	0
975	0
976	0
977	0
978	0
979	0
980	0
981	0
982	0
983	0
984	0
985	1
986	1
987	0
988	0
989	0
990	1
991	0
992	0
993	0
994	0
995	0
996	1
997	0
998	0
999	0
1000	0
1001	1
1002	0
1003	1
1004	1
1005	0
1006	0
1007	0
1008	0
1009	0
1010	0
1011	0
1012	0
1013	0
1014	0
1015	0
1016	0
1017	1
1018	0
1019	0
1020	1
1021	0
1022	0
1023	0
1024	0
1025	0
1026	0
1027	0
1028	0
1029	0
1030	0
1031	0
1032	1
1033	0
1034	0
1035	0
1036	0
1037	0
1038	0
1039	1
1040	0
1041	0
1042	0
1043	0
1044	1
1045	0
1046	0
1047	0
1048	0
1049	1
1050	0
1051	0
1052	0
1053	0
1054	0
1055	0
1056	0
1057	0
1058	0
1059	1
1060	0
1061	0
1062	1
1063	0
1064	0
1065	0
1066	0
1067	1
1068	0
1069	2
1070	0
1071	0
1072	0
1073	1
1074	1
1075	2
1076	0
1077	0
1078	0
1079	1
1080	0
1081	1
1082	0
1083	0
1084	0
1085	0
1086	1
1087	1
1088	0
1089	0
1090	1
1091	1
1092	0
1093	0
1094	0
1095	0
1096	0
1097	0
1098	0
1099	0
1100	0
1101	1
1102	2
1103	0
1104	0
1105	0
1106	0
1107	1
1108	0
1109	0
1110	0
1111	0
1112	0
1113	0
1114	0
1115	0
1116	3
1117	0
1118	1
1119	0
1120	0
1121	0
1122	2
1123	0
1124	1
1125	0
1126	1
1127	0
1128	0
1129	0
1130	0
1131	1
1132	0
1133	0
1134	2
1135	1
1136	1
1137	0
1138	1
1139	0
1140	0
1141	0
1142	2
1143	2
1144	1
1145	0
1146	1
1147	0
1148	1
1149	2
1150	0
1151	3
1152	1
1153	0
1154	0
1155	1
1156	1
1157	2
1158	1
1159	0
1160	1
1161	0
1162	2
1163	2
1164	0
1165	0
1166	0
1167	0
1168	5
1169	1
1170	0
1171	0
1172	3
1173	3
1174	3
1175	2
1176	1
1177	3
1178	1
1179	0
1180	0
1181	0
1182	1
1183	1
1184	2
1185	1
1186	2
1187	3
1188	3
1189	0
1190	0
1191	4
1192	3
1193	2
1194	1
1195	1
1196	2
1197	2
1198	3
1199	3
1200	1
1201	1
1202	1
1203	2
1204	2
1205	2
1206	1
1207	1
1208	2
1209	0
1210	1
1211	3
1212	1
1213	1
1214	5
1215	2
1216	4
1217	1
1218	3
1219	0
1220	1
1221	2
1222	4
1223	5
1224	1
1225	2
1226	4
1227	6
1228	2
1229	3
1230	4
1231	2
1232	4
1233	5
1234	2
1235	0
1236	5
1237	0
1238	6
1239	1
1240	2
1241	2
1242	4
1243	4
1244	6
1245	4
1246	3
1247	4
1248	3
1249	10
1250	7
1251	3
1252	1
1253	5
1254	2
1255	3
1256	1
1257	5
1258	8
1259	6
1260	3
1261	9
1262	9
1263	6
1264	9
1265	6
1266	3
1267	4
1268	6
1269	2
1270	7
1271	10
1272	7
1273	5
1274	5
1275	5
1276	6
1277	4
1278	6
1279	7
1280	4
1281	8
1282	6
1283	6
1284	7
1285	14
1286	8
1287	4
1288	10
1289	5
1290	8
1291	5
1292	10
1293	7
1294	10
1295	8
1296	10
1297	8
1298	14
1299	10
1300	6
1301	7
1302	11
1303	5
1304	7
1305	9
1306	9
1307	11
1308	15
1309	9
1310	13
1311	5
1312	10
1313	13
1314	7
1315	13
1316	14
1317	8
1318	18
1319	15
1320	9
1321	13
1322	17
1323	9
1324	13
1325	17
1326	11
1327	14
1328	11
1329	14
1330	13
1331	14
1332	16
1333	13
1334	13
1335	12
1336	23
1337	19
1338	16
1339	15
1340	19
1341	23
1342	11
1343	17
1344	25
1345	18
1346	22
1347	24
1348	24
1349	27
1350	18
1351	15
1352	20
1353	24
1354	22
1355	30
1356	21
1357	20
1358	33
1359	25
1360	23
1361	25
1362	28
1363	29
1364	32
1365	24
1366	27
1367	20
1368	28
1369	21
1370	35
1371	25
1372	20
1373	31
1374	29
1375	33
1376	26
1377	42
1378	21
1379	27
1380	45
1381	50
1382	30
1383	30
1384	37
1385	39
1386	51
1387	44
1388	35
1389	43
1390	34
1391	44
1392	50
1393	38
1394	52
1395	42
1396	46
1397	28
1398	48
1399	55
1400	38
1401	39
1402	45
1403	48
1404	46
1405	55
1406	47
1407	51
1408	55
1409	50
1410	40
1411	67
1412	57
1413	64
1414	61
1415	64
1416	52
1417	58
1418	63
1419	51
1420	54
1421	69
1422	60
1423	63
1424	68
1425	74
1426	61
1427	68
1428	81
1429	64
1430	67
1431	71
1432	75
1433	66
1434	63
1435	65
1436	67
1437	75
1438	75
1439	92
1440	74
1441	74
1442	66
1443	93
1444	73
1445	81
1446	67
1447	73
1448	63
1449	76
1450	78
1451	80
1452	85
1453	81
1454	102
1455	92
1456	96
1457	89
1458	87
1459	78
1460	98
1461	95
1462	93
1463	94
1464	85
1465	103
1466	84
1467	101
1468	88
1469	114
1470	98
1471	100
1472	112
1473	122
1474	84
1475	117
1476	126
1477	98
1478	103
1479	102
1480	109
1481	123
1482	112
1483	107
1484	106
1485	87
1486	101
1487	110
1488	103
1489	111
1490	126
1491	110
1492	107
1493	108
1494	100
1495	122
1496	112
1497	137
1498	99
1499	108
1500	113
1501	151
1502	117
1503	107
1504	122
1505	112
1506	129
1507	146
1508	119
1509	115
1510	128
1511	111
1512	129
1513	144
1514	132
1515	123
1516	130
1517	137
1518	119
1519	139
1520	152
1521	147
1522	137
1523	132
1524	132
1525	118
1526	125
1527	144
1528	134
1529	123
1530	121
1531	119
1532	146
1533	122
1534	122
1535	133
1536	140
1537	132
1538	102
1539	134
1540	128
1541	131
1542	132
1543	136
1544	132
1545	135
1546	120
1547	132
1548	120
1549	146
1550	123
1551	126
1552	139
1553	141
1554	106
1555	117
1556	118
1557	133
1558	126
1559	125
1560	108
1561	103
1562	125
1563	114
1564	125
1565	124
1566	85
1567	102
1568	97
1569	109
1570	109
1571	97
1572	110
1573	131
1574	105
1575	124
1576	118
1577	98
1578	116
1579	112
1580	111
1581	107
1582	101
1583	99
1584	116
1585	106
1586	100
1587	102
1588	82
1589	91
1590	96
1591	87
1592	96
1593	103
1594	68
1595	94
1596	88
1597	112
1598	100
1599	66
1600	88
1601	101
1602	78
1603	84
1604	89
1605	81
1606	84
1607	96
1608	84
1609	91
1610	77
1611	84
1612	59
1613	68
1614	67
1615	56
1616	72
1617	58
1618	59
1619	58
1620	60
1621	59
1622	67
1623	56
1624	53
1625	68
1626	54
1627	43
1628	58
1629	55
1630	51
1631	49
1632	56
1633	58
1634	45
1635	44
1636	42
1637	39
1638	42
1639	44
1640	40
1641	53
1642	48
1643	45
1644	37
1645	46
1646	30
1647	33
1648	37
1649	39
1650	38
1651	37
1652	34
1653	36
1654	36
1655	32
1656	30
1657	29
1658	35
1659	26
1660	30
1661	33
1662	19
1663	35
1664	21
1665	21
1666	19
1667	24
1668	22
1669	12
1670	22
1671	21
1672	23
1673	17
1674	14
1675	26
1676	16
1677	13
1678	12
1679	16
1680	14
1681	20
1682	22
1683	13
1684	14
1685	10
1686	16
1687	17
1688	13
1689	12
1690	11
1691	13
1692	13
1693	16
1694	15
1695	10
1696	13
1697	9
1698	8
1699	13
1700	7
1701	14
1702	7
1703	8
1704	9
1705	5
1706	6
1707	10
1708	5
1709	8
1710	4
1711	6
1712	4
1713	8
1714	4
1715	10
1716	8
1717	6
1718	6
1719	4
1720	2
1721	8
1722	2
1723	2
1724	3
1725	3
1726	3
1727	3
1728	6
1729	2
1730	4
1731	3
1732	4
1733	2
1734	2
1735	8
1736	1
1737	1
1738	0
1739	1
1740	2
1741	1
1742	4
1743	7
1744	2
1745	2
1746	4
1747	0
1748	2
1749	0
1750	3
1751	5
1752	0
1753	0
1754	4
1755	1
1756	2
1757	1
1758	2
1759	0
1760	2
1761	1
1762	0
1763	1
1764	1
1765	1
1766	3
1767	2
1768	0
1769	0
1770	2
1771	0
1772	0
1773	1
1774	2
1775	0
1776	0
1777	1
1778	2
1779	0
1780	0
1781	1
1782	0
1783	0
1784	0
1785	1
1786	0
1787	0
1788	1
1789	0
1790	0
1791	0
1792	1
1793	0
1794	0
1795	0
1796	1
1797	0
1798	0
1799	1
1800	0
1801	0
1802	0
1803	1
1804	1
1805	0
1806	0
1807	1
1808	0
1809	1
1810	0
1811	0
1812	0
1813	0
1814	0
1815	0
1816	0
1817	0
1818	0
1819	0
1820	0
1821	0
1822	0
1823	1
1824	0
1825	0
1826	0
1827	0
1828	0
1829	0
1830	0
1831	1
1832	0
1833	0
1834	0
1835	0
1836	0
1837	0
1838	0
1839	0
1840	0
1841	0
1842	1
1843	0
1844	1
1845	1
1846	0
1847	0
1848	0
1849	0
1850	0
1851	0
1852	0
1853	0
1854	0
1855	0
1856	0
1857	0
1858	2
1859	0
1860	0
1861	0
1862	0
1863	0
1864	1
1865	0
1866	0
1867	0
1868	0
1869	0
1870	0
1871	0
1872	1
1873	0
1874	0
1875	0
1876	0
1877	0
1878	0
1879	0
1880	0
1881	0
1882	0
1883	0
1884	0
1885	0
1886	1
1887	0
1888	1
1889	0
1890	0
1891	0
1892	0
1893	0
1894	1
1895	2
1896	1
1897	1
1898	1
1899	0
1900	1
1901	0
1902	0
1903	0
1904	0
1905	0
1906	0
1907	0
1908	0
1909	0
1910	1
1911	0
1912	0
1913	1
1914	0
1915	0
1916	0
1917	0
1918	0
1919	1
1920	0
1921	0
1922	1
1923	0
1924	0
1925	1
1926	0
1927	0
1928	0
1929	1
1930	0
1931	0
1932	0
1933	0
1934	0
1935	0
1936	2
1937	0
1938	0
1939	0
1940	0
1941	0
1942	0
1943	1
1944	1
1945	0
1946	0
1947	0
1948	1
1949	0
1950	0
1951	0
1952	0
1953	0
1954	1
1955	1
1956	0
1957	0
1958	1
1959	0
1960	0
1961	0
1962	1
1963	0
1964	0
1965	0
1966	0
1967	0
1968	0
1969	0
1970	0
1971	1
1972	0
1973	0
1974	2
1975	1
1976	0
1977	0
1978	0
1979	1
1980	1
1981	1
1982	2
1983	1
1984	0
1985	1
1986	0
1987	1
1988	0
1989	0
1990	1
1991	1
1992	1
1993	0
1994	0
1995	1
1996	0
1997	1
1998	0
1999	1
2000	0
2001	2
2002	1
2003	2
2004	0
2005	1
2006	1
2007	0
2008	1
2009	0
2010	1
2011	1
2012	0
2013	1
2014	1
2015	1
2016	0
2017	1
2018	1
2019	0
2020	0
2021	0
2022	1
2023	0
2024	0
2025	0
2026	0
2027	0
2028	2
2029	1
2030	2
2031	0
2032	2
2033	1
2034	1
2035	0
2036	1
2037	0
2038	0
2039	1
2040	0
2041	4
2042	1
2043	4
2044	0
2045	0
2046	1
2047	0
2048	1
2049	1
2050	2
2051	2
2052	2
2053	0
2054	1
2055	1
2056	1
2057	2
2058	2
2059	2
2060	1
2061	1
2062	1
2063	2
2064	0
2065	0
2066	1
2067	0
2068	0
2069	0
2070	1
2071	2
2072	2
2073	2
2074	1
2075	1
2076	1
2077	1
2078	0
2079	2
2080	2
2081	1
2082	1
2083	2
2084	1
2085	3
2086	3
2087	3
2088	2
2089	1
2090	0
2091	1
2092	4
2093	3
2094	3
2095	2
2096	4
2097	1
2098	2
2099	4
2100	1
2101	2
2102	3
2103	2
2104	1
2105	2
2106	2
2107	3
2108	2
2109	0
2110	2
2111	2
2112	1
2113	2
2114	2
2115	3
2116	0
2117	1
2118	3
2119	2
2120	3
2121	1
2122	2
2123	2
2124	4
2125	2
2126	3
2127	2
2128	4
2129	6
2130	3
2131	1
2132	3
2133	2
2134	3
2135	2
2136	1
2137	3
2138	3
2139	5
2140	0
2141	1
2142	2
2143	1
2144	2
2145	5
2146	3
2147	2
2148	1
2149	2
2150	3
2151	2
2152	2
2153	3
2154	4
2155	1
2156	0
2157	2
2158	1
2159	2
2160	1
2161	3
2162	0
2163	4
2164	0
2165	3
2166	3
2167	4
2168	3
2169	1
2170	3
2171	2
2172	1
2173	5
2174	4
2175	1
2176	2
2177	2
2178	7
2179	5
2180	2
2181	3
2182	1
2183	0
2184	1
2185	1
2186	0
2187	2
2188	2
2189	4
2190	2
2191	2
2192	1
2193	3
2194	5
2195	1
2196	3
2197	1
2198	2
2199	2
2200	3
2201	4
2202	4
2203	3
2204	1
2205	2
2206	3
2207	1
2208	1
2209	3
2210	4
2211	2
2212	0
2213	3
2214	1
2215	2
2216	1
2217	1
2218	1
2219	0
2220	3
2221	5
2222	1
2223	3
2224	5
2225	2
2226	1
2227	2
2228	0
2229	0
2230	0
2231	2
2232	4
2233	2
2234	2
2235	3
2236	0
2237	1
2238	1
2239	2
2240	0
2241	0
2242	1
2243	2
2244	1
2245	1
2246	0
2247	3
2248	1
2249	2
2250	0
2251	2
2252	0
2253	1
2254	0
2255	0
2256	1
2257	1
2258	5
2259	0
2260	3
2261	2
2262	0
2263	0
2264	0
2265	1
2266	2
2267	0
2268	0
2269	3
2270	3
2271	0
2272	1
2273	1
2274	0
2275	1
2276	1
2277	0
2278	1
2279	1
2280	1
2281	1
2282	0
2283	2
2284	1
2285	1
2286	1
2287	0
2288	0
2289	1
2290	0
2291	3
2292	0
2293	0
2294	0
2295	0
2296	0
2297	1
2298	1
2299	0
2300	0
2301	0
2302	1
2303	0
2304	0
2305	0
2306	0
2307	0
2308	0
2309	0
2310	1
2311	0
2312	0
2313	0
2314	0
2315	0
2316	0
2317	0
2318	0
2319	0
2320	0
2321	0
2322	0
2323	0
2324	0
2325	0
2326	0
2327	1
2328	1
2329	0
2330	0
2331	3
2332	0
2333	0
2334	1
2335	1
2336	1
2337	0
2338	0
2339	0
2340	0
2341	1
2342	0
2343	1
2344	1
2345	1
2346	2
2347	0
2348	0
2349	0
2350	2
2351	1
2352	0
2353	0
2354	0
2355	0
2356	1
2357	0
2358	0
2359	0
2360	1
2361	0
2362	0
2363	0
2364	0
2365	0
2366	1
2367	0
2368	0
2369	0
2370	0
2371	1
2372	0
2373	0
2374	0
2375	2
2376	0
2377	0
2378	0
2379	1
2380	1
2381	0
2382	2
2383	0
2384	1
2385	0
2386	0
2387	0
2388	0
2389	0
2390	1
2391	2
2392	3
2393	1
2394	0
2395	0
2396	2
2397	0
2398	2
2399	0
2400	1
2401	0
2402	0
2403	1
2404	0
2405	1
2406	0
2407	1
2408	1
2409	0
2410	2
2411	0
2412	2
2413	0
2414	0
2415	0
2416	0
2417	2
2418	3
2419	1
2420	0
2421	1
2422	0
2423	0
2424	1
2425	0
2426	1
2427	0
2428	0
2429	0
2430	2
2431	1
2432	3
2433	0
2434	1
2435	2
2436	0
2437	2
2438	2
2439	1
2440	0
2441	0
2442	0
2443	0
2444	1
2445	2
2446	2
2447	1
2448	2
2449	0
2450	4
2451	1
2452	0
2453	2
2454	3
2455	2
2456	3
2457	2
2458	2
2459	2
2460	1
2461	3
2462	2
2463	5
2464	2
2465	2
2466	1
2467	3
2468	1
2469	1
2470	1
2471	1
2472	3
2473	4
2474	3
2475	2
2476	1
2477	4
2478	0
2479	5
2480	1
2481	0
2482	0
2483	1
2484	1
2485	0
2486	5
2487	1
2488	3
2489	0
2490	2
2491	1
2492	3
2493	5
2494	2
2495	3
2496	4
2497	1
2498	2
2499	2
2500	2
2501	3
2502	0
2503	2
2504	3
2505	3
2506	5
2507	4
2508	2
2509	2
2510	2
2511	9
2512	5
2513	3
2514	2
2515	3
2516	2
2517	4
2518	1
2519	5
2520	7
2521	5
2522	7
2523	2
2524	3
2525	0
2526	6
2527	5
2528	7
2529	4
2530	0
2531	5
2532	6
2533	7
2534	7
2535	6
2536	8
2537	4
2538	4
2539	8
2540	6
2541	8
2542	7
2543	13
2544	8
2545	2
2546	5
2547	7
2548	7
2549	11
2550	7
2551	6
2552	9
2553	6
2554	6
2555	5
2556	9
2557	11
2558	9
2559	2
2560	12
2561	6
2562	7
2563	11
2564	10
2565	8
2566	8
2567	10
2568	6
2569	6
2570	10
2571	9
2572	9
2573	9
2574	4
2575	9
2576	14
2577	11
2578	6
2579	12
2580	20
2581	13
2582	14
2583	9
2584	11
2585	13
2586	11
2587	13
2588	10
2589	14
2590	14
2591	18
2592	11
2593	23
2594	13
2595	19
2596	7
2597	15
2598	25
2599	20
2600	14
2601	13
2602	20
2603	14
2604	10
2605	18
2606	23
2607	12
2608	22
2609	21
2610	20
2611	18
2612	26
2613	21
2614	25
2615	16
2616	23
2617	18
2618	27
2619	23
2620	21
2621	27
2622	26
2623	20
2624	26
2625	17
2626	18
2627	22
2628	22
2629	20
2630	29
2631	42
2632	24
2633	34
2634	26
2635	20
2636	32
2637	30
2638	29
2639	26
2640	36
2641	39
2642	30
2643	26
2644	27
2645	37
2646	35
2647	40
2648	34
2649	39
2650	34
2651	38
2652	34
2653	36
2654	33
2655	38
2656	42
2657	31
2658	40
2659	40
2660	38
2661	36
2662	47
2663	41
2664	38
2665	40
2666	39
2667	45
2668	31
2669	40
2670	62
2671	59
2672	34
2673	49
2674	45
2675	53
2676	28
2677	56
2678	49
2679	52
2680	50
2681	51
2682	64
2683	54
2684	63
2685	49
2686	58
2687	60
2688	51
2689	66
2690	58
2691	63
2692	49
2693	66
2694	51
2695	70
2696	67
2697	65
2698	69
2699	64
2700	63
2701	75
2702	78
2703	70
2704	77
2705	100
2706	68
2707	67
2708	87
2709	73
2710	70
2711	74
2712	85
2713	78
2714	72
2715	92
2716	87
2717	77
2718	96
2719	79
2720	80
2721	86
2722	84
2723	105
2724	105
2725	95
2726	88
2727	88
2728	84
2729	91
2730	95
2731	100
2732	98
2733	117
2734	97
2735	89
2736	80
2737	108
2738	112
2739	94
2740	119
2741	98
2742	77
2743	118
2744	94
2745	106
2746	102
2747	93
2748	111
2749	113
2750	98
2751	99
2752	115
2753	112
2754	91
2755	103
2756	110
2757	126
2758	86
2759	131
2760	108
2761	99
2762	123
2763	101
2764	116
2765	107
2766	113
2767	120
2768	127
2769	107
2770	119
2771	113
2772	102
2773	114
2774	138
2775	114
2776	133
2777	108
2778	115
2779	134
2780	130
2781	125
2782	117
2783	140
2784	122
2785	116
2786	128
2787	145
2788	127
2789	128
2790	133
2791	144
2792	137
2793	135
2794	114
2795	152
2796	112
2797	134
2798	114
2799	147
2800	122
2801	115
2802	122
2803	116
2804	128
2805	124
2806	122
2807	123
2808	120
2809	122
2810	140
2811	113
2812	116
2813	120
2814	117
2815	106
2816	112
2817	118
2818	119
2819	101
2820	113
2821	130
2822	131
2823	116
2824	118
2825	139
2826	127
2827	113
2828	139
2829	104
2830	123
2831	106
2832	119
2833	110
2834	98
2835	99
2836	111
2837	106
2838	126
2839	118
2840	101
2841	114
2842	103
2843	115
2844	113
2845	129
2846	92
2847	107
2848	91
2849	97
2850	104
2851	111
2852	97
2853	108
2854	101
2855	100
2856	79
2857	86
2858	81
2859	104
2860	82
2861	94
2862	107
2863	91
2864	76
2865	84
2866	58
2867	61
2868	82
2869	91
2870	75
2871	75
2872	78
2873	64
2874	69
2875	74
2876	82
2877	75
2878	73
2879	54
2880	63
2881	54
2882	63
2883	58
2884	61
2885	78
2886	62
2887	69
2888	56
2889	58
2890	59
2891	58
2892	49
2893	47
2894	57
2895	45
2896	48
2897	40
2898	54
2899	54
2900	45
2901	42
2902	54
2903	42
2904	41
2905	38
2906	31
2907	35
2908	42
2909	38
2910	38
2911	45
2912	27
2913	32
2914	39
2915	35
2916	27
2917	38
2918	35
2919	29
2920	27
2921	30
2922	30
2923	27
2924	24
2925	20
2926	31
2927	28
2928	32
2929	23
2930	37
2931	14
2932	18
2933	22
2934	34
2935	17
2936	23
2937	19
2938	19
2939	22
2940	13
2941	22
2942	20
2943	15
2944	23
2945	16
2946	7
2947	8
2948	14
2949	18
2950	14
2951	15
2952	11
2953	11
2954	14
2955	9
2956	10
2957	7
2958	9
2959	15
2960	13
2961	10
2962	8
2963	10
2964	6
2965	10
2966	6
2967	5
2968	11
2969	6
2970	7
2971	4
2972	7
2973	13
2974	5
2975	7
2976	2
2977	2
2978	10
2979	6
2980	5
2981	5
2982	4
2983	6
2984	4
2985	8
2986	3
2987	5
2988	1
2989	3
2990	3
2991	3
2992	6
2993	5
2994	4
2995	2
2996	5
2997	4
2998	0
2999	4
3000	1
3001	0
3002	3
3003	5
3004	3
3005	7
3006	1
3007	1
3008	2
3009	1
3010	1
3011	1
3012	2
3013	2
3014	1
3015	4
3016	1
3017	3
3018	4
3019	0
3020	1
3021	1
3022	1
3023	2
3024	0
3025	2
3026	2
3027	0
3028	2
3029	1
3030	0
3031	0
3032	1
3033	1
3034	1
3035	1
3036	0
3037	0
3038	0
3039	1
3040	1
3041	2
3042	0
3043	0
3044	2
3045	0
3046	0
3047	0
3048	0
3049	1
3050	1
3051	0
3052	0
3053	2
3054	0
3055	0
3056	0
3057	0
3058	0
3059	0
3060	0
3061	0
3062	0
3063	1
3064	0
3065	0
3066	1
3067	2
3068	0
3069	0
3070	0
3071	0
3072	0
3073	0
3074	1
3075	0
3076	1
3077	0
3078	0
3079	1
3080	0
3081	1
3082	0
3083	1
3084	0
3085	0
3086	0
3087	1
3088	0
3089	0
3090	1
3091	0
3092	0
3093	0
3094	0
3095	0
3096	0
3097	0
3098	0
3099	0
3100	1
3101	0
3102	0
3103	0
3104	0
3105	0
3106	1
3107	1
3108	0
3109	0
3110	0
3111	0
3112	0
3113	0
3114	0
3115	0
3116	1
3117	1
3118	0
3119	1
3120	0
3121	0
3122	0
3123	1
3124	0
3125	0
3126	2
3127	0
3128	0
3129	0
3130	1
3131	0
3132	0
3133	0
3134	0
3135	0
3136	0
3137	0
3138	0
3139	1
3140	0
3141	0
3142	0
3143	0
3144	0
3145	0
3146	0
3147	0
3148	0
3149	0
3150	0
3151	0
3152	0
3153	0
3154	1
3155	0
3156	0
3157	0
3158	1
3159	0
3160	1
3161	0
3162	2
3163	0
3164	0
3165	0
3166	0
3167	1
3168	0
3169	0
3170	0
3171	0
3172	0
3173	0
3174	0
3175	0
3176	1
3177	0
3178	0
3179	0
3180	0
3181	0
3182	0
3183	0
3184	0
3185	0
3186	0
3187	0
3188	0
3189	0
3190	0
3191	0
3192	1
3193	0
3194	0
3195	0
3196	0
3197	0
3198	0
3199	0
3200	0
3201	0
3202	0
3203	0
3204	0
3205	0
3206	0
3207	0
3208	0
3209	0
3210	0
3211	0
3212	0
3213	0
3214	0
3215	0
3216	0
3217	0
3218	1
3219	0
3220	0
3221	1
3222	0
3223	0
3224	0
3225	0
3226	0
3227	0
3228	1
3229	0
3230	2
3231	0
3232	0
3233	2
3234	0
3235	0
3236	0
3237	0
3238	0
3239	1
3240	0
3241	1
3242	0
3243	1
3244	0
3245	0
3246	0
3247	1
3248	0
3249	0
3250	0
3251	0
3252	0
3253	0
3254	0
3255	1
3256	0
3257	0
3258	0
3259	0
3260	0
3261	0
3262	0
3263	0
3264	0
3265	0
3266	0
3267	0
3268	0
3269	0
3270	0
3271	0
3272	0
3273	1
3274	0
3275	0
3276	0
3277	0
3278	0
3279	0
3280	0
3281	0
3282	0
3283	0
3284	0
3285	1
3286	0
3287	0
3288	0
3289	2
3290	0
3291	0
3292	0
3293	0
3294	0
3295	0
3296	0
3297	0
3298	0
3299	0
3300	0
3301	0
3302	0
3303	0
3304	0
3305	0
3306	0
3307	0
3308	0
3309	1
3310	0
3311	0
3312	0
3313	0
3314	0
3315	0
3316	0
3317	0
3318	0
3319	0
3320	0
3321	0
3322	0
3323	0
3324	0
3325	0
3326	0
3327	0
3328	1
3329	0
3330	0
3331	0
3332	0
3333	0
3334	0
3335	0
3336	0
3337	0
3338	1
3339	0
3340	0
3341	0
3342	0
3343	0
3344	0
3345	0
3346	0
3347	0
3348	0
3349	0
3350	0
3351	0
3352	0
3353	1
3354	0
3355	0
3356	0
3357	0
3358	0
3359	0
3360	0
3361	0
3362	0
3363	0
3364	0
3365	0
3366	0
3367	0
3368	0
3369	0
3370	0
3371	0
3372	0
3373	0
3374	0
3375	0
3376	0
3377	0
3378	0
3379	0
3380	1
3381	0
3382	0
3383	0
3384	0
3385	0
3386	0
3387	0
3388	0
3389	0
3390	0
3391	0
3392	0
3393	0
3394	0
3395	0
3396	0
3397	0
3398	0
3399	0
3400	0
3401	0
3402	1
3403	0
3404	0
3405	0
3406	0
3407	0
3408	1
3409	0
3410	0
3411	0
3412	0
3413	0
3414	0
3415	0
3416	0
3417	0
3418	0
3419	0
3420	0
3421	0
3422	0
3423	0
3424	0
3425	0
3426	0
3427	0
3428	0
3429	0
3430	0
3431	0
3432	0
3433	0
3434	0
3435	0
3436	0
3437	0
3438	0
3439	1
3440	0
3441	0
3442	0
3443	0
3444	0
3445	0
3446	0
3447	0
3448	0
3449	0
3450	0
3451	0
3452	0
3453	0
3454	0
3455	0
3456	0
3457	0
3458	0
3459	1
3460	0
3461	0
3462	0
3463	0
3464	0
3465	0
3466	0
3467	0
3468	0
3469	0
3470	0
3471	0
3472	0
3473	0
3474	0
3475	0
3476	0
3477	0
3478	0
3479	0
3480	0
3481	0
3482	0
3483	0
3484	1
3485	0
3486	0
3487	0
3488	0
3489	0
3490	0
3491	0
3492	0
3493	0
3494	1
3495	0
3496	0
3497	0
3498	0
3499	0
3500	0
3501	0
3502	0
3503	0
3504	0
3505	1
3506	0
3507	1
3508	0
3509	0
3510	0
3511	0
3512	0
3513	0
3514	0
3515	0
3516	0
3517	0
3518	0
3519	0
3520	0
3521	0
3522	0
3523	0
3524	0
3525	1
3526	0
3527	0
3528	0
3529	0
3530	0
3531	0
3532	0
3533	0
3534	0
3535	0
3536	0
3537	0
3538	0
3539	1
3540	0
3541	0
3542	0
3543	0
3544	0
3545	1
3546	0
3547	1
3548	1
3549	0
3550	0
3551	0
3552	1
3553	0
3554	0
3555	0
3556	2
3557	0
3558	0
3559	0
3560	0
3561	0
3562	0
3563	0
3564	0
3565	1
3566	0
3567	0
3568	0
3569	0
3570	0
3571	1
3572	1
3573	1
3574	0
3575	0
3576	0
3577	0
3578	0
3579	0
3580	0
3581	1
3582	0
3583	1
3584	0
3585	1
3586	0
3587	0
3588	1
3589	1
3590	0
3591	1
3592	0
3593	0
3594	0
3595	0
3596	0
3597	0
3598	0
3599	0
3600	0
3601	1
3602	1
3603	1
3604	1
3605	0
3606	1
3607	0
3608	1
3609	0
3610	0
3611	0
3612	0
3613	1
3614	0
3615	0
3616	1
3617	0
3618	0
3619	0
3620	0
3621	0
3622	0
3623	2
3624	0
3625	0
3626	1
3627	1
3628	1
3629	2
3630	0
3631	0
3632	0
3633	0
3634	1
3635	0
3636	1
3637	0
3638	0
3639	3
3640	0
3641	1
3642	1
3643	0
3644	0
3645	0
3646	0
3647	0
3648	2
3649	0
3650	1
3651	0
3652	0
3653	0
3654	2
3655	1
3656	1
3657	1
3658	0
3659	1
3660	0
3661	0
3662	1
3663	0
3664	0
3665	3
3666	0
3667	0
3668	2
3669	1
3670	5
3671	0
3672	0
3673	1
3674	0
3675	0
3676	1
3677	1
3678	1
3679	0
3680	0
3681	2
3682	0
3683	2
3684	1
3685	0
3686	0
3687	1
3688	1
3689	1
3690	2
3691	1
3692	1
3693	0
3694	3
3695	1
3696	0
3697	0
3698	1
3699	0
3700	1
3701	1
3702	3
3703	2
3704	2
3705	0
3706	1
3707	2
3708	0
3709	3
3710	0
3711	3
3712	2
3713	1
3714	1
3715	0
3716	4
3717	0
3718	0
3719	4
3720	1
3721	0
3722	2
3723	4
3724	4
3725	5
3726	2
3727	2
3728	1
3729	1
3730	2
3731	1
3732	1
3733	2
3734	0
3735	2
3736	4
3737	2
3738	1
3739	2
3740	1
3741	0
3742	4
3743	1
3744	3
3745	3
3746	3
3747	3
3748	2
3749	2
3750	4
3751	3
3752	2
3753	3
3754	3
3755	2
3756	3
3757	5
3758	3
3759	2
3760	0
3761	6
3762	2
3763	3
3764	4
3765	4
3766	6
3767	1
3768	1
3769	2
3770	5
3771	5
3772	3
3773	3
3774	0
3775	5
3776	3
3777	4
3778	0
3779	5
3780	5
3781	11
3782	4
3783	4
3784	5
3785	6
3786	3
3787	6
3788	2
3789	4
3790	3
3791	3
3792	4
3793	4
3794	6
3795	5
3796	7
3797	8
3798	6
3799	7
3800	7
3801	5
3802	11
3803	4
3804	7
3805	5
3806	4
3807	8
3808	7
3809	5
3810	6
3811	6
3812	7
3813	11
3814	11
3815	9
3816	2
3817	8
3818	10
3819	8
3820	16
3821	8
3822	2
3823	7
3824	14
3825	8
3826	10
3827	16
3828	8
3829	13
3830	7
3831	14
3832	13
3833	12
3834	10
3835	12
3836	8
3837	9
3838	10
3839	13
3840	9
3841	12
3842	18
3843	10
3844	7
3845	10
3846	17
3847	16
3848	13
3849	16
3850	12
3851	13
3852	17
3853	10
3854	13
3855	12
3856	24
3857	23
3858	15
3859	18
3860	21
3861	20
3862	13
3863	18
3864	11
3865	17
3866	26
3867	20
3868	23
3869	29
3870	12
3871	30
3872	16
3873	22
3874	26
3875	23
3876	21
3877	26
3878	19
3879	25
3880	28
3881	25
3882	20
3883	19
3884	24
3885	26
3886	32
3887	31
3888	22
3889	31
3890	30
3891	28
3892	34
3893	20
3894	34
3895	27
3896	37
3897	39
3898	34
3899	18
3900	28
3901	29
3902	34
3903	34
3904	36
3905	25
3906	36
3907	32
3908	33
3909	31
3910	36
3911	44
3912	44
3913	37
3914	44
3915	33
3916	54
3917	35
3918	46
3919	38
3920	35
3921	50
3922	41
3923	50
3924	39
3925	46
3926	54
3927	39
3928	48
3929	58
3930	60
3931	45
3932	54
3933	53
3934	37
3935	46
3936	60
3937	56
3938	55
3939	47
3940	49
3941	56
3942	62
3943	74
3944	66
3945	52
3946	54
3947	73
3948	63
3949	66
3950	64
3951	55
3952	53
3953	59
3954	72
3955	69
3956	62
3957	73
3958	60
3959	70
3960	65
3961	70
3962	76
3963	71
3964	79
3965	76
3966	90
3967	73
3968	82
3969	71
3970	75
3971	79
3972	87
3973	83
3974	76
3975	90
3976	108
3977	74
3978	83
3979	84
3980	102
3981	76
3982	92
3983	89
3984	87
3985	89
3986	79
3987	86
3988	96
3989	105
3990	95
3991	115
3992	104
3993	81
3994	101
3995	114
3996	112
3997	85
3998	110
3999	103
4000	107
4001	124
4002	115
4003	121
4004	95
4005	118
4006	118
4007	108
4008	104
4009	113
4010	112
4011	113
4012	125
4013	119
4014	110
4015	127
4016	105
4017	107
4018	128
4019	120
4020	103
4021	128
4022	118
4023	129
4024	114
4025	124
4026	131
4027	121
4028	121
4029	119
4030	116
4031	111
4032	123
4033	119
4034	120
4035	139
4036	144
4037	115
4038	147
4039	127
4040	126
4041	138
4042	126
4043	134
4044	113
4045	132
4046	121
4047	140
4048	129
4049	136
4050	138
4051	135
4052	138
4053	120
4054	141
4055	122
4056	119
4057	133
4058	135
4059	151
4060	96
4061	122
4062	120
4063	137
4064	136
4065	151
4066	133
4067	121
4068	123
4069	134
4070	116
4071	119
4072	133
4073	121
4074	126
4075	115
4076	128
4077	106
4078	122
4079	123
4080	130
4081	109
4082	123
4083	99
4084	101
4085	132
4086	104
4087	107
4088	123
4089	108
4090	104
4091	116
4092	106
4093	127
4094	111
4095	99
4096	110
4097	106
4098	102
4099	109
4100	121
4101	101
4102	106
4103	97
4104	107
4105	94
4106	113
4107	109
4108	90
4109	99
4110	105
4111	99
4112	100
4113	78
4114	91
4115	114
4116	61
4117	85
4118	92
4119	82
4120	110
4121	73
4122	89
4123	90
4124	75
4125	69
4126	79
4127	84
4128	65
4129	94
4130	67
4131	74
4132	78
4133	76
4134	83
4135	67
4136	66
4137	60
4138	70
4139	46
4140	61
4141	74
4142	66
4143	40
4144	73
4145	56
4146	57
4147	50
4148	63
4149	60
4150	52
4151	47
4152	46
4153	55
4154	51
4155	49
4156	44
4157	42
4158	45
4159	48
4160	47
4161	45
4162	38
4163	41
4164	36
4165	44
4166	34
4167	36
4168	39
4169	25
4170	43
4171	31
4172	31
4173	38
4174	29
4175	28
4176	33
4177	24
4178	34
4179	30
4180	33
4181	31
4182	27
4183	24
4184	27
4185	30
4186	34
4187	30
4188	20
4189	16
4190	26
4191	23
4192	18
4193	22
4194	17
4195	20
4196	14
4197	21
4198	19
4199	14
4200	17
4201	21
4202	15
4203	15
4204	6
4205	7
4206	13
4207	14
4208	9
4209	20
4210	10
4211	11
4212	11
4213	13
4214	10
4215	7
4216	13
4217	7
4218	7
4219	10
4220	6
4221	10
4222	9
4223	3
4224	12
4225	3
4226	8
4227	7
4228	5
4229	3
4230	7
4231	9
4232	8
4233	9
4234	5
4235	4
4236	5
4237	7
4238	4
4239	5
4240	7
4241	6
4242	8
4243	9
4244	4
4245	3
4246	3
4247	0
4248	8
4249	1
4250	4
4251	2
4252	2
4253	3
4254	4
4255	3
4256	3
4257	3
4258	1
4259	1
4260	2
4261	5
4262	5
4263	3
4264	1
4265	3
4266	6
4267	3
4268	0
4269	0
4270	2
4271	2
4272	1
4273	3
4274	3
4275	4
4276	2
4277	0
4278	2
4279	2
4280	1
4281	2
4282	0
4283	1
4284	1
4285	0
4286	1
4287	1
4288	1
4289	1
4290	0
4291	0
4292	1
4293	2
4294	0
4295	1
4296	0
4297	1
4298	0
4299	2
4300	1
4301	1
4302	1
4303	0
4304	1
4305	1
4306	2
4307	0
4308	0
4309	0
4310	0
4311	3
4312	1
4313	1
4314	0
4315	1
4316	0
4317	3
4318	0
4319	0
4320	0
4321	0
4322	0
4323	0
4324	1
4325	2
4326	0
4327	1
4328	0
4329	1
4330	1
4331	0
4332	0
4333	0
4334	1
4335	0
4336	1
4337	0
4338	1
4339	2
4340	0
4341	0
4342	0
4343	1
4344	0
4345	1
4346	1
4347	2
4348	0
4349	1
4350	1
4351	1
4352	0
4353	0
4354	2
4355	1
4356	1
4357	3
4358	0
4359	0
4360	1
4361	0
4362	1
4363	0
4364	0
4365	0
4366	0
4367	0
4368	0
4369	0
4370	1
4371	0
4372	0
4373	0
4374	0
4375	0
4376	1
4377	0
4378	0
4379	1
4380	1
4381	0
4382	0
4383	0
4384	0
4385	0
4386	0
4387	0
4388	0
4389	0
4390	0
4391	1
4392	1
4393	0
4394	0
4395	0
4396	0
4397	0
4398	1
4399	0
4400	0
4401	0
4402	0
4403	0
4404	0
4405	1
4406	1
4407	1
4408	0
4409	0
4410	1
4411	0
4412	0
4413	0
4414	0
4415	0
4416	0
4417	1
4418	1
4419	0
4420	0
4421	0
4422	0
4423	0
4424	0
4425	0
4426	1
4427	0
4428	0
4429	0
4430	0
4431	0
4432	0
4433	0
4434	0
4435	0
4436	0
4437	0
4438	0
4439	0
4440	0
4441	0
4442	0
4443	0
4444	2
4445	0
4446	0
4447	0
4448	0
4449	0
4450	1
4451	0
4452	0
4453	0
4454	0
4455	0
4456	0
4457	0
4458	0
4459	0
4460	0
4461	0
4462	0
4463	1
4464	0
4465	0
4466	0
4467	0
4468	0
4469	0
4470	0
4471	0
4472	0
4473	1
4474	0
4475	0
4476	0
4477	0
4478	1
4479	0
4480	0
4481	0
4482	0
4483	0
4484	0
4485	0
4486	0
4487	0
4488	0
4489	0
4490	0
4491	0
4492	0
4493	0
4494	0
4495	1
4496	0
4497	0
4498	0
4499	0
4500	1
4501	1
4502	0
4503	0
4504	0
4505	0
4506	0
4507	0
4508	0
4509	0
4510	0
4511	0
4512	0
4513	0
4514	0
4515	0
4516	0
4517	0
4518	0
4519	0
4520	0
4521	0
4522	0
4523	0
4524	1
4525	0
4526	0
4527	0
4528	0
4529	0
4530	0
4531	0
4532	0
4533	0
4534	1
4535	0
4536	0
4537	0
4538	0
4539	1
4540	0
4541	0
4542	0
4543	0
4544	1
4545	0
4546	0
4547	0
4548	0
4549	1
4550	0
4551	0
4552	0
4553	0
4554	0
4555	0
4556	0
4557	0
4558	0
4559	0
4560	0
4561	1
4562	0
4563	0
4564	0
4565	0
4566	0
4567	0
4568	0
4569	1
4570	0
4571	0
4572	0
4573	0
4574	0
4575	0
4576	0
4577	0
4578	0
4579	0
4580	0
4581	0
4582	0
4583	0
4584	0
4585	0
4586	0
4587	0
4588	0
4589	0
4590	0
4591	0
4592	0
4593	0
4594	0
4595	0
4596	0
4597	0
4598	0
4599	0
4600	0
4601	0
4602	0
4603	0
4604	0
4605	0
4606	0
4607	1
4608	0
4609	0
4610	1
4611	0
4612	1
4613	0
4614	0
4615	0
4616	0
4617	1
4618	0
4619	0
4620	0
4621	0
4622	0
4623	0
4624	0
4625	1
4626	0
4627	0
4628	0
4629	1
4630	1
4631	0
4632	1
4633	0
4634	0
4635	0
4636	0
4637	0
4638	1
4639	0
4640	0
4641	0
4642	0
4643	0
4644	1
4645	0
4646	0
4647	0
4648	0
4649	0
4650	0
4651	0
4652	0
4653	0
4654	0
4655	0
4656	0
4657	0
4658	0
4659	0
4660	0
4661	0
4662	0
4663	0
4664	0
4665	0
4666	0
4667	0
4668	0
4669	0
4670	0
4671	0
4672	0
4673	0
4674	0
4675	0
4676	0
4677	0
4678	0
4679	0
4680	0
4681	0
4682	0
4683	0
4684	0
4685	0
4686	0
4687	0
4688	0
4689	0
4690	0
4691	0
4692	0
4693	1
4694	0
4695	0
4696	0
4697	0
4698	0
4699	0
4700	0
4701	0
4702	0
4703	0
4704	0
4705	0
4706	0
4707	0
4708	0
4709	0
4710	0
4711	0
4712	0
4713	0
4714	0
4715	0
4716	0
4717	0
4718	0
4719	0
4720	0
4721	0
4722	0
4723	0
4724	1
4725	0
4726	0
4727	0
4728	0
4729	1
4730	0
4731	0
4732	0
4733	0
4734	1
4735	0
4736	0
4737	0
4738	0
4739	0
4740	0
4741	1
4742	0
4743	1
4744	0
4745	0
4746	0
4747	0
4748	0
4749	1
4750	0
4751	0
4752	0
4753	0
4754	0
4755	1
4756	1
4757	0
4758	0
4759	1
4760	0
4761	0
4762	0
4763	0
4764	1
4765	0
4766	0
4767	0
4768	0
4769	1
4770	0
4771	0
4772	0
4773	0
4774	1
4775	0
4776	0
4777	0
4778	0
4779	0
4780	0
4781	0
4782	0
4783	0
4784	0
4785	0
4786	0
4787	0
4788	1
4789	0
4790	0
4791	0
4792	0
4793	0
4794	0
4795	0
4796	0
4797	0
4798	0
4799	1
4800	0
4801	0
4802	0
4803	0
4804	0
4805	0
4806	0
4807	0
4808	0
4809	0
4810	0
4811	0
4812	0
4813	0
4814	0
4815	0
4816	0
4817	1
4818	0
4819	0
4820	0
4821	0
4822	1
4823	0
4824	0
4825	0
4826	0
4827	0
4828	0
4829	0
4830	1
4831	0
4832	0
4833	0
4834	0
4835	0
4836	0
4837	0
4838	0
4839	0
4840	0
4841	0
4842	0
4843	0
4844	0
4845	0
4846	0
4847	0
4848	0
4849	0
4850	1
4851	0
4852	0
4853	1
4854	0
4855	0
4856	0
4857	0
4858	1
4859	0
4860	0
4861	0
4862	0
4863	0
4864	0
4865	0
4866	0
4867	1
4868	1
4869	0
4870	1
4871	0
4872	0
4873	0
4874	0
4875	0
4876	0
4877	0
4878	0
4879	1
4880	0
4881	0
4882	0
4883	3
4884	2
4885	2
4886	1
4887	1
4888	1
4889	0
4890	0
4891	2
4892	1
4893	0
4894	0
4895	0
4896	0
4897	1
4898	1
4899	1
4900	0
4901	0
4902	1
4903	0
4904	2
4905	0
4906	1
4907	0
4908	1
4909	0
4910	0
4911	0
4912	1
4913	1
4914	1
4915	2
4916	3
4917	1
4918	0
4919	0
4920	0
4921	1
4922	1
4923	2
4924	1
4925	0
4926	2
4927	2
4928	2
4929	0
4930	0
4931	1
4932	0
4933	1
4934	2
4935	0
4936	1
4937	2
4938	2
4939	2
4940	0
4941	0
4942	2
4943	2
4944	1
4945	1
4946	2
4947	0
4948	1
4949	2
4950	0
4951	1
4952	1
4953	1
4954	1
4955	1
4956	6
4957	1
4958	1
4959	2
4960	1
4961	0
4962	1
4963	1
4964	1
4965	0
4966	0
4967	2
4968	3
4969	0
4970	1
4971	1
4972	4
4973	2
4974	2
4975	6
4976	2
4977	4
4978	1
4979	3
4980	1
4981	2
4982	0
4983	0
4984	1
4985	3
4986	2
4987	2
4988	2
4989	1
4990	2
4991	2
4992	2
4993	2
4994	2
4995	3
4996	3
4997	0
4998	3
4999	2
5000	1
5001	3
5002	2
5003	0
5004	4
5005	7
5006	4
5007	2
5008	3
5009	4
5010	1
5011	5
5012	2
5013	6
5014	3
5015	3
5016	2
5017	4
5018	4
5019	3
5020	3
5021	0
5022	4
5023	2
5024	8
5025	5
5026	2
5027	3
5028	6
5029	5
5030	10
5031	3
5032	1
5033	4
5034	8
5035	10
5036	9
5037	8
5038	5
5039	5
5040	4
5041	7
5042	6
5043	6
5044	2
5045	10
5046	7
5047	6
5048	4
5049	6
5050	5
5051	6
5052	6
5053	9
5054	4
5055	8
5056	7
5057	5
5058	4
5059	12
5060	6
5061	7
5062	4
5063	13
5064	10
5065	13
5066	7
5067	7
5068	14
5069	7
5070	6
5071	7
5072	7
5073	6
5074	14
5075	9
5076	20
5077	10
5078	12
5079	11
5080	12
5081	7
5082	6
5083	8
5084	10
5085	11
5086	10
5087	15
5088	9
5089	7
5090	10
5091	17
5092	15
5093	8
5094	12
5095	13
5096	9
5097	11
5098	8
5099	13
5100	13
5101	14
5102	11
5103	11
5104	9
5105	13
5106	14
5107	19
5108	21
5109	16
5110	21
5111	16
5112	21
5113	15
5114	14
5115	21
5116	14
5117	20
5118	18
5119	15
5120	26
5121	21
5122	34
5123	14
5124	15
5125	19
5126	16
5127	30
5128	28
5129	22
5130	26
5131	36
5132	28
5133	26
5134	21
5135	21
5136	23
5137	31
5138	21
5139	26
5140	21
5141	34
5142	27
5143	31
5144	32
5145	17
5146	22
5147	30
5148	31
5149	24
5150	30
5151	24
5152	34
5153	33
5154	40
5155	33
5156	34
5157	32
5158	32
5159	33
5160	28
5161	47
5162	30
5163	45
5164	42
5165	37
5166	39
5167	34
5168	39
5169	35
5170	37
5171	36
5172	43
5173	50
5174	46
5175	37
5176	39
5177	41
5178	57
5179	49
5180	53
5181	43
5182	48
5183	51
5184	45
5185	64
5186	40
5187	50
5188	61
5189	56
5190	61
5191	53
5192	65
5193	60
5194	68
5195	49
5196	60
5197	75
5198	60
5199	61
5200	73
5201	49
5202	62
5203	71
5204	71
5205	62
5206	76
5207	59
5208	66
5209	76
5210	69
5211	77
5212	75
5213	62
5214	75
5215	82
5216	75
5217	84
5218	89
5219	80
5220	66
5221	77
5222	76
5223	77
5224	91
5225	94
5226	83
5227	95
5228	90
5229	83
5230	87
5231	81
5232	91
5233	91
5234	90
5235	90
5236	88
5237	83
5238	99
5239	84
5240	95
5241	94
5242	105
5243	99
5244	84
5245	112
5246	106
5247	101
5248	112
5249	114
5250	100
5251	109
5252	115
5253	112
5254	134
5255	110
5256	94
5257	130
5258	109
5259	109
5260	105
5261	113
5262	116
5263	129
5264	99
5265	119
5266	120
5267	118
5268	112
5269	103
5270	113
5271	138
5272	117
5273	113
5274	143
5275	127
5276	124
5277	107
5278	134
5279	120
5280	132
5281	113
5282	122
5283	126
5284	140
5285	142
5286	147
5287	127
5288	136
5289	126
5290	118
5291	144
5292	127
5293	126
5294	125
5295	154
5296	146
5297	139
5298	133
5299	143
5300	160
5301	161
5302	145
5303	139
5304	119
5305	151
5306	157
5307	138
5308	133
5309	162
5310	129
5311	120
5312	137
5313	128
5314	153
5315	149
5316	126
5317	118
5318	129
5319	136
5320	153
5321	130
5322	153
5323	133
5324	122
5325	157
5326	151
5327	135
5328	132
5329	126
5330	129
5331	149
5332	123
5333	118
5334	136
5335	155
5336	121
5337	113
5338	124
5339	129
5340	124
5341	122
5342	136
5343	140
5344	103
5345	134
5346	106
5347	139
5348	130
5349	128
5350	104
5351	120
5352	113
5353	125
5354	108
5355	110
5356	120
5357	139
5358	109
5359	115
5360	125
5361	107
5362	106
5363	105
5364	102
5365	104
5366	109
5367	103
5368	116
5369	106
5370	108
5371	92
5372	98
5373	96
5374	91
5375	98
5376	88
5377	119
5378	90
5379	85
5380	91
5381	89
5382	94
5383	77
5384	73
5385	92
5386	104
5387	67
5388	82
5389	74
5390	92
5391	90
5392	75
5393	76
5394	69
5395	68
5396	61
5397	76
5398	60
5399	63
5400	74
5401	82
5402	61
5403	60
5404	63
5405	46
5406	67
5407	55
5408	73
5409	59
5410	56
5411	70
5412	50
5413	62
5414	44
5415	51
5416	51
5417	40
5418	46
5419	59
5420	39
5421	41
5422	43
5423	58
5424	39
5425	44
5426	41
5427	42
5428	29
5429	32
5430	33
5431	41
5432	41
5433	25
5434	38
5435	41
5436	30
5437	36
5438	37
5439	32
5440	32
5441	39
5442	23
5443	20
5444	33
5445	23
5446	22
5447	22
5448	23
5449	23
5450	21
5451	22
5452	22
5453	21
5454	19
5455	17
5456	19
5457	16
5458	16
5459	18
5460	16
5461	22
5462	16
5463	13
5464	13
5465	13
5466	14
5467	17
5468	16
5469	13
5470	12
5471	13
5472	13
5473	16
5474	10
5475	16
5476	12
5477	5
5478	12
5479	8
5480	8
5481	13
5482	8
5483	13
5484	11
5485	5
5486	5
5487	8
5488	7
5489	4
5490	8
5491	10
5492	14
5493	7
5494	12
5495	5
5496	7
5497	3
5498	4
5499	9
5500	3
5501	9
5502	2
5503	3
5504	1
5505	6
5506	6
5507	1
5508	4
5509	1
5510	2
5511	4
5512	2
5513	6
5514	6
5515	1
5516	2
5517	1
5518	1
5519	5
5520	3
5521	0
5522	1
5523	2
5524	3
5525	2
5526	0
5527	3
5528	2
5529	3
5530	2
5531	2
5532	1
5533	3
5534	0
5535	3
5536	2
5537	1
5538	2
5539	1
5540	0
5541	0
5542	2
5543	3
5544	1
5545	1
5546	0
5547	1
5548	0
5549	0
5550	1
5551	2
5552	1
5553	0
5554	0
5555	0
5556	0
5557	2
5558	0
5559	2
5560	0
5561	1
5562	0
5563	0
5564	1
5565	3
5566	0
5567	3
5568	0
5569	1
5570	0
5571	0
5572	0
5573	0
5574	0
5575	0
5576	0
5577	1
5578	1
5579	0
5580	1
5581	1
5582	1
5583	0
5584	2
5585	0
5586	0
5587	2
5588	0
5589	0
5590	0
5591	0
5592	0
5593	0
5594	0
5595	1
5596	1
5597	1
5598	0
5599	2
5600	1
5601	0
5602	0
5603	1
5604	0
5605	1
5606	0
5607	0
5608	0
5609	0
5610	1
5611	1
5612	1
5613	0
5614	0
5615	0
5616	0
5617	0
5618	1
5619	2
5620	0
5621	0
5622	0
5623	0
5624	0
5625	0
5626	0
5627	0
5628	2
5629	0
5630	1
5631	0
5632	1
5633	0
5634	0
5635	0
5636	0
5637	0
5638	1
5639	1
5640	0
5641	0
5642	3
5643	0
5644	0
5645	0
5646	0
5647	1
5648	0
5649	0
5650	0
5651	0
5652	0
5653	0
5654	0
5655	0
5656	0
5657	0
5658	1
5659	1
5660	0
5661	1
5662	2
5663	0
5664	0
5665	0
5666	0
5667	0
5668	0
5669	0
5670	0
5671	0
5672	0
5673	0
5674	0
5675	0
5676	0
5677	0
5678	0
5679	0
5680	1
5681	0
5682	0
5683	0
5684	1
5685	0
5686	0
5687	0
5688	0
5689	0
5690	0
5691	0
5692	0
5693	0
5694	0
5695	0
5696	0
5697	1
5698	0
5699	0
5700	0
5701	0
5702	0
5703	0
5704	1
5705	0
5706	0
5707	0
5708	0
5709	0
5710	0
5711	0
5712	0
5713	0
5714	0
5715	0
5716	0
5717	0
5718	0
5719	0
5720	1
5721	0
5722	0
5723	0
5724	0
5725	0
5726	0
5727	0
5728	0
5729	0
5730	0
5731	0
5732	0
5733	1
5734	1
5735	0
5736	0
5737	0
5738	0
5739	0
5740	0
5741	0
5742	0
5743	1
5744	0
5745	1
5746	0
5747	0
5748	0
5749	0
5750	0
5751	0
5752	0
5753	0
5754	0
5755	0
5756	0
5757	0
5758	0
5759	0
5760	1
5761	0
5762	0
5763	0
5764	0
5765	0
5766	0
5767	0
5768	0
5769	0
5770	0
5771	1
5772	0
5773	0
5774	0
5775	0
5776	0
5777	0
5778	0
5779	0
5780	0
5781	1
5782	0
5783	0
5784	0
5785	0
5786	0
5787	0
5788	0
5789	0
5790	0
5791	0
5792	0
5793	0
5794	0
5795	0
5796	0
5797	0
5798	0
5799	0
5800	0
5801	0
5802	0
5803	0
5804	0
5805	0
5806	0
5807	0
5808	0
5809	0
5810	1
5811	0
5812	0
5813	0
5814	0
5815	0
5816	1
5817	1
5818	0
5819	0
5820	0
5821	0
5822	0
5823	1
5824	0
5825	0
5826	0
5827	0
5828	0
5829	1
5830	0
5831	0
5832	0
5833	1
5834	0
5835	0
5836	0
5837	0
5838	0
5839	0
5840	0
5841	0
5842	0
5843	0
5844	0
5845	0
5846	0
5847	0
5848	0
5849	1
5850	0
5851	0
5852	1
5853	1
5854	0
5855	0
5856	0
5857	0
5858	0
5859	1
5860	0
5861	0
5862	0
5863	0
5864	0
5865	0
5866	1
5867	0
5868	0
5869	0
5870	0
5871	1
5872	0
5873	0
5874	0
5875	0
5876	0
5877	0
5878	0
5879	0
5880	0
5881	0
5882	0
5883	0
5884	0
5885	0
5886	0
5887	1
5888	0
5889	0
5890	1
5891	1
5892	0
5893	0
5894	0
5895	0
5896	0
5897	0
5898	0
5899	1
5900	0
5901	0
5902	0
5903	0
5904	0
5905	0
5906	1
5907	0
5908	0
5909	0
5910	0
5911	0
5912	0
5913	0
5914	0
5915	0
5916	1
5917	0
5918	0
5919	0
5920	0
5921	0
5922	0
5923	0
5924	0
5925	0
5926	0
5927	0
5928	0
5929	0
5930	0
5931	0
5932	0
5933	1
5934	0
5935	0
5936	0
5937	0
5938	0
5939	0
5940	0
5941	0
5942	1
5943	0
5944	0
5945	0
5946	0
5947	0
5948	0
5949	1
5950	0
5951	0
5952	0
5953	0
5954	0
5955	0
5956	0
5957	0
5958	0
5959	0
5960	0
5961	0
5962	0
5963	1
5964	0
5965	0
5966	0
5967	0
5968	1
5969	1
5970	0
5971	0
5972	0
5973	0
5974	0
5975	0
5976	0
5977	0
5978	1
5979	0
5980	0
5981	0
5982	0
5983	0
5984	0
5985	1
5986	0
5987	0
5988	0
5989	1
5990	0
5991	0
5992	0
5993	0
5994	0
5995	0
5996	0
5997	0
5998	0
5999	1
6000	0
6001	0
6002	0
6003	0
6004	0
6005	0
6006	0
6007	0
6008	0
6009	1
6010	0
6011	0
6012	0
6013	0
6014	0
6015	0
6016	0
6017	0
6018	0
6019	0
6020	0
6021	0
6022	0
6023	0
6024	0
6025	1
6026	0
6027	0
6028	0
6029	0
6030	0
6031	0
6032	0
6033	0
6034	0
6035	0
6036	1
6037	0
6038	0
6039	0
6040	0
6041	0
6042	0
6043	0
6044	0
6045	0
6046	0
6047	1
6048	0
6049	0
6050	0
6051	0
6052	0
6053	0
6054	1
6055	2
6056	0
6057	0
6058	0
6059	0
6060	0
6061	1
6062	0
6063	0
6064	0
6065	1
6066	0
6067	0
6068	0
6069	1
6070	0
6071	0
6072	0
6073	1
6074	0
6075	0
6076	0
6077	0
6078	1
6079	0
6080	4
6081	0
6082	1
6083	0
6084	0
6085	0
6086	0
6087	0
6088	0
6089	2
6090	0
6091	0
6092	0
6093	0
6094	2
6095	0
6096	1
6097	0
6098	0
6099	2
6100	0
6101	0
6102	2
6103	0
6104	0
6105	2
6106	1
6107	0
6108	0
6109	0
6110	0
6111	0
6112	0
6113	1
6114	0
6115	0
6116	0
6117	0
6118	0
6119	0
6120	2
6121	1
6122	0
6123	1
6124	1
6125	0
6126	0
6127	0
6128	0
6129	0
6130	1
6131	0
6132	1
6133	0
6134	0
6135	1
6136	0
6137	1
6138	0
6139	0
6140	1
6141	0
6142	0
6143	0
6144	0
6145	2
6146	1
6147	0
6148	3
6149	1
6150	1
6151	1
6152	1
6153	0
6154	2
6155	4
6156	2
6157	0
6158	0
6159	0
6160	1
6161	0
6162	0
6163	0
6164	1
6165	0
6166	0
6167	1
6168	2
6169	2
6170	1
6171	1
6172	1
6173	1
6174	1
6175	0
6176	1
6177	0
6178	1
6179	0
6180	1
6181	0
6182	0
6183	0
6184	1
6185	1
6186	1
6187	1
6188	1
6189	0
6190	0
6191	0
6192	2
6193	2
6194	1
6195	1
6196	0
6197	1
6198	0
6199	0
6200	1
6201	0
6202	1
6203	1
6204	0
6205	1
6206	1
6207	1
6208	1
6209	1
6210	0
6211	1
6212	1
6213	2
6214	2
6215	1
6216	0
6217	1
6218	0
6219	1
6220	1
6221	0
6222	2
6223	0
6224	1
6225	1
6226	1
6227	3
6228	0
6229	3
6230	1
6231	2
6232	0
6233	5
6234	3
6235	0
6236	0
6237	1
6238	1
6239	0
6240	0
6241	3
6242	3
6243	2
6244	1
6245	1
6246	3
6247	2
6248	1
6249	5
6250	2
6251	2
6252	3
6253	3
6254	1
6255	4
6256	1
6257	0
6258	1
6259	0
6260	5
6261	3
6262	1
6263	2
6264	3
6265	2
6266	0
6267	1
6268	3
6269	0
6270	5
6271	4
6272	1
6273	4
6274	3
6275	2
6276	5
6277	3
6278	2
6279	3
6280	1
6281	3
6282	0
6283	5
6284	8
6285	4
6286	4
6287	2
6288	2
6289	3
6290	2
6291	8
6292	3
6293	2
6294	3
6295	3
6296	5
6297	4
6298	7
6299	6
6300	5
6301	4
6302	8
6303	7
6304	3
6305	2
6306	2
6307	8
6308	4
6309	4
6310	6
6311	9
6312	4
6313	8
6314	7
6315	3
6316	2
6317	5
6318	9
6319	4
6320	4
6321	9
6322	8
6323	5
6324	3
6325	6
6326	5
6327	7
6328	6
6329	11
6330	9
6331	7
6332	15
6333	7
6334	9
6335	5
6336	14
6337	8
6338	7
6339	11
6340	9
6341	12
6342	11
6343	11
6344	11
6345	7
6346	7
6347	17
6348	12
6349	8
6350	9
6351	15
6352	12
6353	13
6354	7
6355	9
6356	12
6357	11
6358	14
6359	11
6360	7
6361	9
6362	10
6363	10
6364	10
6365	11
6366	17
6367	17
6368	18
6369	15
6370	19
6371	25
6372	9
6373	14
6374	9
6375	19
6376	17
6377	21
6378	15
6379	18
6380	24
6381	22
6382	15
6383	19
6384	24
6385	18
6386	20
6387	22
6388	24
6389	20
6390	24
6391	26
6392	24
6393	24
6394	34
6395	24
6396	19
6397	32
6398	29
6399	24
6400	28
6401	21
6402	23
6403	22
6404	24
6405	28
6406	24
6407	29
6408	32
6409	25
6410	27
6411	36
6412	22
6413	26
6414	33
6415	36
6416	36
6417	33
6418	45
6419	31
6420	39
6421	32
6422	43
6423	33
6424	32
6425	42
6426	42
6427	32
6428	39
6429	37
6430	43
6431	30
6432	43
6433	54
6434	36
6435	44
6436	46
6437	56
6438	51
6439	37
6440	54
6441	49
6442	31
6443	38
6444	51
6445	57
6446	33
6447	61
6448	44
6449	49
6450	43
6451	46
6452	62
6453	33
6454	55
6455	65
6456	54
6457	62
6458	52
6459	57
6460	55
6461	54
6462	70
6463	79
6464	63
6465	62
6466	74
6467	55
6468	57
6469	75
6470	54
6471	69
6472	76
6473	57
6474	62
6475	69
6476	70
6477	67
6478	74
6479	78
6480	80
6481	85
6482	77
6483	57
6484	73
6485	88
6486	87
6487	81
6488	93
6489	94
6490	96
6491	87
6492	90
6493	87
6494	83
6495	95
6496	91
6497	87
6498	96
6499	105
6500	99
6501	91
6502	96
6503	91
6504	104
6505	90
6506	98
6507	91
6508	107
6509	116
6510	84
6511	87
6512	97
6513	102
6514	118
6515	108
6516	108
6517	111
6518	112
6519	125
6520	104
6521	100
6522	121
6523	121
6524	114
6525	111
6526	101
6527	106
6528	125
6529	122
6530	108
6531	134
6532	110
6533	131
6534	120
6535	109
6536	115
6537	119
6538	118
6539	118
6540	133
6541	122
6542	114
6543	137
6544	136
6545	135
6546	137
6547	141
6548	155
6549	139
6550	120
6551	127
6552	139
6553	125
6554	143
6555	132
6556	140
6557	120
6558	144
6559	148
6560	148
6561	121
6562	134
6563	136
6564	131
6565	131
6566	132
6567	115
6568	155
6569	148
6570	126
6571	142
6572	159
6573	133
6574	133
6575	124
6576	145
6577	140
6578	127
6579	118
6580	141
6581	117
6582	124
6583	126
6584	151
6585	140
6586	122
6587	135
6588	128
6589	141
6590	138
6591	125
6592	147
6593	133
6594	110
6595	139
6596	142
6597	130
6598	128
6599	148
6600	120
6601	143
6602	128
6603	122
6604	125
6605	144
6606	128
6607	126
6608	144
6609	118
6610	100
6611	112
6612	113
6613	103
6614	140
6615	132
6616	120
6617	132
6618	115
6619	125
6620	102
6621	105
6622	121
6623	94
6624	111
6625	103
6626	99
6627	115
6628	97
6629	108
6630	104
6631	118
6632	111
6633	114
6634	109
6635	107
6636	80
6637	95
6638	96
6639	106
6640	90
6641	81
6642	98
6643	100
6644	84
6645	95
6646	74
6647	95
6648	103
6649	98
6650	84
6651	90
6652	92
6653	75
6654	75
6655	82
6656	83
6657	60
6658	86
6659	82
6660	76
6661	76
6662	82
6663	75
6664	71
6665	52
6666	82
6667	73
6668	58
6669	65
6670	65
6671	64
6672	47
6673	63
6674	62
6675	44
6676	51
6677	57
6678	52
6679	56
6680	42
6681	49
6682	61
6683	39
6684	46
6685	43
6686	43
6687	33
6688	40
6689	43
6690	42
6691	38
6692	26
6693	19
6694	25
6695	41
6696	31
6697	31
6698	40
6699	39
6700	25
6701	30
6702	29
6703	30
6704	25
6705	31
6706	18
6707	33
6708	33
6709	28
6710	31
6711	18
6712	23
6713	19
6714	19
6715	20
6716	16
6717	22
6718	19
6719	26
6720	17
6721	12
6722	24
6723	17
6724	20
6725	21
6726	22
6727	22
6728	16
6729	15
6730	13
6731	15
6732	18
6733	9
6734	19
6735	10
6736	11
6737	10
6738	8
6739	11
6740	11
6741	11
6742	6
6743	8
6744	7
6745	10
6746	8
6747	10
6748	11
6749	6
6750	9
6751	5
6752	7
6753	7
6754	1
6755	7
6756	10
6757	3
6758	6
6759	7
6760	3
6761	4
6762	5
6763	0
6764	5
6765	3
6766	4
6767	1
6768	4
6769	7
6770	5
6771	6
6772	5
6773	6
6774	1
6775	6
6776	0
6777	5
6778	4
6779	4
6780	4
6781	3
6782	2
6783	4
6784	2
6785	3
6786	0
6787	1
6788	1
6789	2
6790	2
6791	2
6792	4
6793	3
6794	1
6795	2
6796	1
6797	2
6798	4
6799	2
6800	3
6801	1
6802	2
6803	1
6804	1
6805	2
6806	3
6807	3
6808	1
6809	0
6810	1
6811	0
6812	1
6813	2
6814	1
6815	1
6816	0
6817	0
6818	0
6819	2
6820	0
6821	1
6822	3
6823	0
6824	4
6825	0
6826	3
6827	0
6828	1
6829	2
6830	0
6831	1
6832	3
6833	1
6834	1
6835	1
6836	1
6837	0
6838	2
6839	1
6840	2
6841	0
6842	1
6843	1
6844	0
6845	1
6846	1
6847	1
6848	0
6849	0
6850	1
6851	1
6852	0
6853	0
6854	0
6855	0
6856	1
6857	0
6858	0
6859	1
6860	0
6861	0
6862	0
6863	0
6864	0
6865	0
6866	1
6867	0
6868	0
6869	0
6870	1
6871	0
6872	0
6873	0
6874	0
6875	0
6876	0
6877	0
6878	1
6879	0
6880	0
6881	0
6882	0
6883	0
6884	0
6885	0
6886	0
6887	0
6888	0
6889	0
6890	0
6891	0
6892	0
6893	0
6894	0
6895	1
6896	0
6897	0
6898	0
6899	0
6900	1
6901	0
6902	0
6903	0
6904	1
6905	1
6906	0
6907	0
6908	0
6909	0
6910	0
6911	0
6912	0
6913	1
6914	1
6915	0
6916	1
6917	0
6918	0
6919	0
6920	0
6921	0
6922	0
6923	0
6924	0
6925	1
6926	0
6927	1
6928	0
6929	0
6930	0
6931	0
6932	0
6933	0
6934	0
6935	0
6936	1
6937	0
6938	0
6939	0
6940	1
6941	0
6942	0
6943	0
6944	0
6945	0
6946	0
6947	0
6948	1
6949	0
6950	0
6951	0
6952	0
6953	0
6954	0
6955	1
6956	0
6957	0
6958	0
6959	0
6960	0
6961	0
6962	0
6963	0
6964	0
6965	0
6966	1
6967	0
6968	0
6969	0
6970	0
6971	0
6972	0
6973	0
6974	0
6975	0
6976	1
6977	0
6978	0
6979	0
6980	0
6981	0
6982	0
6983	0
6984	0
6985	0
6986	2
6987	0
6988	0
6989	0
6990	0
6991	0
6992	0
6993	0
6994	0
6995	0
6996	0
6997	1
6998	0
6999	0
7000	0
7001	0
7002	0
7003	0
7004	0
7005	1
7006	1
7007	0
7008	0
7009	0
7010	0
7011	0
7012	0
7013	0
7014	0
7015	0
7016	0
7017	1
7018	0
7019	1
7020	0
7021	0
7022	0
7023	0
7024	0
7025	0
7026	0
7027	0
7028	0
7029	0
7030	0
7031	0
7032	0
7033	0
7034	0
7035	1
7036	1
7037	0
7038	0
7039	0
7040	0
7041	0
7042	0
7043	1
7044	0
7045	0
7046	1
7047	1
7048	0
7049	0
7050	0
7051	0
7052	0
7053	0
7054	0
7055	0
7056	1
7057	0
7058	0
7059	0
7060	0
7061	0
7062	0
7063	0
7064	0
7065	0
7066	0
7067	0
7068	0
7069	0
7070	0
7071	0
7072	0
7073	0
7074	0
7075	0
7076	0
7077	0
7078	0
7079	0
7080	0
7081	0
7082	0
7083	0
7084	0
7085	0
7086	0
7087	0
7088	0
7089	0
7090	0
7091	0
7092	0
7093	0
7094	0
7095	0
7096	0
7097	0
7098	0
7099	0
7100	0
7101	0
7102	0
7103	0
7104	0
7105	0
7106	0
7107	0
7108	0
7109	0
7110	0
7111	0
7112	0
7113	0
7114	1
7115	0
7116	0
7117	0
7118	0
7119	0
7120	0
7121	0
7122	0
7123	0
7124	0
7125	1
7126	0
7127	0
7128	0
7129	0
7130	0
7131	0
7132	0
7133	0
7134	0
7135	0
7136	0
7137	0
7138	0
7139	0
7140	1
7141	0
7142	0
7143	0
7144	0
7145	0
7146	0
7147	0
7148	0
7149	0
7150	0
7151	0
7152	0
7153	0
7154	0
7155	0
7156	0
7157	0
7158	0
7159	0
7160	0
7161	0
7162	0
7163	0
7164	0
7165	0
7166	0
7167	0
7168	0
7169	0
7170	1
7171	0
7172	0
7173	0
7174	0
7175	0
7176	0
7177	0
7178	0
7179	0
7180	0
7181	0
7182	0
7183	0
7184	0
7185	0
7186	0
7187	0
7188	0
7189	0
7190	0
7191	0
7192	0
7193	0
7194	0
7195	0
7196	0
7197	0
7198	0
7199	0
7200	0
7201	0
7202	0
7203	0
7204	0
7205	0
7206	0
7207	0
7208	0
7209	0
7210	0
7211	0
7212	0
7213	0
7214	0
7215	0
7216	0
7217	0
7218	0
7219	0
7220	0
7221	0
7222	0
7223	0
7224	0
7225	0
7226	0
7227	0
7228	0
7229	0
7230	0
7231	0
7232	0
7233	0
7234	0
7235	0
7236	0
7237	0
7238	0
7239	0
7240	0
7241	0
7242	0
7243	0
7244	0
7245	0
7246	0
7247	0
7248	0
7249	0
7250	0
7251	0
7252	0
7253	0
7254	0
7255	0
7256	0
7257	0
7258	0
7259	0
7260	1
7261	0
7262	0
7263	0
7264	0
7265	0
7266	0
7267	0
7268	0
7269	0
7270	0
7271	0
7272	0
7273	0
7274	1
7275	0
7276	0
7277	0
7278	0
7279	0
7280	0
7281	0
7282	0
7283	0
7284	0
7285	0
7286	0
7287	0
7288	0
7289	0
7290	0
7291	0
7292	0
7293	0
7294	0
7295	0
7296	0
7297	0
7298	0
7299	0
7300	0
7301	0
7302	0
7303	0
7304	0
7305	0
7306	0
7307	0
7308	0
7309	0
7310	0
7311	0
7312	0
7313	0
7314	0
7315	0
7316	0
7317	0
7318	0
7319	0
7320	0
7321	0
7322	0
7323	0
7324	0
7325	0
7326	0
7327	0
7328	0
7329	0
7330	0
7331	0
7332	0
7333	0
7334	0
7335	0
7336	0
7337	0
7338	0
7339	0
7340	0
7341	0
7342	0
7343	0
7344	0
7345	0
7346	0
7347	0
7348	0
7349	0
7350	0
7351	0
7352	0
7353	0
7354	0
7355	0
7356	0
7357	0
7358	0
7359	0
7360	0
7361	0
7362	0
7363	0
7364	0
7365	0
7366	0
7367	0
7368	0
7369	0
7370	0
7371	0
7372	0
7373	0
7374	0
7375	0
7376	0
7377	0
7378	0
7379	0
7380	0
7381	0
7382	0
7383	0
7384	0
7385	0
7386	0
7387	0
7388	0
7389	0
7390	0
7391	0
7392	0
7393	0
7394	0
7395	0
7396	0
7397	0
7398	0
7399	0
7400	0
7401	0
7402	0
7403	0
7404	0
7405	0
7406	0
7407	0
7408	0
7409	0
7410	0
7411	0
7412	0
7413	0
7414	0
7415	0
7416	0
7417	0
7418	0
7419	0
7420	0
7421	0
7422	0
7423	0
7424	0
7425	0
7426	0
7427	0
7428	0
7429	0
7430	0
7431	0
7432	0
7433	0
7434	0
7435	0
7436	0
7437	0
7438	0
7439	0
7440	0
7441	0
7442	0
7443	0
7444	0
7445	0
7446	0
7447	0
7448	0
7449	0
7450	0
7451	0
7452	0
7453	0
7454	0
7455	0
7456	0
7457	0
7458	0
7459	0
7460	0
7461	0
7462	0
7463	0
7464	0
7465	0
7466	0
7467	0
7468	0
7469	0
7470	0
7471	0
7472	0
7473	0
7474	0
7475	0
7476	0
7477	0
7478	0
7479	0
7480	0
7481	0
7482	0
7483	0
7484	0
7485	0
7486	0
7487	0
7488	0
7489	0
7490	0
7491	0
7492	0
7493	0
7494	0
7495	0
7496	0
7497	0
7498	0
7499	0
7500	0
7501	0
7502	0
7503	0
7504	0
7505	0
7506	0
7507	0
7508	0
7509	0
7510	0
7511	0
7512	0
7513	0
7514	0
7515	0
7516	0
7517	0
7518	0
7519	0
7520	0
7521	0
7522	0
7523	0
7524	0
7525	0
7526	0
7527	0
7528	0
7529	0
7530	0
7531	0
7532	0
7533	0
7534	0
7535	0
7536	0
7537	0
7538	0
7539	0
7540	0
7541	0
7542	0
7543	0
7544	0
7545	0
7546	0
7547	0
7548	0
7549	0
7550	0
7551	0
7552	0
7553	0
7554	0
7555	0
7556	0
7557	0
7558	0
7559	0
7560	0
7561	0
7562	0
7563	0
7564	0
7565	0
7566	0
7567	0
7568	0
7569	0
7570	0
7571	0
7572	0
7573	0
7574	0
7575	0
7576	0
7577	0
7578	0
7579	0
7580	0
7581	0
7582	0
7583	0
7584	0
7585	0
7586	0
7587	0
7588	0
7589	0
7590	0
7591	0
7592	0
7593	0
7594	0
7595	0
7596	0
7597	0
7598	0
7599	0
7600	0
7601	0
7602	0
7603	0
7604	0
7605	0
7606	0
7607	0
7608	0
7609	0
7610	0
7611	0
7612	0
7613	0
7614	0
7615	0
7616	0
7617	0
7618	0
7619	0
7620	0
7621	0
7622	0
7623	0
7624	0
7625	0
7626	0
7627	0
7628	0
7629	0
7630	0
7631	0
7632	0
7633	0
7634	0
7635	0
7636	0
7637	1
7638	0
7639	0
7640	0
7641	0
7642	0
7643	0
7644	0
7645	0
7646	0
7647	0
7648	0
7649	0
7650	0
7651	0
7652	0
7653	0
7654	0
7655	0
7656	0
7657	0
7658	0
7659	0
7660	0
7661	0
7662	0
7663	0
7664	0
7665	0
7666	0
7667	0
7668	0
7669	0
7670	0
7671	0
7672	0
7673	0
7674	0
7675	0
7676	0
7677	0
7678	0
7679	0
7680	0
7681	0
7682	0
7683	0
7684	0
7685	0
7686	0
7687	0
7688	0
7689	0
7690	0
7691	0
7692	0
7693	0
7694	0
7695	0
7696	0
7697	0
7698	0
7699	0
7700	0
7701	0
7702	0
7703	0
7704	0
7705	0
7706	0
7707	0
7708	0
7709	0
7710	0
7711	0
7712	0
7713	0
7714	0
7715	0
7716	0
7717	0
7718	0
7719	0
7720	0
7721	0
7722	0
7723	0
7724	0
7725	0
7726	0
7727	0
7728	0
7729	0
7730	0
7731	0
7732	0
7733	0
7734	0
7735	0
7736	0
7737	0
7738	0
7739	0
7740	0
7741	0
7742	0
7743	0
7744	0
7745	0
7746	0
7747	0
7748	0
7749	0
7750	0
7751	0
7752	0
7753	0
7754	0
7755	0
7756	0
7757	0
7758	0
7759	0
7760	0
7761	0
7762	0
7763	0
7764	0
7765	0
7766	0
7767	0
7768	0
7769	0
7770	0
7771	0
7772	0
7773	0
7774	0
7775	0
7776	0
7777	0
7778	0
7779	0
7780	0
7781	0
7782	0
7783	0
7784	0
7785	0
7786	0
7787	0
7788	0
7789	0
7790	0
7791	0
7792	0
7793	0
7794	0
7795	0
7796	0
7797	0
7798	0
7799	0
7800	0
7801	0
7802	0
7803	0
7804	0
7805	0
7806	0
7807	0
7808	0
7809	0
7810	0
7811	0
7812	0
7813	0
7814	0
7815	0
7816	0
7817	0
7818	0
7819	0
7820	0
7821	0
7822	0
7823	0
7824	0
7825	0
7826	0
7827	0
7828	0
7829	0
7830	0
7831	0
7832	0
7833	0
7834	0
7835	0
7836	0
7837	0
7838	0
7839	0
7840	0
7841	0
7842	0
7843	0
7844	0
7845	0
7846	0
7847	0
7848	0
7849	0
7850	0
7851	0
7852	0
7853	0
7854	0
7855	0
7856	0
7857	0
7858	0
7859	0
7860	0
7861	0
7862	0
7863	0
7864	0
7865	0
7866	0
7867	0
7868	0
7869	0
7870	0
7871	0
7872	0
7873	0
7874	0
7875	0
7876	0
7877	0
7878	0
7879	0
7880	0
7881	0
7882	0
7883	0
7884	0
7885	0
7886	0
7887	0
7888	0
7889	0
7890	0
7891	0
7892	0
7893	0
7894	0
7895	0
7896	0
7897	0
7898	0
7899	0
7900	0
7901	0
7902	0
7903	0
7904	0
7905	0
7906	0
7907	0
7908	0
7909	0
7910	0
7911	0
7912	0
7913	0
7914	0
7915	0
7916	0
7917	0
7918	0
7919	0
7920	0
7921	0
7922	0
7923	0
7924	0
7925	0
7926	0
7927	0
7928	0
7929	0
7930	0
7931	0
7932	0
7933	0
7934	0
7935	0
7936	0
7937	0
7938	0
7939	0
7940	0
7941	0
7942	0
7943	0
7944	0
7945	0
7946	0
7947	0
7948	0
7949	0
7950	0
7951	0
7952	0
7953	0
7954	0
7955	0
7956	0
7957	0
7958	0
7959	0
7960	0
7961	0
7962	0
7963	0
7964	0
7965	0
7966	0
7967	0
7968	0
7969	0
7970	0
7971	0
7972	0
7973	0
7974	0
7975	0
7976	0
7977	0
7978	0
7979	0
7980	0
7981	0
7982	0
7983	0
7984	0
7985	0
7986	0
7987	0
7988	0
7989	0
7990	0
7991	0
7992	0
7993	0
7994	0
7995	0
7996	0
7997	0
7998	0
7999	0
8000	0
8001	0
8002	0
8003	0
8004	0
8005	0
8006	0
8007	0
8008	0
8009	0
8010	0
8011	0
8012	0
8013	0
8014	0
8015	0
8016	0
8017	0
8018	0
8019	0
8020	0
8021	0
8022	0
8023	0
8024	0
8025	0
8026	0
8027	0
8028	0
8029	0
8030	0
8031	0
8032	0
8033	0
8034	0
8035	0
8036	0
8037	0
8038	0
8039	0
8040	0
8041	0
8042	0
8043	0
8044	0
8045	0
8046	0
8047	0
8048	0
8049	0
8050	0
8051	0
8052	0
8053	0
8054	0
8055	0
8056	0
8057	0
8058	0
8059	0
8060	0
8061	0
8062	0
8063	0
8064	0
8065	0
8066	0
8067	0
8068	0
8069	0
8070	0
8071	0
8072	0
8073	0
8074	0
8075	0
8076	0
8077	0
8078	0
8079	0
8080	0
8081	0
8082	0
8083	0
8084	0
8085	0
8086	0
8087	0
8088	0
8089	0
8090	0
8091	0
8092	0
8093	0
8094	0
8095	0
8096	0
8097	0
8098	0
8099	0
8100	0
8101	0
8102	0
8103	0
8104	0
8105	0
8106	0
8107	0
8108	0
8109	0
8110	0
8111	0
8112	0
8113	0
8114	0
8115	0
8116	0
8117	0
8118	0
8119	0
8120	0
8121	0
8122	0
8123	0
8124	0
8125	0
8126	0
8127	0
8128	0
8129	0
8130	0
8131	0
8132	0
8133	0
8134	0
8135	0
8136	0
8137	0
8138	0
8139	0
8140	0
8141	0
8142	0
8143	0
8144	0
8145	0
8146	0
8147	0
8148	0
8149	0
8150	0
8151	0
8152	0
8153	0
8154	0
8155	0
8156	0
8157	0
8158	0
8159	0
8160	0
8161	0
8162	0
8163	0
8164	0
8165	0
8166	0
8167	0
8168	0
8169	0
8170	0
8171	0
8172	0
8173	0
8174	0
8175	0
8176	0
8177	0
8178	0
8179	0
8180	0
8181	0
8182	0
8183	0
8184	0
8185	0
8186	0
8187	0
8188	0
8189	0
8190	0
8191	0
