# mess.schw.c1 mess.schw.c2 mon.schw.c1 mon.schw.c2 mess.count.c1 mess.count.c2 mon.count.c1 mon.count.c2 zeit
-.509   -.508   -.510   -.495   161489  10709   31743   7349    600
-.698   -.700   -.510   -.495   77022   8652    32321   7507    600
-.799   -.801   -.510   -.495   56702   7845    32305   7563    600.1
-.902   -.900   -.510   -.495   41286   7641    32339   7500    599.9
-1.002  -1.000  -.510   -.495   32664   7260    32147   7507    600
-1.101  -1.102  -.510   -.495   28332   7238    32679   7743    610.1
-1.200  -1.200  -.510   -.495   24380   6934    33507   7727    620.5
-1.400  -1.400  -.510   -.495   19630   6093    32461   7527    600.1
-1.599  -1.600  -.510   -.495   16710   5478    32237   7631    600
-1.801  -1.801  -.510   -.495   13969   4584    32564   7542    600
-1.998  -1.998  -.510   -.495   12307   4095    32675   7510    599.9
