0	0
1	0
2	3
3	14
4	12
5	80
6	104
7	188
8	231
9	187
10	146
11	80
12	37
13	10
14	2
15	0
16	0
17	0
18	0
19	0
20	0
21	0
22	0
23	0
24	0
25	0
26	0
27	0
28	0
29	0
30	0
31	0
32	0
33	0
34	0
35	0
36	0
37	0
38	0
39	0
40	0
41	0
42	0
43	0
44	0
45	0
46	0
47	0
48	0
49	0
50	0
51	0
52	0
53	0
54	0
55	0
56	0
57	0
58	0
59	0
60	0
61	0
62	0
63	0
64	0
65	0
66	0
67	0
68	0
69	0
70	0
71	0
72	0
73	0
74	0
75	0
76	0
77	0
78	0
79	0
80	0
81	0
82	0
83	0
84	0
85	0
86	0
87	1
88	1
89	1
90	1
91	1
92	0
93	0
94	0
95	1
96	0
97	0
98	1
99	0
100	2
101	0
102	0
103	2
104	1
105	2
106	2
107	4
108	0
109	3
110	3
111	2
112	7
113	1
114	4
115	2
116	2
117	1
118	3
119	2
120	2
121	0
122	3
123	3
124	3
125	2
126	6
127	3
128	1
129	0
130	1
131	4
132	1
133	1
134	6
135	2
136	3
137	1
138	1
139	7
140	2
141	1
142	1
143	4
144	5
145	3
146	6
147	6
148	5
149	5
150	3
151	3
152	0
153	1
154	6
155	4
156	2
157	4
158	4
159	4
160	3
161	3
162	4
163	6
164	4
165	4
166	2
167	3
168	8
169	5
170	13
171	5
172	7
173	8
174	6
175	7
176	5
177	7
178	6
179	7
180	4
181	7
182	7
183	8
184	5
185	7
186	8
187	10
188	7
189	6
190	7
191	8
192	6
193	6
194	8
195	7
196	8
197	11
198	2
199	10
200	10
201	9
202	12
203	10
204	15
205	13
206	9
207	12
208	7
209	16
210	8
211	13
212	10
213	8
214	10
215	13
216	9
217	5
218	10
219	8
220	11
221	12
222	12
223	22
224	15
225	11
226	14
227	13
228	10
229	14
230	11
231	8
232	8
233	13
234	17
235	10
236	9
237	14
238	14
239	8
240	16
241	15
242	19
243	17
244	12
245	17
246	10
247	23
248	14
249	23
250	12
251	17
252	15
253	13
254	17
255	13
256	12
257	19
258	19
259	10
260	17
261	8
262	21
263	23
264	20
265	21
266	19
267	19
268	18
269	21
270	25
271	25
272	17
273	13
274	11
275	20
276	22
277	16
278	25
279	17
280	16
281	30
282	26
283	25
284	22
285	21
286	15
287	17
288	26
289	17
290	19
291	21
292	24
293	11
294	26
295	20
296	25
297	26
298	26
299	34
300	24
301	23
302	21
303	20
304	26
305	26
306	26
307	19
308	29
309	20
310	22
311	17
312	31
313	14
314	26
315	33
316	27
317	24
318	28
319	22
320	23
321	25
322	26
323	20
324	28
325	29
326	33
327	21
328	18
329	22
330	14
331	24
332	35
333	25
334	31
335	20
336	35
337	20
338	18
339	31
340	31
341	24
342	20
343	22
344	28
345	29
346	24
347	23
348	28
349	32
350	35
351	30
352	24
353	25
354	20
355	23
356	21
357	26
358	23
359	37
360	31
361	25
362	30
363	27
364	23
365	34
366	26
367	31
368	26
369	26
370	20
371	28
372	18
373	25
374	29
375	24
376	24
377	28
378	29
379	31
380	24
381	34
382	26
383	29
384	26
385	24
386	33
387	22
388	30
389	37
390	28
391	32
392	22
393	23
394	22
395	21
396	26
397	16
398	29
399	24
400	35
401	32
402	32
403	21
404	28
405	23
406	19
407	21
408	18
409	26
410	25
411	22
412	23
413	14
414	21
415	26
416	27
417	22
418	26
419	15
420	25
421	18
422	25
423	17
424	19
425	27
426	17
427	24
428	16
429	18
430	23
431	26
432	21
433	17
434	22
435	29
436	20
437	25
438	23
439	16
440	18
441	17
442	22
443	30
444	24
445	23
446	15
447	17
448	27
449	18
450	21
451	24
452	23
453	19
454	27
455	21
456	24
457	28
458	19
459	16
460	23
461	12
462	20
463	17
464	23
465	24
466	26
467	17
468	21
469	20
470	24
471	16
472	17
473	13
474	13
475	13
476	21
477	20
478	20
479	14
480	15
481	16
482	15
483	17
484	27
485	15
486	21
487	16
488	11
489	13
490	24
491	14
492	19
493	17
494	13
495	17
496	15
497	19
498	16
499	17
500	20
501	21
502	14
503	19
504	16
505	18
506	15
507	14
508	19
509	16
510	15
511	24
512	14
513	7
514	23
515	21
516	7
517	16
518	10
519	15
520	14
521	15
522	11
523	17
524	14
525	18
526	17
527	12
528	14
529	15
530	21
531	17
532	13
533	18
534	19
535	22
536	14
537	14
538	15
539	17
540	9
541	18
542	3
543	11
544	15
545	14
546	8
547	18
548	11
549	6
550	11
551	15
552	17
553	11
554	12
555	9
556	7
557	13
558	7
559	12
560	18
561	9
562	10
563	7
564	11
565	12
566	9
567	12
568	16
569	13
570	11
571	9
572	6
573	8
574	16
575	13
576	6
577	14
578	7
579	15
580	11
581	18
582	12
583	13
584	12
585	9
586	9
587	12
588	15
589	8
590	11
591	10
592	9
593	16
594	16
595	13
596	5
597	6
598	13
599	8
600	5
601	15
602	13
603	11
604	13
605	6
606	10
607	10
608	10
609	13
610	13
611	20
612	7
613	15
614	10
615	10
616	8
617	18
618	11
619	10
620	15
621	14
622	11
623	7
624	9
625	13
626	8
627	15
628	14
629	4
630	7
631	6
632	5
633	10
634	13
635	9
636	7
637	7
638	11
639	8
640	10
641	14
642	9
643	7
644	11
645	14
646	14
647	11
648	10
649	11
650	10
651	10
652	11
653	2
654	12
655	8
656	13
657	8
658	7
659	9
660	9
661	4
662	10
663	5
664	11
665	6
666	7
667	6
668	10
669	10
670	10
671	14
672	6
673	7
674	8
675	6
676	11
677	5
678	5
679	5
680	10
681	3
682	9
683	6
684	7
685	5
686	5
687	6
688	7
689	8
690	12
691	8
692	9
693	4
694	11
695	8
696	4
697	5
698	7
699	6
700	4
701	12
702	11
703	8
704	2
705	8
706	6
707	4
708	4
709	8
710	7
711	8
712	4
713	6
714	6
715	5
716	7
717	2
718	1
719	8
720	3
721	5
722	4
723	4
724	2
725	5
726	3
727	4
728	6
729	5
730	3
731	3
732	6
733	5
734	4
735	5
736	5
737	5
738	6
739	6
740	5
741	7
742	8
743	4
744	6
745	2
746	7
747	5
748	7
749	6
750	4
751	5
752	2
753	4
754	2
755	4
756	3
757	1
758	3
759	4
760	4
761	4
762	1
763	2
764	1
765	0
766	3
767	4
768	5
769	1
770	1
771	0
772	5
773	2
774	1
775	3
776	1
777	4
778	2
779	3
780	0
781	3
782	3
783	3
784	1
785	4
786	1
787	2
788	1
789	3
790	1
791	2
792	2
793	3
794	1
795	0
796	3
797	4
798	2
799	3
800	3
801	3
802	4
803	1
804	2
805	2
806	3
807	3
808	1
809	2
810	3
811	2
812	2
813	2
814	1
815	1
816	2
817	0
818	5
819	5
820	0
821	4
822	1
823	1
824	1
825	1
826	2
827	4
828	0
829	0
830	0
831	0
832	0
833	0
834	0
835	0
836	0
837	0
838	0
839	0
840	0
841	0
842	0
843	0
844	0
845	0
846	0
847	0
848	0
849	0
850	0
851	0
852	0
853	0
854	0
855	0
856	0
857	0
858	0
859	0
860	0
861	0
862	0
863	0
864	0
865	0
866	0
867	0
868	0
869	0
870	0
871	0
872	0
873	0
874	0
875	0
876	0
877	0
878	0
879	0
880	0
881	0
882	0
883	0
884	0
885	0
886	0
887	0
888	0
889	0
890	0
891	0
892	0
893	0
894	0
895	0
896	0
897	0
898	0
899	0
900	0
901	0
902	0
903	0
904	0
905	0
906	0
907	0
908	0
909	0
910	0
911	0
912	0
913	0
914	0
915	0
916	0
917	0
918	0
919	0
920	0
921	0
922	0
923	0
924	0
925	0
926	0
927	0
928	0
929	0
930	0
931	0
932	0
933	0
934	0
935	0
936	0
937	0
938	0
939	0
940	0
941	0
942	0
943	0
944	0
945	0
946	0
947	0
948	0
949	0
950	0
951	0
952	0
953	0
954	0
955	0
956	0
957	0
958	0
959	0
960	0
961	0
962	0
963	0
964	0
965	0
966	0
967	0
968	0
969	0
970	0
971	0
972	0
973	0
974	0
975	0
976	0
977	0
978	0
979	0
980	0
981	0
982	0
983	0
984	0
985	0
986	0
987	0
988	0
989	0
990	0
991	0
992	0
993	0
994	0
995	0
996	0
997	0
998	0
999	0
1000	0
1001	0
1002	0
1003	0
1004	0
1005	0
1006	0
1007	0
1008	0
1009	0
1010	0
1011	0
1012	0
1013	0
1014	0
1015	0
1016	0
1017	0
1018	0
1019	0
1020	0
1021	0
1022	0
1023	0
